1,1,0,[1]
2,10,15,[6, 5, 481, 50, 12, 7, 483, 33, 14, 9]
3,10,15,[5, 481, 50, 12, 7, 483, 33, 14, 9, 6]
4,1,0,[4]
5,10,9,[481, 50, 12, 7, 483, 33, 14, 9, 6, 5]
6,10,9,[5, 481, 50, 12, 7, 483, 33, 14, 9, 6]
7,10,9,[483, 33, 14, 9, 6, 5, 481, 50, 12, 7]
8,10,10,[5, 481, 50, 12, 7, 483, 33, 14, 9, 6]
9,10,9,[6, 5, 481, 50, 12, 7, 483, 33, 14, 9]
10,10,10,[483, 33, 14, 9, 6, 5, 481, 50, 12, 7]
11,10,14,[12, 7, 483, 33, 14, 9, 6, 5, 481, 50]
12,10,9,[7, 483, 33, 14, 9, 6, 5, 481, 50, 12]
13,5,4,[489, 166, 85, 22, 13]
14,10,9,[9, 6, 5, 481, 50, 12, 7, 483, 33, 14]
15,10,11,[5, 481, 50, 12, 7, 483, 33, 14, 9, 6]
16,10,11,[5, 481, 50, 12, 7, 483, 33, 14, 9, 6]
17,10,14,[483, 33, 14, 9, 6, 5, 481, 50, 12, 7]
18,10,11,[5, 481, 50, 12, 7, 483, 33, 14, 9, 6]
19,5,6,[13, 489, 166, 85, 22]
20,10,10,[6, 5, 481, 50, 12, 7, 483, 33, 14, 9]
21,10,11,[483, 33, 14, 9, 6, 5, 481, 50, 12, 7]
22,5,4,[13, 489, 166, 85, 22]
23,10,15,[5, 481, 50, 12, 7, 483, 33, 14, 9, 6]
24,10,10,[6, 5, 481, 50, 12, 7, 483, 33, 14, 9]
25,10,11,[483, 33, 14, 9, 6, 5, 481, 50, 12, 7]
26,10,12,[5, 481, 50, 12, 7, 483, 33, 14, 9, 6]
27,10,10,[6, 5, 481, 50, 12, 7, 483, 33, 14, 9]
28,10,15,[12, 7, 483, 33, 14, 9, 6, 5, 481, 50]
29,10,15,[5, 481, 50, 12, 7, 483, 33, 14, 9, 6]
30,10,11,[483, 33, 14, 9, 6, 5, 481, 50, 12, 7]
31,10,17,[5, 481, 50, 12, 7, 483, 33, 14, 9, 6]
32,10,11,[483, 33, 14, 9, 6, 5, 481, 50, 12, 7]
33,10,9,[14, 9, 6, 5, 481, 50, 12, 7, 483, 33]
34,5,7,[13, 489, 166, 85, 22]
35,10,10,[7, 483, 33, 14, 9, 6, 5, 481, 50, 12]
36,10,11,[483, 33, 14, 9, 6, 5, 481, 50, 12, 7]
37,10,17,[12, 7, 483, 33, 14, 9, 6, 5, 481, 50]
38,10,12,[483, 33, 14, 9, 6, 5, 481, 50, 12, 7]
39,10,12,[5, 481, 50, 12, 7, 483, 33, 14, 9, 6]
40,10,15,[12, 7, 483, 33, 14, 9, 6, 5, 481, 50]
41,10,20,[5, 481, 50, 12, 7, 483, 33, 14, 9, 6]
42,10,10,[7, 483, 33, 14, 9, 6, 5, 481, 50, 12]
43,5,9,[13, 489, 166, 85, 22]
44,10,12,[5, 481, 50, 12, 7, 483, 33, 14, 9, 6]
45,10,15,[12, 7, 483, 33, 14, 9, 6, 5, 481, 50]
46,10,12,[483, 33, 14, 9, 6, 5, 481, 50, 12, 7]
47,10,15,[483, 33, 14, 9, 6, 5, 481, 50, 12, 7]
48,10,15,[12, 7, 483, 33, 14, 9, 6, 5, 481, 50]
49,10,10,[9, 6, 5, 481, 50, 12, 7, 483, 33, 14]
50,10,9,[12, 7, 483, 33, 14, 9, 6, 5, 481, 50]
51,10,11,[6, 5, 481, 50, 12, 7, 483, 33, 14, 9]
52,10,15,[483, 33, 14, 9, 6, 5, 481, 50, 12, 7]
53,10,14,[483, 33, 14, 9, 6, 5, 481, 50, 12, 7]
54,10,15,[12, 7, 483, 33, 14, 9, 6, 5, 481, 50]
55,10,12,[5, 481, 50, 12, 7, 483, 33, 14, 9, 6]
56,5,5,[489, 166, 85, 22, 13]
57,5,5,[13, 489, 166, 85, 22]
58,10,18,[5, 481, 50, 12, 7, 483, 33, 14, 9, 6]
59,10,14,[5, 481, 50, 12, 7, 483, 33, 14, 9, 6]
60,10,10,[7, 483, 33, 14, 9, 6, 5, 481, 50, 12]
61,5,7,[13, 489, 166, 85, 22]
62,10,10,[14, 9, 6, 5, 481, 50, 12, 7, 483, 33]
63,5,5,[489, 166, 85, 22, 13]
64,10,10,[7, 483, 33, 14, 9, 6, 5, 481, 50, 12]
65,10,12,[5, 481, 50, 12, 7, 483, 33, 14, 9, 6]
66,10,12,[5, 481, 50, 12, 7, 483, 33, 14, 9, 6]
67,10,18,[5, 481, 50, 12, 7, 483, 33, 14, 9, 6]
68,10,12,[483, 33, 14, 9, 6, 5, 481, 50, 12, 7]
69,10,13,[5, 481, 50, 12, 7, 483, 33, 14, 9, 6]
70,10,10,[9, 6, 5, 481, 50, 12, 7, 483, 33, 14]
71,10,18,[12, 7, 483, 33, 14, 9, 6, 5, 481, 50]
72,10,10,[7, 483, 33, 14, 9, 6, 5, 481, 50, 12]
73,10,20,[5, 481, 50, 12, 7, 483, 33, 14, 9, 6]
74,10,13,[5, 481, 50, 12, 7, 483, 33, 14, 9, 6]
75,5,5,[489, 166, 85, 22, 13]
76,10,16,[5, 481, 50, 12, 7, 483, 33, 14, 9, 6]
77,10,12,[5, 481, 50, 12, 7, 483, 33, 14, 9, 6]
78,10,12,[5, 481, 50, 12, 7, 483, 33, 14, 9, 6]
79,10,17,[12, 7, 483, 33, 14, 9, 6, 5, 481, 50]
80,5,5,[489, 166, 85, 22, 13]
81,10,10,[7, 483, 33, 14, 9, 6, 5, 481, 50, 12]
82,5,10,[13, 489, 166, 85, 22]
83,5,7,[489, 166, 85, 22, 13]
84,10,10,[9, 6, 5, 481, 50, 12, 7, 483, 33, 14]
85,5,4,[22, 13, 489, 166, 85]
86,10,16,[12, 7, 483, 33, 14, 9, 6, 5, 481, 50]
87,10,12,[483, 33, 14, 9, 6, 5, 481, 50, 12, 7]
88,10,15,[483, 33, 14, 9, 6, 5, 481, 50, 12, 7]
89,5,10,[13, 489, 166, 85, 22]
90,5,5,[489, 166, 85, 22, 13]
91,10,11,[6, 5, 481, 50, 12, 7, 483, 33, 14, 9]
92,10,11,[6, 5, 481, 50, 12, 7, 483, 33, 14, 9]
93,5,8,[13, 489, 166, 85, 22]
94,10,11,[9, 6, 5, 481, 50, 12, 7, 483, 33, 14]
95,10,11,[6, 5, 481, 50, 12, 7, 483, 33, 14, 9]
96,5,5,[489, 166, 85, 22, 13]
97,10,18,[483, 33, 14, 9, 6, 5, 481, 50, 12, 7]
98,10,12,[5, 481, 50, 12, 7, 483, 33, 14, 9, 6]
99,10,15,[483, 33, 14, 9, 6, 5, 481, 50, 12, 7]
100,10,10,[9, 6, 5, 481, 50, 12, 7, 483, 33, 14]
101,10,14,[483, 33, 14, 9, 6, 5, 481, 50, 12, 7]
102,5,5,[13, 489, 166, 85, 22]
103,10,14,[5, 481, 50, 12, 7, 483, 33, 14, 9, 6]
104,5,7,[13, 489, 166, 85, 22]
105,10,12,[5, 481, 50, 12, 7, 483, 33, 14, 9, 6]
106,10,13,[5, 481, 50, 12, 7, 483, 33, 14, 9, 6]
107,10,12,[7, 483, 33, 14, 9, 6, 5, 481, 50, 12]
108,5,5,[489, 166, 85, 22, 13]
109,10,12,[6, 5, 481, 50, 12, 7, 483, 33, 14, 9]
110,10,12,[5, 481, 50, 12, 7, 483, 33, 14, 9, 6]
111,10,16,[12, 7, 483, 33, 14, 9, 6, 5, 481, 50]
112,10,12,[5, 481, 50, 12, 7, 483, 33, 14, 9, 6]
113,10,11,[12, 7, 483, 33, 14, 9, 6, 5, 481, 50]
114,10,11,[6, 5, 481, 50, 12, 7, 483, 33, 14, 9]
115,10,16,[12, 7, 483, 33, 14, 9, 6, 5, 481, 50]
116,10,10,[14, 9, 6, 5, 481, 50, 12, 7, 483, 33]
117,5,7,[13, 489, 166, 85, 22]
118,5,8,[13, 489, 166, 85, 22]
119,10,11,[6, 5, 481, 50, 12, 7, 483, 33, 14, 9]
120,10,10,[9, 6, 5, 481, 50, 12, 7, 483, 33, 14]
121,5,5,[13, 489, 166, 85, 22]
122,5,6,[489, 166, 85, 22, 13]
123,10,13,[5, 481, 50, 12, 7, 483, 33, 14, 9, 6]
124,10,11,[7, 483, 33, 14, 9, 6, 5, 481, 50, 12]
125,10,12,[5, 481, 50, 12, 7, 483, 33, 14, 9, 6]
126,10,12,[5, 481, 50, 12, 7, 483, 33, 14, 9, 6]
127,10,22,[5, 481, 50, 12, 7, 483, 33, 14, 9, 6]
128,10,10,[9, 6, 5, 481, 50, 12, 7, 483, 33, 14]
129,10,13,[483, 33, 14, 9, 6, 5, 481, 50, 12, 7]
130,10,11,[6, 5, 481, 50, 12, 7, 483, 33, 14, 9]
131,10,23,[5, 481, 50, 12, 7, 483, 33, 14, 9, 6]
132,10,12,[5, 481, 50, 12, 7, 483, 33, 14, 9, 6]
133,10,13,[5, 481, 50, 12, 7, 483, 33, 14, 9, 6]
134,10,14,[5, 481, 50, 12, 7, 483, 33, 14, 9, 6]
135,10,10,[9, 6, 5, 481, 50, 12, 7, 483, 33, 14]
136,10,16,[5, 481, 50, 12, 7, 483, 33, 14, 9, 6]
137,10,18,[12, 7, 483, 33, 14, 9, 6, 5, 481, 50]
138,10,16,[12, 7, 483, 33, 14, 9, 6, 5, 481, 50]
139,10,12,[9, 6, 5, 481, 50, 12, 7, 483, 33, 14]
140,10,12,[5, 481, 50, 12, 7, 483, 33, 14, 9, 6]
141,10,10,[12, 7, 483, 33, 14, 9, 6, 5, 481, 50]
142,10,21,[5, 481, 50, 12, 7, 483, 33, 14, 9, 6]
143,10,11,[6, 5, 481, 50, 12, 7, 483, 33, 14, 9]
144,10,10,[9, 6, 5, 481, 50, 12, 7, 483, 33, 14]
145,5,8,[13, 489, 166, 85, 22]
146,5,6,[489, 166, 85, 22, 13]
147,10,15,[483, 33, 14, 9, 6, 5, 481, 50, 12, 7]
148,10,21,[5, 481, 50, 12, 7, 483, 33, 14, 9, 6]
149,10,12,[6, 5, 481, 50, 12, 7, 483, 33, 14, 9]
150,10,12,[5, 481, 50, 12, 7, 483, 33, 14, 9, 6]
151,10,11,[14, 9, 6, 5, 481, 50, 12, 7, 483, 33]
152,10,12,[483, 33, 14, 9, 6, 5, 481, 50, 12, 7]
153,10,16,[5, 481, 50, 12, 7, 483, 33, 14, 9, 6]
154,10,11,[6, 5, 481, 50, 12, 7, 483, 33, 14, 9]
155,10,12,[483, 33, 14, 9, 6, 5, 481, 50, 12, 7]
156,10,11,[6, 5, 481, 50, 12, 7, 483, 33, 14, 9]
157,10,15,[6, 5, 481, 50, 12, 7, 483, 33, 14, 9]
158,10,11,[7, 483, 33, 14, 9, 6, 5, 481, 50, 12]
159,5,6,[489, 166, 85, 22, 13]
160,10,12,[5, 481, 50, 12, 7, 483, 33, 14, 9, 6]
161,10,12,[483, 33, 14, 9, 6, 5, 481, 50, 12, 7]
162,10,10,[9, 6, 5, 481, 50, 12, 7, 483, 33, 14]
163,10,14,[5, 481, 50, 12, 7, 483, 33, 14, 9, 6]
164,10,16,[12, 7, 483, 33, 14, 9, 6, 5, 481, 50]
165,5,7,[13, 489, 166, 85, 22]
166,5,4,[85, 22, 13, 489, 166]
167,10,18,[483, 33, 14, 9, 6, 5, 481, 50, 12, 7]
168,10,12,[5, 481, 50, 12, 7, 483, 33, 14, 9, 6]
169,10,13,[5, 481, 50, 12, 7, 483, 33, 14, 9, 6]
170,10,11,[6, 5, 481, 50, 12, 7, 483, 33, 14, 9]
171,10,12,[483, 33, 14, 9, 6, 5, 481, 50, 12, 7]
172,10,16,[483, 33, 14, 9, 6, 5, 481, 50, 12, 7]
173,10,12,[9, 6, 5, 481, 50, 12, 7, 483, 33, 14]
174,5,8,[13, 489, 166, 85, 22]
175,10,15,[483, 33, 14, 9, 6, 5, 481, 50, 12, 7]
176,5,7,[13, 489, 166, 85, 22]
177,10,11,[14, 9, 6, 5, 481, 50, 12, 7, 483, 33]
178,10,12,[6, 5, 481, 50, 12, 7, 483, 33, 14, 9]
179,10,18,[5, 481, 50, 12, 7, 483, 33, 14, 9, 6]
180,10,12,[5, 481, 50, 12, 7, 483, 33, 14, 9, 6]
181,10,19,[12, 7, 483, 33, 14, 9, 6, 5, 481, 50]
182,5,5,[13, 489, 166, 85, 22]
183,10,11,[7, 483, 33, 14, 9, 6, 5, 481, 50, 12]
184,10,16,[5, 481, 50, 12, 7, 483, 33, 14, 9, 6]
185,10,11,[7, 483, 33, 14, 9, 6, 5, 481, 50, 12]
186,10,12,[483, 33, 14, 9, 6, 5, 481, 50, 12, 7]
187,10,16,[12, 7, 483, 33, 14, 9, 6, 5, 481, 50]
188,10,12,[6, 5, 481, 50, 12, 7, 483, 33, 14, 9]
189,10,12,[5, 481, 50, 12, 7, 483, 33, 14, 9, 6]
190,10,13,[5, 481, 50, 12, 7, 483, 33, 14, 9, 6]
191,10,17,[483, 33, 14, 9, 6, 5, 481, 50, 12, 7]
192,10,12,[5, 481, 50, 12, 7, 483, 33, 14, 9, 6]
193,10,19,[12, 7, 483, 33, 14, 9, 6, 5, 481, 50]
194,10,16,[483, 33, 14, 9, 6, 5, 481, 50, 12, 7]
195,10,12,[483, 33, 14, 9, 6, 5, 481, 50, 12, 7]
196,10,12,[5, 481, 50, 12, 7, 483, 33, 14, 9, 6]
197,10,16,[483, 33, 14, 9, 6, 5, 481, 50, 12, 7]
198,5,7,[13, 489, 166, 85, 22]
199,5,8,[13, 489, 166, 85, 22]
200,10,12,[5, 481, 50, 12, 7, 483, 33, 14, 9, 6]
