1  1  [1]
2  5  [13, 81, 12, 7, 75]
3  5  [75, 13, 81, 12, 7]
4  1  [4]
5  5  [13, 81, 12, 7, 75]
6  5  [75, 13, 81, 12, 7]
7  5  [13, 81, 12, 7, 75]
8  5  [7, 75, 13, 81, 12]
9  5  [7, 75, 13, 81, 12]
10  5  [75, 13, 81, 12, 7]
11  5  [81, 12, 7, 75, 13]
12  5  [75, 13, 81, 12, 7]
13  5  [12, 7, 75, 13, 81]
14  5  [12, 7, 75, 13, 81]
15  5  [12, 7, 75, 13, 81]
16  5  [12, 7, 75, 13, 81]
17  5  [75, 13, 81, 12, 7]
18  5  [12, 7, 75, 13, 81]
19  5  [81, 12, 7, 75, 13]
20  5  [12, 7, 75, 13, 81]
21  5  [7, 75, 13, 81, 12]
22  5  [81, 12, 7, 75, 13]
23  5  [13, 81, 12, 7, 75]
24  5  [12, 7, 75, 13, 81]
25  5  [7, 75, 13, 81, 12]
26  5  [81, 12, 7, 75, 13]
27  5  [12, 7, 75, 13, 81]
28  5  [13, 81, 12, 7, 75]
29  5  [7, 75, 13, 81, 12]
30  5  [7, 75, 13, 81, 12]
31  5  [12, 7, 75, 13, 81]
32  5  [7, 75, 13, 81, 12]
33  5  [81, 12, 7, 75, 13]
34  5  [13, 81, 12, 7, 75]
35  5  [7, 75, 13, 81, 12]
36  5  [7, 75, 13, 81, 12]
37  5  [13, 81, 12, 7, 75]
38  5  [12, 7, 75, 13, 81]
39  5  [81, 12, 7, 75, 13]
40  5  [13, 81, 12, 7, 75]
41  5  [12, 7, 75, 13, 81]
42  5  [7, 75, 13, 81, 12]
43  5  [7, 75, 13, 81, 12]
44  5  [81, 12, 7, 75, 13]
45  5  [13, 81, 12, 7, 75]
46  5  [12, 7, 75, 13, 81]
47  5  [7, 75, 13, 81, 12]
48  5  [13, 81, 12, 7, 75]
49  5  [81, 12, 7, 75, 13]
50  5  [7, 75, 13, 81, 12]
51  5  [81, 12, 7, 75, 13]
52  5  [7, 75, 13, 81, 12]
53  5  [75, 13, 81, 12, 7]
54  5  [13, 81, 12, 7, 75]
55  5  [81, 12, 7, 75, 13]
56  5  [81, 12, 7, 75, 13]
57  5  [13, 81, 12, 7, 75]
58  5  [81, 12, 7, 75, 13]
59  5  [13, 81, 12, 7, 75]
60  5  [7, 75, 13, 81, 12]
61  5  [13, 81, 12, 7, 75]
62  5  [13, 81, 12, 7, 75]
63  5  [81, 12, 7, 75, 13]
64  5  [7, 75, 13, 81, 12]
65  5  [81, 12, 7, 75, 13]
66  5  [81, 12, 7, 75, 13]
67  5  [13, 81, 12, 7, 75]
68  5  [12, 7, 75, 13, 81]
69  5  [13, 81, 12, 7, 75]
70  5  [81, 12, 7, 75, 13]
71  5  [13, 81, 12, 7, 75]
72  5  [7, 75, 13, 81, 12]
73  5  [81, 12, 7, 75, 13]
74  5  [13, 81, 12, 7, 75]
75  5  [81, 12, 7, 75, 13]
76  5  [75, 13, 81, 12, 7]
77  5  [81, 12, 7, 75, 13]
78  5  [81, 12, 7, 75, 13]
79  5  [12, 7, 75, 13, 81]
80  5  [81, 12, 7, 75, 13]
81  5  [7, 75, 13, 81, 12]
82  5  [12, 7, 75, 13, 81]
83  5  [81, 12, 7, 75, 13]
84  5  [81, 12, 7, 75, 13]
85  5  [13, 81, 12, 7, 75]
86  5  [75, 13, 81, 12, 7]
87  5  [12, 7, 75, 13, 81]
88  5  [7, 75, 13, 81, 12]
89  5  [75, 13, 81, 12, 7]
90  5  [81, 12, 7, 75, 13]
91  5  [81, 12, 7, 75, 13]
92  5  [81, 12, 7, 75, 13]
93  5  [75, 13, 81, 12, 7]
94  5  [13, 81, 12, 7, 75]
95  5  [81, 12, 7, 75, 13]
96  5  [81, 12, 7, 75, 13]
97  5  [75, 13, 81, 12, 7]
98  5  [81, 12, 7, 75, 13]
99  5  [7, 75, 13, 81, 12]
100  5  [81, 12, 7, 75, 13]
101  5  [75, 13, 81, 12, 7]
102  5  [13, 81, 12, 7, 75]
103  5  [81, 12, 7, 75, 13]
104  5  [13, 81, 12, 7, 75]
