1  1  0 [1]
2  12  6 [9, 6, 5, 89, 173, 257, 341, 42, 12, 7, 91, 20]
3  12  4 [7, 91, 20, 9, 6, 5, 89, 173, 257, 341, 42, 12]
4  1  0 [4]
5  12  0 [5, 89, 173, 257, 341, 42, 12, 7, 91, 20, 9, 6]
6  12  0 [6, 5, 89, 173, 257, 341, 42, 12, 7, 91, 20, 9]
7  12  0 [7, 91, 20, 9, 6, 5, 89, 173, 257, 341, 42, 12]
8  12  1 [6, 5, 89, 173, 257, 341, 42, 12, 7, 91, 20, 9]
9  12  0 [9, 6, 5, 89, 173, 257, 341, 42, 12, 7, 91, 20]
10  12  1 [7, 91, 20, 9, 6, 5, 89, 173, 257, 341, 42, 12]
11  12  3 [9, 6, 5, 89, 173, 257, 341, 42, 12, 7, 91, 20]
12  12  0 [12, 7, 91, 20, 9, 6, 5, 89, 173, 257, 341, 42]
13  12  11 [9, 6, 5, 89, 173, 257, 341, 42, 12, 7, 91, 20]
14  12  1 [9, 6, 5, 89, 173, 257, 341, 42, 12, 7, 91, 20]
15  12  2 [6, 5, 89, 173, 257, 341, 42, 12, 7, 91, 20, 9]
16  12  2 [6, 5, 89, 173, 257, 341, 42, 12, 7, 91, 20, 9]
17  12  3 [42, 12, 7, 91, 20, 9, 6, 5, 89, 173, 257, 341]
18  12  2 [6, 5, 89, 173, 257, 341, 42, 12, 7, 91, 20, 9]
19  12  7 [9, 6, 5, 89, 173, 257, 341, 42, 12, 7, 91, 20]
20  12  0 [20, 9, 6, 5, 89, 173, 257, 341, 42, 12, 7, 91]
21  12  2 [7, 91, 20, 9, 6, 5, 89, 173, 257, 341, 42, 12]
22  12  12 [9, 6, 5, 89, 173, 257, 341, 42, 12, 7, 91, 20]
23  12  6 [7, 91, 20, 9, 6, 5, 89, 173, 257, 341, 42, 12]
24  12  1 [9, 6, 5, 89, 173, 257, 341, 42, 12, 7, 91, 20]
25  12  2 [7, 91, 20, 9, 6, 5, 89, 173, 257, 341, 42, 12]
26  12  3 [6, 5, 89, 173, 257, 341, 42, 12, 7, 91, 20, 9]
27  12  1 [9, 6, 5, 89, 173, 257, 341, 42, 12, 7, 91, 20]
28  12  4 [9, 6, 5, 89, 173, 257, 341, 42, 12, 7, 91, 20]
29  12  8 [6, 5, 89, 173, 257, 341, 42, 12, 7, 91, 20, 9]
30  12  2 [7, 91, 20, 9, 6, 5, 89, 173, 257, 341, 42, 12]
31  12  6 [9, 6, 5, 89, 173, 257, 341, 42, 12, 7, 91, 20]
32  12  2 [7, 91, 20, 9, 6, 5, 89, 173, 257, 341, 42, 12]
33  12  2 [9, 6, 5, 89, 173, 257, 341, 42, 12, 7, 91, 20]
34  12  8 [9, 6, 5, 89, 173, 257, 341, 42, 12, 7, 91, 20]
35  12  1 [12, 7, 91, 20, 9, 6, 5, 89, 173, 257, 341, 42]
36  12  2 [7, 91, 20, 9, 6, 5, 89, 173, 257, 341, 42, 12]
37  12  14 [9, 6, 5, 89, 173, 257, 341, 42, 12, 7, 91, 20]
38  12  3 [7, 91, 20, 9, 6, 5, 89, 173, 257, 341, 42, 12]
39  12  3 [6, 5, 89, 173, 257, 341, 42, 12, 7, 91, 20, 9]
40  12  4 [9, 6, 5, 89, 173, 257, 341, 42, 12, 7, 91, 20]
41  12  4 [6, 5, 89, 173, 257, 341, 42, 12, 7, 91, 20, 9]
42  12  0 [42, 12, 7, 91, 20, 9, 6, 5, 89, 173, 257, 341]
43  12  5 [12, 7, 91, 20, 9, 6, 5, 89, 173, 257, 341, 42]
44  12  3 [6, 5, 89, 173, 257, 341, 42, 12, 7, 91, 20, 9]
45  12  4 [9, 6, 5, 89, 173, 257, 341, 42, 12, 7, 91, 20]
46  12  3 [7, 91, 20, 9, 6, 5, 89, 173, 257, 341, 42, 12]
47  12  7 [9, 6, 5, 89, 173, 257, 341, 42, 12, 7, 91, 20]
48  12  4 [9, 6, 5, 89, 173, 257, 341, 42, 12, 7, 91, 20]
49  12  2 [9, 6, 5, 89, 173, 257, 341, 42, 12, 7, 91, 20]
50  12  1 [12, 7, 91, 20, 9, 6, 5, 89, 173, 257, 341, 42]
51  12  1 [20, 9, 6, 5, 89, 173, 257, 341, 42, 12, 7, 91]
52  12  4 [42, 12, 7, 91, 20, 9, 6, 5, 89, 173, 257, 341]
53  12  5 [7, 91, 20, 9, 6, 5, 89, 173, 257, 341, 42, 12]
54  12  4 [9, 6, 5, 89, 173, 257, 341, 42, 12, 7, 91, 20]
55  12  3 [6, 5, 89, 173, 257, 341, 42, 12, 7, 91, 20, 9]
56  12  12 [9, 6, 5, 89, 173, 257, 341, 42, 12, 7, 91, 20]
57  12  13 [9, 6, 5, 89, 173, 257, 341, 42, 12, 7, 91, 20]
58  12  7 [9, 6, 5, 89, 173, 257, 341, 42, 12, 7, 91, 20]
59  12  3 [9, 6, 5, 89, 173, 257, 341, 42, 12, 7, 91, 20]
60  12  1 [12, 7, 91, 20, 9, 6, 5, 89, 173, 257, 341, 42]
61  12  10 [9, 6, 5, 89, 173, 257, 341, 42, 12, 7, 91, 20]
62  12  3 [9, 6, 5, 89, 173, 257, 341, 42, 12, 7, 91, 20]
63  12  12 [9, 6, 5, 89, 173, 257, 341, 42, 12, 7, 91, 20]
64  12  1 [12, 7, 91, 20, 9, 6, 5, 89, 173, 257, 341, 42]
65  12  3 [6, 5, 89, 173, 257, 341, 42, 12, 7, 91, 20, 9]
66  12  3 [6, 5, 89, 173, 257, 341, 42, 12, 7, 91, 20, 9]
67  12  7 [42, 12, 7, 91, 20, 9, 6, 5, 89, 173, 257, 341]
68  12  3 [7, 91, 20, 9, 6, 5, 89, 173, 257, 341, 42, 12]
69  12  4 [6, 5, 89, 173, 257, 341, 42, 12, 7, 91, 20, 9]
70  12  2 [9, 6, 5, 89, 173, 257, 341, 42, 12, 7, 91, 20]
71  12  4 [7, 91, 20, 9, 6, 5, 89, 173, 257, 341, 42, 12]
72  12  1 [12, 7, 91, 20, 9, 6, 5, 89, 173, 257, 341, 42]
73  12  10 [7, 91, 20, 9, 6, 5, 89, 173, 257, 341, 42, 12]
74  12  4 [6, 5, 89, 173, 257, 341, 42, 12, 7, 91, 20, 9]
75  12  12 [9, 6, 5, 89, 173, 257, 341, 42, 12, 7, 91, 20]
76  12  7 [7, 91, 20, 9, 6, 5, 89, 173, 257, 341, 42, 12]
77  12  3 [6, 5, 89, 173, 257, 341, 42, 12, 7, 91, 20, 9]
78  12  3 [6, 5, 89, 173, 257, 341, 42, 12, 7, 91, 20, 9]
79  12  5 [7, 91, 20, 9, 6, 5, 89, 173, 257, 341, 42, 12]
80  12  12 [9, 6, 5, 89, 173, 257, 341, 42, 12, 7, 91, 20]
81  12  1 [12, 7, 91, 20, 9, 6, 5, 89, 173, 257, 341, 42]
82  12  6 [12, 7, 91, 20, 9, 6, 5, 89, 173, 257, 341, 42]
83  12  5 [12, 7, 91, 20, 9, 6, 5, 89, 173, 257, 341, 42]
84  12  2 [9, 6, 5, 89, 173, 257, 341, 42, 12, 7, 91, 20]
85  12  13 [9, 6, 5, 89, 173, 257, 341, 42, 12, 7, 91, 20]
86  12  5 [9, 6, 5, 89, 173, 257, 341, 42, 12, 7, 91, 20]
87  12  3 [7, 91, 20, 9, 6, 5, 89, 173, 257, 341, 42, 12]
88  12  4 [42, 12, 7, 91, 20, 9, 6, 5, 89, 173, 257, 341]
89  12  0 [89, 173, 257, 341, 42, 12, 7, 91, 20, 9, 6, 5]
90  12  12 [9, 6, 5, 89, 173, 257, 341, 42, 12, 7, 91, 20]
91  12  0 [91, 20, 9, 6, 5, 89, 173, 257, 341, 42, 12, 7]
92  12  2 [9, 6, 5, 89, 173, 257, 341, 42, 12, 7, 91, 20]
93  12  9 [9, 6, 5, 89, 173, 257, 341, 42, 12, 7, 91, 20]
94  12  3 [9, 6, 5, 89, 173, 257, 341, 42, 12, 7, 91, 20]
95  12  2 [9, 6, 5, 89, 173, 257, 341, 42, 12, 7, 91, 20]
96  12  12 [9, 6, 5, 89, 173, 257, 341, 42, 12, 7, 91, 20]
97  12  10 [9, 6, 5, 89, 173, 257, 341, 42, 12, 7, 91, 20]
98  12  3 [6, 5, 89, 173, 257, 341, 42, 12, 7, 91, 20, 9]
99  12  4 [42, 12, 7, 91, 20, 9, 6, 5, 89, 173, 257, 341]
100  12  2 [9, 6, 5, 89, 173, 257, 341, 42, 12, 7, 91, 20]
