1  1  [1, 1, 1, 1, 1, 1, 1, 1, 1, 1, 1, 1, 1, 1, 1, 1, 1, 1, 1]
2  5  [6, 5, 84, 14, 9, 6, 5, 84, 14, 9, 6, 5, 84, 14, 9, 6, 5, 84, 14]
3  5  [14, 9, 6, 5, 84, 14, 9, 6, 5, 84, 14, 9, 6, 5, 84, 14, 9, 6, 5]
4  1  [4, 4, 4, 4, 4, 4, 4, 4, 4, 4, 4, 4, 4, 4, 4, 4, 4, 4, 4]
5  5  [14, 9, 6, 5, 84, 14, 9, 6, 5, 84, 14, 9, 6, 5, 84, 14, 9, 6, 5]
6  5  [84, 14, 9, 6, 5, 84, 14, 9, 6, 5, 84, 14, 9, 6, 5, 84, 14, 9, 6]
7  5  [14, 9, 6, 5, 84, 14, 9, 6, 5, 84, 14, 9, 6, 5, 84, 14, 9, 6, 5]
8  5  [5, 84, 14, 9, 6, 5, 84, 14, 9, 6, 5, 84, 14, 9, 6, 5, 84, 14, 9]
9  5  [5, 84, 14, 9, 6, 5, 84, 14, 9, 6, 5, 84, 14, 9, 6, 5, 84, 14, 9]
10  5  [84, 14, 9, 6, 5, 84, 14, 9, 6, 5, 84, 14, 9, 6, 5, 84, 14, 9, 6]
11  5  [5, 84, 14, 9, 6, 5, 84, 14, 9, 6, 5, 84, 14, 9, 6, 5, 84, 14, 9]
12  5  [84, 14, 9, 6, 5, 84, 14, 9, 6, 5, 84, 14, 9, 6, 5, 84, 14, 9, 6]
13  5  [14, 9, 6, 5, 84, 14, 9, 6, 5, 84, 14, 9, 6, 5, 84, 14, 9, 6, 5]
14  5  [6, 5, 84, 14, 9, 6, 5, 84, 14, 9, 6, 5, 84, 14, 9, 6, 5, 84, 14]
15  5  [6, 5, 84, 14, 9, 6, 5, 84, 14, 9, 6, 5, 84, 14, 9, 6, 5, 84, 14]
16  5  [6, 5, 84, 14, 9, 6, 5, 84, 14, 9, 6, 5, 84, 14, 9, 6, 5, 84, 14]
17  5  [5, 84, 14, 9, 6, 5, 84, 14, 9, 6, 5, 84, 14, 9, 6, 5, 84, 14, 9]
18  5  [6, 5, 84, 14, 9, 6, 5, 84, 14, 9, 6, 5, 84, 14, 9, 6, 5, 84, 14]
19  5  [14, 9, 6, 5, 84, 14, 9, 6, 5, 84, 14, 9, 6, 5, 84, 14, 9, 6, 5]
20  5  [6, 5, 84, 14, 9, 6, 5, 84, 14, 9, 6, 5, 84, 14, 9, 6, 5, 84, 14]
21  5  [5, 84, 14, 9, 6, 5, 84, 14, 9, 6, 5, 84, 14, 9, 6, 5, 84, 14, 9]
22  5  [84, 14, 9, 6, 5, 84, 14, 9, 6, 5, 84, 14, 9, 6, 5, 84, 14, 9, 6]
23  5  [6, 5, 84, 14, 9, 6, 5, 84, 14, 9, 6, 5, 84, 14, 9, 6, 5, 84, 14]
24  5  [6, 5, 84, 14, 9, 6, 5, 84, 14, 9, 6, 5, 84, 14, 9, 6, 5, 84, 14]
25  5  [5, 84, 14, 9, 6, 5, 84, 14, 9, 6, 5, 84, 14, 9, 6, 5, 84, 14, 9]
26  5  [9, 6, 5, 84, 14, 9, 6, 5, 84, 14, 9, 6, 5, 84, 14, 9, 6, 5, 84]
27  5  [6, 5, 84, 14, 9, 6, 5, 84, 14, 9, 6, 5, 84, 14, 9, 6, 5, 84, 14]
28  5  [6, 5, 84, 14, 9, 6, 5, 84, 14, 9, 6, 5, 84, 14, 9, 6, 5, 84, 14]
29  5  [5, 84, 14, 9, 6, 5, 84, 14, 9, 6, 5, 84, 14, 9, 6, 5, 84, 14, 9]
30  5  [5, 84, 14, 9, 6, 5, 84, 14, 9, 6, 5, 84, 14, 9, 6, 5, 84, 14, 9]
31  5  [14, 9, 6, 5, 84, 14, 9, 6, 5, 84, 14, 9, 6, 5, 84, 14, 9, 6, 5]
32  5  [5, 84, 14, 9, 6, 5, 84, 14, 9, 6, 5, 84, 14, 9, 6, 5, 84, 14, 9]
33  5  [9, 6, 5, 84, 14, 9, 6, 5, 84, 14, 9, 6, 5, 84, 14, 9, 6, 5, 84]
34  5  [84, 14, 9, 6, 5, 84, 14, 9, 6, 5, 84, 14, 9, 6, 5, 84, 14, 9, 6]
35  5  [5, 84, 14, 9, 6, 5, 84, 14, 9, 6, 5, 84, 14, 9, 6, 5, 84, 14, 9]
36  5  [5, 84, 14, 9, 6, 5, 84, 14, 9, 6, 5, 84, 14, 9, 6, 5, 84, 14, 9]
37  5  [84, 14, 9, 6, 5, 84, 14, 9, 6, 5, 84, 14, 9, 6, 5, 84, 14, 9, 6]
38  5  [6, 5, 84, 14, 9, 6, 5, 84, 14, 9, 6, 5, 84, 14, 9, 6, 5, 84, 14]
39  5  [9, 6, 5, 84, 14, 9, 6, 5, 84, 14, 9, 6, 5, 84, 14, 9, 6, 5, 84]
40  5  [6, 5, 84, 14, 9, 6, 5, 84, 14, 9, 6, 5, 84, 14, 9, 6, 5, 84, 14]
41  5  [14, 9, 6, 5, 84, 14, 9, 6, 5, 84, 14, 9, 6, 5, 84, 14, 9, 6, 5]
42  5  [5, 84, 14, 9, 6, 5, 84, 14, 9, 6, 5, 84, 14, 9, 6, 5, 84, 14, 9]
43  5  [6, 5, 84, 14, 9, 6, 5, 84, 14, 9, 6, 5, 84, 14, 9, 6, 5, 84, 14]
44  5  [9, 6, 5, 84, 14, 9, 6, 5, 84, 14, 9, 6, 5, 84, 14, 9, 6, 5, 84]
45  5  [6, 5, 84, 14, 9, 6, 5, 84, 14, 9, 6, 5, 84, 14, 9, 6, 5, 84, 14]
46  5  [6, 5, 84, 14, 9, 6, 5, 84, 14, 9, 6, 5, 84, 14, 9, 6, 5, 84, 14]
47  5  [14, 9, 6, 5, 84, 14, 9, 6, 5, 84, 14, 9, 6, 5, 84, 14, 9, 6, 5]
48  5  [6, 5, 84, 14, 9, 6, 5, 84, 14, 9, 6, 5, 84, 14, 9, 6, 5, 84, 14]
49  5  [9, 6, 5, 84, 14, 9, 6, 5, 84, 14, 9, 6, 5, 84, 14, 9, 6, 5, 84]
50  5  [5, 84, 14, 9, 6, 5, 84, 14, 9, 6, 5, 84, 14, 9, 6, 5, 84, 14, 9]
51  5  [9, 6, 5, 84, 14, 9, 6, 5, 84, 14, 9, 6, 5, 84, 14, 9, 6, 5, 84]
52  5  [6, 5, 84, 14, 9, 6, 5, 84, 14, 9, 6, 5, 84, 14, 9, 6, 5, 84, 14]
53  5  [14, 9, 6, 5, 84, 14, 9, 6, 5, 84, 14, 9, 6, 5, 84, 14, 9, 6, 5]
54  5  [6, 5, 84, 14, 9, 6, 5, 84, 14, 9, 6, 5, 84, 14, 9, 6, 5, 84, 14]
55  5  [9, 6, 5, 84, 14, 9, 6, 5, 84, 14, 9, 6, 5, 84, 14, 9, 6, 5, 84]
56  5  [84, 14, 9, 6, 5, 84, 14, 9, 6, 5, 84, 14, 9, 6, 5, 84, 14, 9, 6]
57  5  [5, 84, 14, 9, 6, 5, 84, 14, 9, 6, 5, 84, 14, 9, 6, 5, 84, 14, 9]
58  5  [84, 14, 9, 6, 5, 84, 14, 9, 6, 5, 84, 14, 9, 6, 5, 84, 14, 9, 6]
59  5  [14, 9, 6, 5, 84, 14, 9, 6, 5, 84, 14, 9, 6, 5, 84, 14, 9, 6, 5]
60  5  [5, 84, 14, 9, 6, 5, 84, 14, 9, 6, 5, 84, 14, 9, 6, 5, 84, 14, 9]
61  5  [14, 9, 6, 5, 84, 14, 9, 6, 5, 84, 14, 9, 6, 5, 84, 14, 9, 6, 5]
62  5  [14, 9, 6, 5, 84, 14, 9, 6, 5, 84, 14, 9, 6, 5, 84, 14, 9, 6, 5]
63  5  [84, 14, 9, 6, 5, 84, 14, 9, 6, 5, 84, 14, 9, 6, 5, 84, 14, 9, 6]
64  5  [5, 84, 14, 9, 6, 5, 84, 14, 9, 6, 5, 84, 14, 9, 6, 5, 84, 14, 9]
65  5  [9, 6, 5, 84, 14, 9, 6, 5, 84, 14, 9, 6, 5, 84, 14, 9, 6, 5, 84]
66  5  [9, 6, 5, 84, 14, 9, 6, 5, 84, 14, 9, 6, 5, 84, 14, 9, 6, 5, 84]
67  5  [6, 5, 84, 14, 9, 6, 5, 84, 14, 9, 6, 5, 84, 14, 9, 6, 5, 84, 14]
68  5  [6, 5, 84, 14, 9, 6, 5, 84, 14, 9, 6, 5, 84, 14, 9, 6, 5, 84, 14]
69  5  [14, 9, 6, 5, 84, 14, 9, 6, 5, 84, 14, 9, 6, 5, 84, 14, 9, 6, 5]
70  5  [9, 6, 5, 84, 14, 9, 6, 5, 84, 14, 9, 6, 5, 84, 14, 9, 6, 5, 84]
71  5  [14, 9, 6, 5, 84, 14, 9, 6, 5, 84, 14, 9, 6, 5, 84, 14, 9, 6, 5]
72  5  [5, 84, 14, 9, 6, 5, 84, 14, 9, 6, 5, 84, 14, 9, 6, 5, 84, 14, 9]
73  5  [9, 6, 5, 84, 14, 9, 6, 5, 84, 14, 9, 6, 5, 84, 14, 9, 6, 5, 84]
74  5  [14, 9, 6, 5, 84, 14, 9, 6, 5, 84, 14, 9, 6, 5, 84, 14, 9, 6, 5]
75  5  [84, 14, 9, 6, 5, 84, 14, 9, 6, 5, 84, 14, 9, 6, 5, 84, 14, 9, 6]
76  5  [9, 6, 5, 84, 14, 9, 6, 5, 84, 14, 9, 6, 5, 84, 14, 9, 6, 5, 84]
77  5  [9, 6, 5, 84, 14, 9, 6, 5, 84, 14, 9, 6, 5, 84, 14, 9, 6, 5, 84]
78  5  [9, 6, 5, 84, 14, 9, 6, 5, 84, 14, 9, 6, 5, 84, 14, 9, 6, 5, 84]
79  5  [9, 6, 5, 84, 14, 9, 6, 5, 84, 14, 9, 6, 5, 84, 14, 9, 6, 5, 84]
80  5  [84, 14, 9, 6, 5, 84, 14, 9, 6, 5, 84, 14, 9, 6, 5, 84, 14, 9, 6]
81  5  [5, 84, 14, 9, 6, 5, 84, 14, 9, 6, 5, 84, 14, 9, 6, 5, 84, 14, 9]
82  5  [9, 6, 5, 84, 14, 9, 6, 5, 84, 14, 9, 6, 5, 84, 14, 9, 6, 5, 84]
83  5  [14, 9, 6, 5, 84, 14, 9, 6, 5, 84, 14, 9, 6, 5, 84, 14, 9, 6, 5]
84  5  [9, 6, 5, 84, 14, 9, 6, 5, 84, 14, 9, 6, 5, 84, 14, 9, 6, 5, 84]
85  5  [5, 84, 14, 9, 6, 5, 84, 14, 9, 6, 5, 84, 14, 9, 6, 5, 84, 14, 9]
86  5  [9, 6, 5, 84, 14, 9, 6, 5, 84, 14, 9, 6, 5, 84, 14, 9, 6, 5, 84]
87  5  [6, 5, 84, 14, 9, 6, 5, 84, 14, 9, 6, 5, 84, 14, 9, 6, 5, 84, 14]
88  5  [6, 5, 84, 14, 9, 6, 5, 84, 14, 9, 6, 5, 84, 14, 9, 6, 5, 84, 14]
89  5  [14, 9, 6, 5, 84, 14, 9, 6, 5, 84, 14, 9, 6, 5, 84, 14, 9, 6, 5]
90  5  [84, 14, 9, 6, 5, 84, 14, 9, 6, 5, 84, 14, 9, 6, 5, 84, 14, 9, 6]
91  5  [9, 6, 5, 84, 14, 9, 6, 5, 84, 14, 9, 6, 5, 84, 14, 9, 6, 5, 84]
92  5  [9, 6, 5, 84, 14, 9, 6, 5, 84, 14, 9, 6, 5, 84, 14, 9, 6, 5, 84]
93  5  [5, 84, 14, 9, 6, 5, 84, 14, 9, 6, 5, 84, 14, 9, 6, 5, 84, 14, 9]
94  5  [14, 9, 6, 5, 84, 14, 9, 6, 5, 84, 14, 9, 6, 5, 84, 14, 9, 6, 5]
95  5  [9, 6, 5, 84, 14, 9, 6, 5, 84, 14, 9, 6, 5, 84, 14, 9, 6, 5, 84]
96  5  [84, 14, 9, 6, 5, 84, 14, 9, 6, 5, 84, 14, 9, 6, 5, 84, 14, 9, 6]
97  5  [5, 84, 14, 9, 6, 5, 84, 14, 9, 6, 5, 84, 14, 9, 6, 5, 84, 14, 9]
98  5  [9, 6, 5, 84, 14, 9, 6, 5, 84, 14, 9, 6, 5, 84, 14, 9, 6, 5, 84]
99  5  [6, 5, 84, 14, 9, 6, 5, 84, 14, 9, 6, 5, 84, 14, 9, 6, 5, 84, 14]
100  5  [9, 6, 5, 84, 14, 9, 6, 5, 84, 14, 9, 6, 5, 84, 14, 9, 6, 5, 84]
101  5  [14, 9, 6, 5, 84, 14, 9, 6, 5, 84, 14, 9, 6, 5, 84, 14, 9, 6, 5]
102  5  [5, 84, 14, 9, 6, 5, 84, 14, 9, 6, 5, 84, 14, 9, 6, 5, 84, 14, 9]
103  5  [6, 5, 84, 14, 9, 6, 5, 84, 14, 9, 6, 5, 84, 14, 9, 6, 5, 84, 14]
104  5  [84, 14, 9, 6, 5, 84, 14, 9, 6, 5, 84, 14, 9, 6, 5, 84, 14, 9, 6]
