1,1,0,[1]
2,2,4,[250, 17]
3,6,16,[6, 5, 238, 26, 15, 8]
4,1,0,[4]
5,6,5,[238, 26, 15, 8, 6, 5]
6,6,5,[5, 238, 26, 15, 8, 6]
7,6,8,[6, 5, 238, 26, 15, 8]
8,6,5,[6, 5, 238, 26, 15, 8]
9,6,6,[5, 238, 26, 15, 8, 6]
10,6,9,[6, 5, 238, 26, 15, 8]
11,6,9,[6, 5, 238, 26, 15, 8]
12,6,9,[6, 5, 238, 26, 15, 8]
13,6,13,[6, 5, 238, 26, 15, 8]
14,6,7,[5, 238, 26, 15, 8, 6]
15,6,5,[8, 6, 5, 238, 26, 15]
16,6,6,[6, 5, 238, 26, 15, 8]
17,2,1,[250, 17]
18,6,6,[6, 5, 238, 26, 15, 8]
19,2,3,[250, 17]
20,6,7,[5, 238, 26, 15, 8, 6]
21,6,10,[6, 5, 238, 26, 15, 8]
22,6,14,[6, 5, 238, 26, 15, 8]
23,6,8,[6, 5, 238, 26, 15, 8]
24,6,7,[5, 238, 26, 15, 8, 6]
25,6,10,[6, 5, 238, 26, 15, 8]
26,6,5,[15, 8, 6, 5, 238, 26]
27,6,7,[5, 238, 26, 15, 8, 6]
28,6,10,[6, 5, 238, 26, 15, 8]
29,6,8,[15, 8, 6, 5, 238, 26]
30,6,10,[6, 5, 238, 26, 15, 8]
31,6,9,[5, 238, 26, 15, 8, 6]
32,6,10,[6, 5, 238, 26, 15, 8]
33,6,8,[5, 238, 26, 15, 8, 6]
34,2,4,[250, 17]
35,6,10,[6, 5, 238, 26, 15, 8]
36,6,10,[6, 5, 238, 26, 15, 8]
37,6,8,[6, 5, 238, 26, 15, 8]
38,6,11,[6, 5, 238, 26, 15, 8]
39,6,7,[6, 5, 238, 26, 15, 8]
40,6,10,[6, 5, 238, 26, 15, 8]
41,6,15,[6, 5, 238, 26, 15, 8]
42,6,10,[6, 5, 238, 26, 15, 8]
43,6,12,[6, 5, 238, 26, 15, 8]
44,6,6,[8, 6, 5, 238, 26, 15]
45,6,10,[6, 5, 238, 26, 15, 8]
46,6,11,[6, 5, 238, 26, 15, 8]
47,6,8,[6, 5, 238, 26, 15, 8]
48,6,10,[6, 5, 238, 26, 15, 8]
49,6,8,[5, 238, 26, 15, 8, 6]
50,6,10,[6, 5, 238, 26, 15, 8]
51,6,8,[5, 238, 26, 15, 8, 6]
52,2,2,[250, 17]
53,6,7,[15, 8, 6, 5, 238, 26]
54,6,10,[6, 5, 238, 26, 15, 8]
55,6,7,[6, 5, 238, 26, 15, 8]
56,6,14,[6, 5, 238, 26, 15, 8]
57,6,15,[6, 5, 238, 26, 15, 8]
58,6,10,[5, 238, 26, 15, 8, 6]
59,6,9,[6, 5, 238, 26, 15, 8]
60,6,10,[6, 5, 238, 26, 15, 8]
61,2,5,[250, 17]
62,6,9,[5, 238, 26, 15, 8, 6]
63,6,14,[6, 5, 238, 26, 15, 8]
64,6,10,[6, 5, 238, 26, 15, 8]
65,6,7,[6, 5, 238, 26, 15, 8]
66,6,7,[6, 5, 238, 26, 15, 8]
67,2,3,[250, 17]
68,6,11,[6, 5, 238, 26, 15, 8]
69,6,6,[15, 8, 6, 5, 238, 26]
70,6,8,[5, 238, 26, 15, 8, 6]
71,6,9,[5, 238, 26, 15, 8, 6]
72,6,10,[6, 5, 238, 26, 15, 8]
73,6,12,[6, 5, 238, 26, 15, 8]
74,6,8,[6, 5, 238, 26, 15, 8]
75,6,14,[6, 5, 238, 26, 15, 8]
76,6,9,[6, 5, 238, 26, 15, 8]
77,6,7,[6, 5, 238, 26, 15, 8]
78,6,7,[6, 5, 238, 26, 15, 8]
79,6,16,[6, 5, 238, 26, 15, 8]
80,6,14,[6, 5, 238, 26, 15, 8]
81,6,10,[6, 5, 238, 26, 15, 8]
82,6,13,[6, 5, 238, 26, 15, 8]
83,2,1,[316, 83]
84,6,8,[5, 238, 26, 15, 8, 6]
85,6,15,[6, 5, 238, 26, 15, 8]
86,6,11,[6, 5, 238, 26, 15, 8]
87,6,11,[6, 5, 238, 26, 15, 8]
88,2,2,[250, 17]
89,6,12,[6, 5, 238, 26, 15, 8]
90,6,14,[6, 5, 238, 26, 15, 8]
91,6,8,[5, 238, 26, 15, 8, 6]
92,6,8,[5, 238, 26, 15, 8, 6]
93,2,5,[250, 17]
94,6,9,[5, 238, 26, 15, 8, 6]
95,6,8,[5, 238, 26, 15, 8, 6]
96,6,14,[6, 5, 238, 26, 15, 8]
97,6,12,[6, 5, 238, 26, 15, 8]
98,6,7,[6, 5, 238, 26, 15, 8]
99,2,2,[250, 17]
100,6,8,[5, 238, 26, 15, 8, 6]
101,6,8,[15, 8, 6, 5, 238, 26]
102,6,15,[6, 5, 238, 26, 15, 8]
103,6,8,[6, 5, 238, 26, 15, 8]
104,2,4,[250, 17]
105,6,6,[8, 6, 5, 238, 26, 15]
106,6,8,[6, 5, 238, 26, 15, 8]
107,6,7,[15, 8, 6, 5, 238, 26]
108,6,14,[6, 5, 238, 26, 15, 8]
109,6,9,[5, 238, 26, 15, 8, 6]
110,6,7,[6, 5, 238, 26, 15, 8]
111,6,11,[6, 5, 238, 26, 15, 8]
112,6,6,[8, 6, 5, 238, 26, 15]
113,2,4,[250, 17]
114,6,8,[5, 238, 26, 15, 8, 6]
115,6,11,[6, 5, 238, 26, 15, 8]
116,6,9,[5, 238, 26, 15, 8, 6]
117,2,4,[250, 17]
118,2,6,[250, 17]
119,6,8,[5, 238, 26, 15, 8, 6]
120,6,8,[5, 238, 26, 15, 8, 6]
121,6,15,[6, 5, 238, 26, 15, 8]
122,6,15,[6, 5, 238, 26, 15, 8]
123,6,7,[8, 6, 5, 238, 26, 15]
124,6,11,[6, 5, 238, 26, 15, 8]
125,6,6,[8, 6, 5, 238, 26, 15]
126,6,6,[8, 6, 5, 238, 26, 15]
127,2,3,[250, 17]
128,6,8,[5, 238, 26, 15, 8, 6]
129,6,12,[6, 5, 238, 26, 15, 8]
130,6,8,[5, 238, 26, 15, 8, 6]
131,6,9,[5, 238, 26, 15, 8, 6]
132,6,7,[6, 5, 238, 26, 15, 8]
133,6,6,[15, 8, 6, 5, 238, 26]
134,6,7,[15, 8, 6, 5, 238, 26]
135,6,8,[5, 238, 26, 15, 8, 6]
136,6,9,[6, 5, 238, 26, 15, 8]
137,6,8,[8, 6, 5, 238, 26, 15]
138,6,11,[6, 5, 238, 26, 15, 8]
139,6,13,[6, 5, 238, 26, 15, 8]
140,6,7,[6, 5, 238, 26, 15, 8]
141,6,11,[6, 5, 238, 26, 15, 8]
142,6,13,[6, 5, 238, 26, 15, 8]
143,6,8,[5, 238, 26, 15, 8, 6]
144,6,8,[5, 238, 26, 15, 8, 6]
145,2,5,[250, 17]
146,6,15,[6, 5, 238, 26, 15, 8]
147,2,2,[250, 17]
148,6,16,[6, 5, 238, 26, 15, 8]
149,6,13,[6, 5, 238, 26, 15, 8]
150,6,6,[8, 6, 5, 238, 26, 15]
151,2,3,[250, 17]
152,6,11,[6, 5, 238, 26, 15, 8]
153,6,9,[6, 5, 238, 26, 15, 8]
154,6,8,[5, 238, 26, 15, 8, 6]
155,6,11,[6, 5, 238, 26, 15, 8]
156,6,8,[5, 238, 26, 15, 8, 6]
157,6,10,[6, 5, 238, 26, 15, 8]
158,6,11,[6, 5, 238, 26, 15, 8]
159,6,15,[6, 5, 238, 26, 15, 8]
160,6,6,[8, 6, 5, 238, 26, 15]
161,6,11,[6, 5, 238, 26, 15, 8]
162,6,8,[5, 238, 26, 15, 8, 6]
163,6,12,[6, 5, 238, 26, 15, 8]
164,6,11,[6, 5, 238, 26, 15, 8]
165,2,4,[250, 17]
166,6,16,[6, 5, 238, 26, 15, 8]
167,6,8,[6, 5, 238, 26, 15, 8]
168,6,7,[6, 5, 238, 26, 15, 8]
169,6,6,[15, 8, 6, 5, 238, 26]
170,6,8,[5, 238, 26, 15, 8, 6]
171,6,11,[6, 5, 238, 26, 15, 8]
172,6,9,[6, 5, 238, 26, 15, 8]
173,6,13,[6, 5, 238, 26, 15, 8]
174,2,5,[250, 17]
175,2,2,[250, 17]
176,2,4,[250, 17]
177,6,10,[5, 238, 26, 15, 8, 6]
178,6,9,[5, 238, 26, 15, 8, 6]
179,6,9,[15, 8, 6, 5, 238, 26]
180,6,6,[8, 6, 5, 238, 26, 15]
181,6,11,[5, 238, 26, 15, 8, 6]
182,6,15,[6, 5, 238, 26, 15, 8]
183,6,11,[6, 5, 238, 26, 15, 8]
184,6,9,[15, 8, 6, 5, 238, 26]
185,6,11,[6, 5, 238, 26, 15, 8]
186,6,11,[6, 5, 238, 26, 15, 8]
187,6,11,[6, 5, 238, 26, 15, 8]
188,6,9,[5, 238, 26, 15, 8, 6]
189,6,7,[6, 5, 238, 26, 15, 8]
190,6,6,[15, 8, 6, 5, 238, 26]
191,6,11,[6, 5, 238, 26, 15, 8]
192,6,6,[8, 6, 5, 238, 26, 15]
193,6,11,[6, 5, 238, 26, 15, 8]
194,2,3,[250, 17]
195,6,11,[6, 5, 238, 26, 15, 8]
196,6,7,[6, 5, 238, 26, 15, 8]
197,6,12,[6, 5, 238, 26, 15, 8]
198,2,4,[250, 17]
199,2,3,[250, 17]
200,6,7,[6, 5, 238, 26, 15, 8]
