1,1,0,[1]
2,3,5,[338, 28, 11]
3,12,14,[7, 334, 169, 26, 15, 8, 6, 5, 332, 87, 32, 10]
4,1,0,[4]
5,12,11,[332, 87, 32, 10, 7, 334, 169, 26, 15, 8, 6, 5]
6,12,11,[5, 332, 87, 32, 10, 7, 334, 169, 26, 15, 8, 6]
7,12,11,[334, 169, 26, 15, 8, 6, 5, 332, 87, 32, 10, 7]
8,12,11,[6, 5, 332, 87, 32, 10, 7, 334, 169, 26, 15, 8]
9,12,12,[5, 332, 87, 32, 10, 7, 334, 169, 26, 15, 8, 6]
10,12,11,[7, 334, 169, 26, 15, 8, 6, 5, 332, 87, 32, 10]
11,3,2,[338, 28, 11]
12,12,12,[334, 169, 26, 15, 8, 6, 5, 332, 87, 32, 10, 7]
13,12,13,[15, 8, 6, 5, 332, 87, 32, 10, 7, 334, 169, 26]
14,12,13,[5, 332, 87, 32, 10, 7, 334, 169, 26, 15, 8, 6]
15,12,11,[8, 6, 5, 332, 87, 32, 10, 7, 334, 169, 26, 15]
16,12,12,[6, 5, 332, 87, 32, 10, 7, 334, 169, 26, 15, 8]
17,12,16,[5, 332, 87, 32, 10, 7, 334, 169, 26, 15, 8, 6]
18,12,12,[6, 5, 332, 87, 32, 10, 7, 334, 169, 26, 15, 8]
19,12,19,[5, 332, 87, 32, 10, 7, 334, 169, 26, 15, 8, 6]
20,12,13,[5, 332, 87, 32, 10, 7, 334, 169, 26, 15, 8, 6]
21,12,12,[7, 334, 169, 26, 15, 8, 6, 5, 332, 87, 32, 10]
22,12,14,[15, 8, 6, 5, 332, 87, 32, 10, 7, 334, 169, 26]
23,12,21,[5, 332, 87, 32, 10, 7, 334, 169, 26, 15, 8, 6]
24,12,13,[5, 332, 87, 32, 10, 7, 334, 169, 26, 15, 8, 6]
25,12,12,[7, 334, 169, 26, 15, 8, 6, 5, 332, 87, 32, 10]
26,12,11,[15, 8, 6, 5, 332, 87, 32, 10, 7, 334, 169, 26]
27,12,13,[5, 332, 87, 32, 10, 7, 334, 169, 26, 15, 8, 6]
28,3,2,[11, 338, 28]
29,12,23,[5, 332, 87, 32, 10, 7, 334, 169, 26, 15, 8, 6]
30,12,12,[7, 334, 169, 26, 15, 8, 6, 5, 332, 87, 32, 10]
31,12,19,[7, 334, 169, 26, 15, 8, 6, 5, 332, 87, 32, 10]
32,12,11,[10, 7, 334, 169, 26, 15, 8, 6, 5, 332, 87, 32]
33,12,14,[5, 332, 87, 32, 10, 7, 334, 169, 26, 15, 8, 6]
34,12,20,[5, 332, 87, 32, 10, 7, 334, 169, 26, 15, 8, 6]
35,12,13,[334, 169, 26, 15, 8, 6, 5, 332, 87, 32, 10, 7]
36,12,12,[7, 334, 169, 26, 15, 8, 6, 5, 332, 87, 32, 10]
37,12,15,[5, 332, 87, 32, 10, 7, 334, 169, 26, 15, 8, 6]
38,12,13,[7, 334, 169, 26, 15, 8, 6, 5, 332, 87, 32, 10]
39,12,13,[6, 5, 332, 87, 32, 10, 7, 334, 169, 26, 15, 8]
40,3,3,[338, 28, 11]
41,12,21,[7, 334, 169, 26, 15, 8, 6, 5, 332, 87, 32, 10]
42,12,13,[334, 169, 26, 15, 8, 6, 5, 332, 87, 32, 10, 7]
43,12,14,[8, 6, 5, 332, 87, 32, 10, 7, 334, 169, 26, 15]
44,12,12,[8, 6, 5, 332, 87, 32, 10, 7, 334, 169, 26, 15]
45,3,3,[338, 28, 11]
46,12,13,[7, 334, 169, 26, 15, 8, 6, 5, 332, 87, 32, 10]
47,12,14,[7, 334, 169, 26, 15, 8, 6, 5, 332, 87, 32, 10]
48,3,3,[338, 28, 11]
49,12,14,[5, 332, 87, 32, 10, 7, 334, 169, 26, 15, 8, 6]
50,12,13,[334, 169, 26, 15, 8, 6, 5, 332, 87, 32, 10, 7]
51,12,14,[5, 332, 87, 32, 10, 7, 334, 169, 26, 15, 8, 6]
52,12,17,[5, 332, 87, 32, 10, 7, 334, 169, 26, 15, 8, 6]
53,3,4,[11, 338, 28]
54,3,3,[338, 28, 11]
55,12,13,[6, 5, 332, 87, 32, 10, 7, 334, 169, 26, 15, 8]
56,12,14,[15, 8, 6, 5, 332, 87, 32, 10, 7, 334, 169, 26]
57,12,15,[15, 8, 6, 5, 332, 87, 32, 10, 7, 334, 169, 26]
58,12,20,[7, 334, 169, 26, 15, 8, 6, 5, 332, 87, 32, 10]
59,12,15,[7, 334, 169, 26, 15, 8, 6, 5, 332, 87, 32, 10]
60,12,13,[334, 169, 26, 15, 8, 6, 5, 332, 87, 32, 10, 7]
61,3,8,[338, 28, 11]
62,12,15,[5, 332, 87, 32, 10, 7, 334, 169, 26, 15, 8, 6]
63,12,14,[15, 8, 6, 5, 332, 87, 32, 10, 7, 334, 169, 26]
64,12,13,[334, 169, 26, 15, 8, 6, 5, 332, 87, 32, 10, 7]
65,12,13,[6, 5, 332, 87, 32, 10, 7, 334, 169, 26, 15, 8]
66,12,13,[6, 5, 332, 87, 32, 10, 7, 334, 169, 26, 15, 8]
67,12,25,[7, 334, 169, 26, 15, 8, 6, 5, 332, 87, 32, 10]
68,12,13,[7, 334, 169, 26, 15, 8, 6, 5, 332, 87, 32, 10]
69,12,12,[15, 8, 6, 5, 332, 87, 32, 10, 7, 334, 169, 26]
70,12,14,[5, 332, 87, 32, 10, 7, 334, 169, 26, 15, 8, 6]
71,12,17,[5, 332, 87, 32, 10, 7, 334, 169, 26, 15, 8, 6]
72,12,13,[334, 169, 26, 15, 8, 6, 5, 332, 87, 32, 10, 7]
73,12,14,[6, 5, 332, 87, 32, 10, 7, 334, 169, 26, 15, 8]
74,12,14,[6, 5, 332, 87, 32, 10, 7, 334, 169, 26, 15, 8]
75,12,14,[15, 8, 6, 5, 332, 87, 32, 10, 7, 334, 169, 26]
76,12,22,[5, 332, 87, 32, 10, 7, 334, 169, 26, 15, 8, 6]
77,12,13,[6, 5, 332, 87, 32, 10, 7, 334, 169, 26, 15, 8]
78,12,13,[6, 5, 332, 87, 32, 10, 7, 334, 169, 26, 15, 8]
79,12,15,[7, 334, 169, 26, 15, 8, 6, 5, 332, 87, 32, 10]
80,12,14,[15, 8, 6, 5, 332, 87, 32, 10, 7, 334, 169, 26]
81,12,13,[334, 169, 26, 15, 8, 6, 5, 332, 87, 32, 10, 7]
82,12,15,[8, 6, 5, 332, 87, 32, 10, 7, 334, 169, 26, 15]
83,3,5,[338, 28, 11]
84,12,14,[5, 332, 87, 32, 10, 7, 334, 169, 26, 15, 8, 6]
85,12,15,[15, 8, 6, 5, 332, 87, 32, 10, 7, 334, 169, 26]
86,3,4,[338, 28, 11]
87,12,11,[32, 10, 7, 334, 169, 26, 15, 8, 6, 5, 332, 87]
88,12,17,[5, 332, 87, 32, 10, 7, 334, 169, 26, 15, 8, 6]
89,12,23,[5, 332, 87, 32, 10, 7, 334, 169, 26, 15, 8, 6]
90,12,14,[15, 8, 6, 5, 332, 87, 32, 10, 7, 334, 169, 26]
91,12,14,[5, 332, 87, 32, 10, 7, 334, 169, 26, 15, 8, 6]
92,12,14,[5, 332, 87, 32, 10, 7, 334, 169, 26, 15, 8, 6]
93,12,21,[5, 332, 87, 32, 10, 7, 334, 169, 26, 15, 8, 6]
94,12,15,[5, 332, 87, 32, 10, 7, 334, 169, 26, 15, 8, 6]
95,12,14,[5, 332, 87, 32, 10, 7, 334, 169, 26, 15, 8, 6]
96,12,14,[15, 8, 6, 5, 332, 87, 32, 10, 7, 334, 169, 26]
97,12,17,[7, 334, 169, 26, 15, 8, 6, 5, 332, 87, 32, 10]
98,12,13,[6, 5, 332, 87, 32, 10, 7, 334, 169, 26, 15, 8]
99,12,17,[5, 332, 87, 32, 10, 7, 334, 169, 26, 15, 8, 6]
100,12,14,[5, 332, 87, 32, 10, 7, 334, 169, 26, 15, 8, 6]
101,3,6,[338, 28, 11]
102,12,15,[15, 8, 6, 5, 332, 87, 32, 10, 7, 334, 169, 26]
103,12,15,[334, 169, 26, 15, 8, 6, 5, 332, 87, 32, 10, 7]
104,12,20,[5, 332, 87, 32, 10, 7, 334, 169, 26, 15, 8, 6]
105,12,12,[8, 6, 5, 332, 87, 32, 10, 7, 334, 169, 26, 15]
106,12,14,[6, 5, 332, 87, 32, 10, 7, 334, 169, 26, 15, 8]
107,3,5,[338, 28, 11]
108,12,14,[15, 8, 6, 5, 332, 87, 32, 10, 7, 334, 169, 26]
109,12,18,[15, 8, 6, 5, 332, 87, 32, 10, 7, 334, 169, 26]
110,12,13,[6, 5, 332, 87, 32, 10, 7, 334, 169, 26, 15, 8]
111,3,4,[338, 28, 11]
112,12,12,[8, 6, 5, 332, 87, 32, 10, 7, 334, 169, 26, 15]
113,12,16,[15, 8, 6, 5, 332, 87, 32, 10, 7, 334, 169, 26]
114,12,14,[5, 332, 87, 32, 10, 7, 334, 169, 26, 15, 8, 6]
115,3,3,[11, 338, 28]
116,12,15,[5, 332, 87, 32, 10, 7, 334, 169, 26, 15, 8, 6]
117,12,20,[5, 332, 87, 32, 10, 7, 334, 169, 26, 15, 8, 6]
118,3,9,[338, 28, 11]
119,12,14,[5, 332, 87, 32, 10, 7, 334, 169, 26, 15, 8, 6]
120,12,14,[5, 332, 87, 32, 10, 7, 334, 169, 26, 15, 8, 6]
121,12,15,[15, 8, 6, 5, 332, 87, 32, 10, 7, 334, 169, 26]
122,12,15,[15, 8, 6, 5, 332, 87, 32, 10, 7, 334, 169, 26]
123,12,13,[8, 6, 5, 332, 87, 32, 10, 7, 334, 169, 26, 15]
124,12,14,[334, 169, 26, 15, 8, 6, 5, 332, 87, 32, 10, 7]
125,12,12,[8, 6, 5, 332, 87, 32, 10, 7, 334, 169, 26, 15]
126,12,12,[8, 6, 5, 332, 87, 32, 10, 7, 334, 169, 26, 15]
127,12,18,[5, 332, 87, 32, 10, 7, 334, 169, 26, 15, 8, 6]
128,12,14,[5, 332, 87, 32, 10, 7, 334, 169, 26, 15, 8, 6]
129,12,14,[7, 334, 169, 26, 15, 8, 6, 5, 332, 87, 32, 10]
130,12,14,[5, 332, 87, 32, 10, 7, 334, 169, 26, 15, 8, 6]
131,12,15,[7, 334, 169, 26, 15, 8, 6, 5, 332, 87, 32, 10]
132,12,13,[6, 5, 332, 87, 32, 10, 7, 334, 169, 26, 15, 8]
133,12,12,[15, 8, 6, 5, 332, 87, 32, 10, 7, 334, 169, 26]
134,12,13,[15, 8, 6, 5, 332, 87, 32, 10, 7, 334, 169, 26]
135,12,14,[5, 332, 87, 32, 10, 7, 334, 169, 26, 15, 8, 6]
136,12,22,[5, 332, 87, 32, 10, 7, 334, 169, 26, 15, 8, 6]
137,12,17,[5, 332, 87, 32, 10, 7, 334, 169, 26, 15, 8, 6]
138,3,3,[11, 338, 28]
139,12,20,[5, 332, 87, 32, 10, 7, 334, 169, 26, 15, 8, 6]
140,12,13,[6, 5, 332, 87, 32, 10, 7, 334, 169, 26, 15, 8]
141,12,14,[334, 169, 26, 15, 8, 6, 5, 332, 87, 32, 10, 7]
142,12,15,[6, 5, 332, 87, 32, 10, 7, 334, 169, 26, 15, 8]
143,12,14,[5, 332, 87, 32, 10, 7, 334, 169, 26, 15, 8, 6]
144,12,14,[5, 332, 87, 32, 10, 7, 334, 169, 26, 15, 8, 6]
145,12,21,[5, 332, 87, 32, 10, 7, 334, 169, 26, 15, 8, 6]
146,12,15,[15, 8, 6, 5, 332, 87, 32, 10, 7, 334, 169, 26]
147,12,17,[5, 332, 87, 32, 10, 7, 334, 169, 26, 15, 8, 6]
148,12,22,[7, 334, 169, 26, 15, 8, 6, 5, 332, 87, 32, 10]
149,3,4,[11, 338, 28]
150,12,12,[8, 6, 5, 332, 87, 32, 10, 7, 334, 169, 26, 15]
151,12,17,[6, 5, 332, 87, 32, 10, 7, 334, 169, 26, 15, 8]
152,12,13,[7, 334, 169, 26, 15, 8, 6, 5, 332, 87, 32, 10]
153,12,22,[5, 332, 87, 32, 10, 7, 334, 169, 26, 15, 8, 6]
154,12,14,[5, 332, 87, 32, 10, 7, 334, 169, 26, 15, 8, 6]
155,12,13,[7, 334, 169, 26, 15, 8, 6, 5, 332, 87, 32, 10]
156,12,14,[5, 332, 87, 32, 10, 7, 334, 169, 26, 15, 8, 6]
157,12,13,[15, 8, 6, 5, 332, 87, 32, 10, 7, 334, 169, 26]
158,12,14,[334, 169, 26, 15, 8, 6, 5, 332, 87, 32, 10, 7]
159,12,15,[15, 8, 6, 5, 332, 87, 32, 10, 7, 334, 169, 26]
160,12,12,[8, 6, 5, 332, 87, 32, 10, 7, 334, 169, 26, 15]
161,12,13,[7, 334, 169, 26, 15, 8, 6, 5, 332, 87, 32, 10]
162,12,14,[5, 332, 87, 32, 10, 7, 334, 169, 26, 15, 8, 6]
163,12,14,[7, 334, 169, 26, 15, 8, 6, 5, 332, 87, 32, 10]
164,3,4,[338, 28, 11]
165,12,20,[5, 332, 87, 32, 10, 7, 334, 169, 26, 15, 8, 6]
166,12,16,[15, 8, 6, 5, 332, 87, 32, 10, 7, 334, 169, 26]
167,12,22,[5, 332, 87, 32, 10, 7, 334, 169, 26, 15, 8, 6]
168,12,13,[6, 5, 332, 87, 32, 10, 7, 334, 169, 26, 15, 8]
169,12,11,[26, 15, 8, 6, 5, 332, 87, 32, 10, 7, 334, 169]
170,12,14,[5, 332, 87, 32, 10, 7, 334, 169, 26, 15, 8, 6]
171,12,13,[7, 334, 169, 26, 15, 8, 6, 5, 332, 87, 32, 10]
172,12,15,[7, 334, 169, 26, 15, 8, 6, 5, 332, 87, 32, 10]
173,12,21,[5, 332, 87, 32, 10, 7, 334, 169, 26, 15, 8, 6]
174,12,21,[5, 332, 87, 32, 10, 7, 334, 169, 26, 15, 8, 6]
175,12,17,[5, 332, 87, 32, 10, 7, 334, 169, 26, 15, 8, 6]
176,12,20,[5, 332, 87, 32, 10, 7, 334, 169, 26, 15, 8, 6]
177,12,16,[5, 332, 87, 32, 10, 7, 334, 169, 26, 15, 8, 6]
178,12,15,[5, 332, 87, 32, 10, 7, 334, 169, 26, 15, 8, 6]
179,12,14,[7, 334, 169, 26, 15, 8, 6, 5, 332, 87, 32, 10]
180,12,12,[8, 6, 5, 332, 87, 32, 10, 7, 334, 169, 26, 15]
181,12,17,[7, 334, 169, 26, 15, 8, 6, 5, 332, 87, 32, 10]
182,12,15,[15, 8, 6, 5, 332, 87, 32, 10, 7, 334, 169, 26]
183,12,14,[334, 169, 26, 15, 8, 6, 5, 332, 87, 32, 10, 7]
184,12,24,[5, 332, 87, 32, 10, 7, 334, 169, 26, 15, 8, 6]
185,12,14,[334, 169, 26, 15, 8, 6, 5, 332, 87, 32, 10, 7]
186,12,13,[7, 334, 169, 26, 15, 8, 6, 5, 332, 87, 32, 10]
187,3,3,[11, 338, 28]
188,12,15,[5, 332, 87, 32, 10, 7, 334, 169, 26, 15, 8, 6]
189,12,13,[6, 5, 332, 87, 32, 10, 7, 334, 169, 26, 15, 8]
190,12,12,[15, 8, 6, 5, 332, 87, 32, 10, 7, 334, 169, 26]
191,12,15,[7, 334, 169, 26, 15, 8, 6, 5, 332, 87, 32, 10]
192,12,12,[8, 6, 5, 332, 87, 32, 10, 7, 334, 169, 26, 15]
193,12,15,[5, 332, 87, 32, 10, 7, 334, 169, 26, 15, 8, 6]
194,12,18,[5, 332, 87, 32, 10, 7, 334, 169, 26, 15, 8, 6]
195,12,13,[7, 334, 169, 26, 15, 8, 6, 5, 332, 87, 32, 10]
196,12,13,[6, 5, 332, 87, 32, 10, 7, 334, 169, 26, 15, 8]
197,12,16,[5, 332, 87, 32, 10, 7, 334, 169, 26, 15, 8, 6]
198,12,20,[5, 332, 87, 32, 10, 7, 334, 169, 26, 15, 8, 6]
199,12,23,[7, 334, 169, 26, 15, 8, 6, 5, 332, 87, 32, 10]
200,12,13,[6, 5, 332, 87, 32, 10, 7, 334, 169, 26, 15, 8]
