1,1,0,[1],[0]
2,3,3,[13, 75, 1005],[1, 0, 0]
3,5,10,[7, 10, 25, 46, 999],[1, 0, 0, 0, 0]
4,1,0,[4],[0]
5,5,4,[7, 10, 25, 46, 999],[1, 0, 0, 0, 0]
6,5,5,[7, 10, 25, 46, 999],[1, 0, 0, 0, 0]
7,5,0,[7, 10, 25, 46, 999],[1, 0, 0, 0, 0]
8,5,6,[7, 10, 25, 46, 999],[1, 0, 0, 0, 0]
9,5,6,[7, 10, 25, 46, 999],[1, 0, 0, 0, 0]
10,5,0,[7, 10, 25, 46, 999],[1, 0, 0, 0, 0]
11,3,9,[13, 75, 1005],[1, 0, 0]
12,5,1,[7, 10, 25, 46, 999],[1, 0, 0, 0, 0]
13,3,0,[13, 75, 1005],[1, 0, 0]
14,5,7,[7, 10, 25, 46, 999],[1, 0, 0, 0, 0]
15,5,7,[7, 10, 25, 46, 999],[1, 0, 0, 0, 0]
16,5,7,[7, 10, 25, 46, 999],[1, 0, 0, 0, 0]
17,5,11,[7, 10, 25, 46, 999],[1, 0, 0, 0, 0]
18,5,7,[7, 10, 25, 46, 999],[1, 0, 0, 0, 0]
19,5,11,[7, 10, 25, 46, 999],[1, 0, 0, 0, 0]
20,5,7,[7, 10, 25, 46, 999],[1, 0, 0, 0, 0]
21,5,1,[7, 10, 25, 46, 999],[1, 0, 0, 0, 0]
22,3,1,[13, 75, 1005],[1, 0, 0]
23,3,6,[13, 75, 1005],[1, 0, 0]
24,5,7,[7, 10, 25, 46, 999],[1, 0, 0, 0, 0]
25,5,0,[7, 10, 25, 46, 999],[1, 0, 0, 0, 0]
26,5,8,[7, 10, 25, 46, 999],[1, 0, 0, 0, 0]
27,5,7,[7, 10, 25, 46, 999],[1, 0, 0, 0, 0]
28,3,10,[13, 75, 1005],[1, 0, 0]
29,3,3,[13, 75, 1005],[1, 0, 0]
30,5,1,[7, 10, 25, 46, 999],[1, 0, 0, 0, 0]
31,3,12,[13, 75, 1005],[1, 0, 0]
32,5,1,[7, 10, 25, 46, 999],[1, 0, 0, 0, 0]
33,5,8,[7, 10, 25, 46, 999],[1, 0, 0, 0, 0]
34,5,12,[7, 10, 25, 46, 999],[1, 0, 0, 0, 0]
35,5,2,[7, 10, 25, 46, 999],[1, 0, 0, 0, 0]
36,5,1,[7, 10, 25, 46, 999],[1, 0, 0, 0, 0]
37,5,9,[7, 10, 25, 46, 999],[1, 0, 0, 0, 0]
38,5,2,[7, 10, 25, 46, 999],[1, 0, 0, 0, 0]
39,5,8,[7, 10, 25, 46, 999],[1, 0, 0, 0, 0]
40,3,10,[13, 75, 1005],[1, 0, 0]
41,3,4,[13, 75, 1005],[1, 0, 0]
42,5,2,[7, 10, 25, 46, 999],[1, 0, 0, 0, 0]
43,5,14,[7, 10, 25, 46, 999],[1, 0, 0, 0, 0]
44,5,8,[7, 10, 25, 46, 999],[1, 0, 0, 0, 0]
45,3,10,[13, 75, 1005],[1, 0, 0]
46,5,0,[7, 10, 25, 46, 999],[1, 0, 0, 0, 0]
47,3,14,[13, 75, 1005],[1, 0, 0]
48,3,10,[13, 75, 1005],[1, 0, 0]
49,5,8,[7, 10, 25, 46, 999],[1, 0, 0, 0, 0]
50,5,2,[7, 10, 25, 46, 999],[1, 0, 0, 0, 0]
51,5,8,[7, 10, 25, 46, 999],[1, 0, 0, 0, 0]
52,5,12,[7, 10, 25, 46, 999],[1, 0, 0, 0, 0]
53,5,4,[7, 10, 25, 46, 999],[1, 0, 0, 0, 0]
54,3,10,[13, 75, 1005],[1, 0, 0]
55,5,8,[7, 10, 25, 46, 999],[1, 0, 0, 0, 0]
56,3,1,[13, 75, 1005],[1, 0, 0]
57,3,2,[13, 75, 1005],[1, 0, 0]
58,3,13,[13, 75, 1005],[1, 0, 0]
59,5,12,[7, 10, 25, 46, 999],[1, 0, 0, 0, 0]
60,5,2,[7, 10, 25, 46, 999],[1, 0, 0, 0, 0]
61,5,2,[7, 10, 25, 46, 999],[1, 0, 0, 0, 0]
62,5,9,[7, 10, 25, 46, 999],[1, 0, 0, 0, 0]
63,3,1,[13, 75, 1005],[1, 0, 0]
64,5,2,[7, 10, 25, 46, 999],[1, 0, 0, 0, 0]
65,5,8,[7, 10, 25, 46, 999],[1, 0, 0, 0, 0]
66,5,8,[7, 10, 25, 46, 999],[1, 0, 0, 0, 0]
67,5,16,[7, 10, 25, 46, 999],[1, 0, 0, 0, 0]
68,5,2,[7, 10, 25, 46, 999],[1, 0, 0, 0, 0]
69,5,9,[7, 10, 25, 46, 999],[1, 0, 0, 0, 0]
70,5,8,[7, 10, 25, 46, 999],[1, 0, 0, 0, 0]
71,5,16,[7, 10, 25, 46, 999],[1, 0, 0, 0, 0]
72,5,2,[7, 10, 25, 46, 999],[1, 0, 0, 0, 0]
73,5,5,[7, 10, 25, 46, 999],[1, 0, 0, 0, 0]
74,5,9,[7, 10, 25, 46, 999],[1, 0, 0, 0, 0]
75,3,0,[13, 75, 1005],[1, 0, 0]
76,3,7,[13, 75, 1005],[1, 0, 0]
77,5,8,[7, 10, 25, 46, 999],[1, 0, 0, 0, 0]
78,5,8,[7, 10, 25, 46, 999],[1, 0, 0, 0, 0]
79,5,3,[7, 10, 25, 46, 999],[1, 0, 0, 0, 0]
80,3,1,[13, 75, 1005],[1, 0, 0]
81,5,2,[7, 10, 25, 46, 999],[1, 0, 0, 0, 0]
82,5,15,[7, 10, 25, 46, 999],[1, 0, 0, 0, 0]
83,5,6,[7, 10, 25, 46, 999],[1, 0, 0, 0, 0]
84,5,8,[7, 10, 25, 46, 999],[1, 0, 0, 0, 0]
85,3,2,[13, 75, 1005],[1, 0, 0]
86,3,11,[13, 75, 1005],[1, 0, 0]
87,5,2,[7, 10, 25, 46, 999],[1, 0, 0, 0, 0]
88,5,12,[7, 10, 25, 46, 999],[1, 0, 0, 0, 0]
89,5,10,[7, 10, 25, 46, 999],[1, 0, 0, 0, 0]
90,3,1,[13, 75, 1005],[1, 0, 0]
91,5,8,[7, 10, 25, 46, 999],[1, 0, 0, 0, 0]
92,5,8,[7, 10, 25, 46, 999],[1, 0, 0, 0, 0]
93,5,13,[7, 10, 25, 46, 999],[1, 0, 0, 0, 0]
94,5,9,[7, 10, 25, 46, 999],[1, 0, 0, 0, 0]
95,5,8,[7, 10, 25, 46, 999],[1, 0, 0, 0, 0]
96,3,1,[13, 75, 1005],[1, 0, 0]
97,3,12,[13, 75, 1005],[1, 0, 0]
98,5,8,[7, 10, 25, 46, 999],[1, 0, 0, 0, 0]
99,5,12,[7, 10, 25, 46, 999],[1, 0, 0, 0, 0]
100,5,8,[7, 10, 25, 46, 999],[1, 0, 0, 0, 0]
