1,1,0,[1],[0]
2,6,5,[7, 12, 23, 42, 325, 341],[1, 0, 1, 0, 0, 0]
3,6,10,[7, 12, 23, 42, 325, 341],[1, 0, 1, 0, 0, 0]
4,1,0,[4],[0]
5,6,4,[7, 12, 23, 42, 325, 341],[1, 0, 1, 0, 0, 0]
6,6,5,[7, 12, 23, 42, 325, 341],[1, 0, 1, 0, 0, 0]
7,6,0,[7, 12, 23, 42, 325, 341],[1, 0, 1, 0, 0, 0]
8,6,6,[7, 12, 23, 42, 325, 341],[1, 0, 1, 0, 0, 0]
9,6,6,[7, 12, 23, 42, 325, 341],[1, 0, 1, 0, 0, 0]
10,6,1,[7, 12, 23, 42, 325, 341],[1, 0, 1, 0, 0, 0]
11,3,0,[11, 54, 329],[1, 0, 0]
12,6,0,[7, 12, 23, 42, 325, 341],[1, 0, 1, 0, 0, 0]
13,6,11,[7, 12, 23, 42, 325, 341],[1, 0, 1, 0, 0, 0]
14,6,7,[7, 12, 23, 42, 325, 341],[1, 0, 1, 0, 0, 0]
15,6,7,[7, 12, 23, 42, 325, 341],[1, 0, 1, 0, 0, 0]
16,6,7,[7, 12, 23, 42, 325, 341],[1, 0, 1, 0, 0, 0]
17,6,3,[7, 12, 23, 42, 325, 341],[1, 0, 1, 0, 0, 0]
18,6,7,[7, 12, 23, 42, 325, 341],[1, 0, 1, 0, 0, 0]
19,6,4,[7, 12, 23, 42, 325, 341],[1, 0, 1, 0, 0, 0]
20,6,7,[7, 12, 23, 42, 325, 341],[1, 0, 1, 0, 0, 0]
21,6,2,[7, 12, 23, 42, 325, 341],[1, 0, 1, 0, 0, 0]
22,6,12,[7, 12, 23, 42, 325, 341],[1, 0, 1, 0, 0, 0]
23,6,0,[7, 12, 23, 42, 325, 341],[1, 0, 1, 0, 0, 0]
24,6,7,[7, 12, 23, 42, 325, 341],[1, 0, 1, 0, 0, 0]
25,6,2,[7, 12, 23, 42, 325, 341],[1, 0, 1, 0, 0, 0]
26,6,8,[7, 12, 23, 42, 325, 341],[1, 0, 1, 0, 0, 0]
27,6,7,[7, 12, 23, 42, 325, 341],[1, 0, 1, 0, 0, 0]
28,3,1,[11, 54, 329],[1, 0, 0]
29,6,10,[7, 12, 23, 42, 325, 341],[1, 0, 1, 0, 0, 0]
30,6,2,[7, 12, 23, 42, 325, 341],[1, 0, 1, 0, 0, 0]
31,6,7,[7, 12, 23, 42, 325, 341],[1, 0, 1, 0, 0, 0]
32,6,2,[7, 12, 23, 42, 325, 341],[1, 0, 1, 0, 0, 0]
33,6,8,[7, 12, 23, 42, 325, 341],[1, 0, 1, 0, 0, 0]
34,6,5,[7, 12, 23, 42, 325, 341],[1, 0, 1, 0, 0, 0]
35,6,1,[7, 12, 23, 42, 325, 341],[1, 0, 1, 0, 0, 0]
36,6,2,[7, 12, 23, 42, 325, 341],[1, 0, 1, 0, 0, 0]
37,6,3,[7, 12, 23, 42, 325, 341],[1, 0, 1, 0, 0, 0]
38,6,3,[7, 12, 23, 42, 325, 341],[1, 0, 1, 0, 0, 0]
39,6,8,[7, 12, 23, 42, 325, 341],[1, 0, 1, 0, 0, 0]
40,3,1,[11, 54, 329],[1, 0, 0]
41,6,12,[7, 12, 23, 42, 325, 341],[1, 0, 1, 0, 0, 0]
42,6,0,[7, 12, 23, 42, 325, 341],[1, 0, 1, 0, 0, 0]
43,6,5,[7, 12, 23, 42, 325, 341],[1, 0, 1, 0, 0, 0]
44,6,8,[7, 12, 23, 42, 325, 341],[1, 0, 1, 0, 0, 0]
45,3,1,[11, 54, 329],[1, 0, 0]
46,6,3,[7, 12, 23, 42, 325, 341],[1, 0, 1, 0, 0, 0]
47,6,10,[7, 12, 23, 42, 325, 341],[1, 0, 1, 0, 0, 0]
48,3,1,[11, 54, 329],[1, 0, 0]
49,6,8,[7, 12, 23, 42, 325, 341],[1, 0, 1, 0, 0, 0]
50,6,1,[7, 12, 23, 42, 325, 341],[1, 0, 1, 0, 0, 0]
51,6,8,[7, 12, 23, 42, 325, 341],[1, 0, 1, 0, 0, 0]
52,6,4,[7, 12, 23, 42, 325, 341],[1, 0, 1, 0, 0, 0]
53,6,3,[7, 12, 23, 42, 325, 341],[1, 0, 1, 0, 0, 0]
54,3,0,[11, 54, 329],[1, 0, 0]
55,6,8,[7, 12, 23, 42, 325, 341],[1, 0, 1, 0, 0, 0]
56,6,12,[7, 12, 23, 42, 325, 341],[1, 0, 1, 0, 0, 0]
57,6,13,[7, 12, 23, 42, 325, 341],[1, 0, 1, 0, 0, 0]
58,6,8,[7, 12, 23, 42, 325, 341],[1, 0, 1, 0, 0, 0]
59,6,2,[7, 12, 23, 42, 325, 341],[1, 0, 1, 0, 0, 0]
60,6,1,[7, 12, 23, 42, 325, 341],[1, 0, 1, 0, 0, 0]
61,6,11,[7, 12, 23, 42, 325, 341],[1, 0, 1, 0, 0, 0]
62,6,9,[7, 12, 23, 42, 325, 341],[1, 0, 1, 0, 0, 0]
63,6,12,[7, 12, 23, 42, 325, 341],[1, 0, 1, 0, 0, 0]
64,6,1,[7, 12, 23, 42, 325, 341],[1, 0, 1, 0, 0, 0]
65,6,8,[7, 12, 23, 42, 325, 341],[1, 0, 1, 0, 0, 0]
66,6,8,[7, 12, 23, 42, 325, 341],[1, 0, 1, 0, 0, 0]
67,6,2,[7, 12, 23, 42, 325, 341],[1, 0, 1, 0, 0, 0]
68,6,3,[7, 12, 23, 42, 325, 341],[1, 0, 1, 0, 0, 0]
69,6,9,[7, 12, 23, 42, 325, 341],[1, 0, 1, 0, 0, 0]
70,6,8,[7, 12, 23, 42, 325, 341],[1, 0, 1, 0, 0, 0]
71,6,15,[7, 12, 23, 42, 325, 341],[1, 0, 1, 0, 0, 0]
72,6,1,[7, 12, 23, 42, 325, 341],[1, 0, 1, 0, 0, 0]
73,3,3,[11, 54, 329],[1, 0, 0]
74,6,9,[7, 12, 23, 42, 325, 341],[1, 0, 1, 0, 0, 0]
75,6,12,[7, 12, 23, 42, 325, 341],[1, 0, 1, 0, 0, 0]
76,6,1,[7, 12, 23, 42, 325, 341],[1, 0, 1, 0, 0, 0]
77,6,8,[7, 12, 23, 42, 325, 341],[1, 0, 1, 0, 0, 0]
78,6,8,[7, 12, 23, 42, 325, 341],[1, 0, 1, 0, 0, 0]
79,6,13,[7, 12, 23, 42, 325, 341],[1, 0, 1, 0, 0, 0]
80,6,12,[7, 12, 23, 42, 325, 341],[1, 0, 1, 0, 0, 0]
81,6,1,[7, 12, 23, 42, 325, 341],[1, 0, 1, 0, 0, 0]
82,6,6,[7, 12, 23, 42, 325, 341],[1, 0, 1, 0, 0, 0]
83,6,12,[7, 12, 23, 42, 325, 341],[1, 0, 1, 0, 0, 0]
84,6,8,[7, 12, 23, 42, 325, 341],[1, 0, 1, 0, 0, 0]
85,6,13,[7, 12, 23, 42, 325, 341],[1, 0, 1, 0, 0, 0]
86,3,2,[11, 54, 329],[1, 0, 0]
87,6,3,[7, 12, 23, 42, 325, 341],[1, 0, 1, 0, 0, 0]
88,6,4,[7, 12, 23, 42, 325, 341],[1, 0, 1, 0, 0, 0]
89,3,3,[11, 54, 329],[1, 0, 0]
90,6,12,[7, 12, 23, 42, 325, 341],[1, 0, 1, 0, 0, 0]
91,6,8,[7, 12, 23, 42, 325, 341],[1, 0, 1, 0, 0, 0]
92,6,8,[7, 12, 23, 42, 325, 341],[1, 0, 1, 0, 0, 0]
93,6,6,[7, 12, 23, 42, 325, 341],[1, 0, 1, 0, 0, 0]
94,6,9,[7, 12, 23, 42, 325, 341],[1, 0, 1, 0, 0, 0]
95,6,8,[7, 12, 23, 42, 325, 341],[1, 0, 1, 0, 0, 0]
96,6,12,[7, 12, 23, 42, 325, 341],[1, 0, 1, 0, 0, 0]
97,6,6,[7, 12, 23, 42, 325, 341],[1, 0, 1, 0, 0, 0]
98,6,8,[7, 12, 23, 42, 325, 341],[1, 0, 1, 0, 0, 0]
99,6,4,[7, 12, 23, 42, 325, 341],[1, 0, 1, 0, 0, 0]
100,6,8,[7, 12, 23, 42, 325, 341],[1, 0, 1, 0, 0, 0]
