1,1,0,[1]
2,6,8,[416, 23, 428, 111, 40, 11]
3,6,14,[416, 23, 428, 111, 40, 11]
4,1,0,[4]
5,6,8,[416, 23, 428, 111, 40, 11]
6,6,9,[416, 23, 428, 111, 40, 11]
7,6,15,[416, 23, 428, 111, 40, 11]
8,6,10,[416, 23, 428, 111, 40, 11]
9,6,10,[416, 23, 428, 111, 40, 11]
10,6,16,[416, 23, 428, 111, 40, 11]
11,6,5,[416, 23, 428, 111, 40, 11]
12,6,16,[416, 23, 428, 111, 40, 11]
13,6,19,[416, 23, 428, 111, 40, 11]
14,6,11,[416, 23, 428, 111, 40, 11]
15,6,11,[416, 23, 428, 111, 40, 11]
16,6,11,[416, 23, 428, 111, 40, 11]
17,6,16,[416, 23, 428, 111, 40, 11]
18,6,11,[416, 23, 428, 111, 40, 11]
19,6,23,[416, 23, 428, 111, 40, 11]
20,6,11,[416, 23, 428, 111, 40, 11]
21,6,17,[416, 23, 428, 111, 40, 11]
22,6,20,[416, 23, 428, 111, 40, 11]
23,6,5,[428, 111, 40, 11, 416, 23]
24,6,11,[416, 23, 428, 111, 40, 11]
25,6,17,[416, 23, 428, 111, 40, 11]
26,6,12,[416, 23, 428, 111, 40, 11]
27,6,11,[416, 23, 428, 111, 40, 11]
28,6,6,[416, 23, 428, 111, 40, 11]
29,6,7,[11, 416, 23, 428, 111, 40]
30,6,17,[416, 23, 428, 111, 40, 11]
31,6,22,[416, 23, 428, 111, 40, 11]
32,6,17,[416, 23, 428, 111, 40, 11]
33,6,12,[416, 23, 428, 111, 40, 11]
34,6,24,[416, 23, 428, 111, 40, 11]
35,6,17,[416, 23, 428, 111, 40, 11]
36,6,17,[416, 23, 428, 111, 40, 11]
37,6,19,[416, 23, 428, 111, 40, 11]
38,6,18,[416, 23, 428, 111, 40, 11]
39,6,12,[416, 23, 428, 111, 40, 11]
40,6,5,[11, 416, 23, 428, 111, 40]
41,6,14,[416, 23, 428, 111, 40, 11]
42,6,17,[416, 23, 428, 111, 40, 11]
43,6,25,[416, 23, 428, 111, 40, 11]
44,6,12,[416, 23, 428, 111, 40, 11]
45,6,6,[416, 23, 428, 111, 40, 11]
46,6,18,[416, 23, 428, 111, 40, 11]
47,6,26,[416, 23, 428, 111, 40, 11]
48,6,6,[416, 23, 428, 111, 40, 11]
49,6,12,[416, 23, 428, 111, 40, 11]
50,6,17,[416, 23, 428, 111, 40, 11]
51,6,12,[416, 23, 428, 111, 40, 11]
52,6,17,[416, 23, 428, 111, 40, 11]
53,6,20,[416, 23, 428, 111, 40, 11]
54,6,6,[416, 23, 428, 111, 40, 11]
55,6,12,[416, 23, 428, 111, 40, 11]
56,6,20,[416, 23, 428, 111, 40, 11]
57,6,21,[416, 23, 428, 111, 40, 11]
58,6,23,[416, 23, 428, 111, 40, 11]
59,6,21,[416, 23, 428, 111, 40, 11]
60,6,17,[416, 23, 428, 111, 40, 11]
61,6,20,[416, 23, 428, 111, 40, 11]
62,6,13,[416, 23, 428, 111, 40, 11]
63,6,20,[416, 23, 428, 111, 40, 11]
64,6,17,[416, 23, 428, 111, 40, 11]
65,6,12,[416, 23, 428, 111, 40, 11]
66,6,12,[416, 23, 428, 111, 40, 11]
67,6,14,[416, 23, 428, 111, 40, 11]
68,6,18,[416, 23, 428, 111, 40, 11]
69,6,13,[416, 23, 428, 111, 40, 11]
70,6,12,[416, 23, 428, 111, 40, 11]
71,6,8,[416, 23, 428, 111, 40, 11]
72,6,17,[416, 23, 428, 111, 40, 11]
73,6,22,[416, 23, 428, 111, 40, 11]
74,6,13,[416, 23, 428, 111, 40, 11]
75,6,20,[416, 23, 428, 111, 40, 11]
76,6,6,[428, 111, 40, 11, 416, 23]
77,6,12,[416, 23, 428, 111, 40, 11]
78,6,12,[416, 23, 428, 111, 40, 11]
79,6,14,[416, 23, 428, 111, 40, 11]
80,6,20,[416, 23, 428, 111, 40, 11]
81,6,17,[416, 23, 428, 111, 40, 11]
82,6,26,[416, 23, 428, 111, 40, 11]
83,6,16,[416, 23, 428, 111, 40, 11]
84,6,12,[416, 23, 428, 111, 40, 11]
85,6,21,[416, 23, 428, 111, 40, 11]
86,6,7,[416, 23, 428, 111, 40, 11]
87,6,18,[416, 23, 428, 111, 40, 11]
88,6,17,[416, 23, 428, 111, 40, 11]
89,6,26,[416, 23, 428, 111, 40, 11]
90,6,20,[416, 23, 428, 111, 40, 11]
91,6,12,[416, 23, 428, 111, 40, 11]
92,6,12,[416, 23, 428, 111, 40, 11]
93,6,25,[416, 23, 428, 111, 40, 11]
94,6,13,[416, 23, 428, 111, 40, 11]
95,6,12,[416, 23, 428, 111, 40, 11]
96,6,20,[416, 23, 428, 111, 40, 11]
97,6,27,[416, 23, 428, 111, 40, 11]
98,6,12,[416, 23, 428, 111, 40, 11]
99,6,17,[416, 23, 428, 111, 40, 11]
100,6,12,[416, 23, 428, 111, 40, 11]
101,6,19,[416, 23, 428, 111, 40, 11]
102,6,21,[416, 23, 428, 111, 40, 11]
103,6,26,[416, 23, 428, 111, 40, 11]
104,6,24,[416, 23, 428, 111, 40, 11]
105,6,12,[416, 23, 428, 111, 40, 11]
106,6,13,[416, 23, 428, 111, 40, 11]
107,6,13,[416, 23, 428, 111, 40, 11]
108,6,20,[416, 23, 428, 111, 40, 11]
109,6,15,[416, 23, 428, 111, 40, 11]
110,6,12,[416, 23, 428, 111, 40, 11]
111,6,5,[40, 11, 416, 23, 428, 111]
112,6,12,[416, 23, 428, 111, 40, 11]
113,6,20,[416, 23, 428, 111, 40, 11]
114,6,12,[416, 23, 428, 111, 40, 11]
115,6,7,[416, 23, 428, 111, 40, 11]
116,6,13,[416, 23, 428, 111, 40, 11]
117,6,24,[416, 23, 428, 111, 40, 11]
118,6,21,[416, 23, 428, 111, 40, 11]
119,6,12,[416, 23, 428, 111, 40, 11]
120,6,12,[416, 23, 428, 111, 40, 11]
121,6,21,[416, 23, 428, 111, 40, 11]
122,6,21,[416, 23, 428, 111, 40, 11]
123,6,13,[416, 23, 428, 111, 40, 11]
124,6,18,[416, 23, 428, 111, 40, 11]
125,6,12,[416, 23, 428, 111, 40, 11]
126,6,12,[416, 23, 428, 111, 40, 11]
127,6,19,[416, 23, 428, 111, 40, 11]
128,6,12,[416, 23, 428, 111, 40, 11]
129,6,19,[416, 23, 428, 111, 40, 11]
130,6,12,[416, 23, 428, 111, 40, 11]
131,6,24,[416, 23, 428, 111, 40, 11]
132,6,12,[416, 23, 428, 111, 40, 11]
133,6,13,[416, 23, 428, 111, 40, 11]
134,6,14,[416, 23, 428, 111, 40, 11]
135,6,12,[416, 23, 428, 111, 40, 11]
136,6,6,[428, 111, 40, 11, 416, 23]
137,6,8,[428, 111, 40, 11, 416, 23]
138,6,7,[416, 23, 428, 111, 40, 11]
139,6,13,[416, 23, 428, 111, 40, 11]
140,6,12,[416, 23, 428, 111, 40, 11]
141,6,18,[416, 23, 428, 111, 40, 11]
142,6,23,[416, 23, 428, 111, 40, 11]
143,6,12,[416, 23, 428, 111, 40, 11]
144,6,12,[416, 23, 428, 111, 40, 11]
145,6,25,[416, 23, 428, 111, 40, 11]
146,6,21,[416, 23, 428, 111, 40, 11]
147,6,17,[416, 23, 428, 111, 40, 11]
148,6,15,[416, 23, 428, 111, 40, 11]
149,6,22,[416, 23, 428, 111, 40, 11]
150,6,12,[416, 23, 428, 111, 40, 11]
151,6,14,[416, 23, 428, 111, 40, 11]
152,6,18,[416, 23, 428, 111, 40, 11]
153,6,6,[428, 111, 40, 11, 416, 23]
154,6,12,[416, 23, 428, 111, 40, 11]
155,6,18,[416, 23, 428, 111, 40, 11]
156,6,12,[416, 23, 428, 111, 40, 11]
157,6,16,[416, 23, 428, 111, 40, 11]
158,6,18,[416, 23, 428, 111, 40, 11]
159,6,21,[416, 23, 428, 111, 40, 11]
160,6,12,[416, 23, 428, 111, 40, 11]
161,6,18,[416, 23, 428, 111, 40, 11]
162,6,12,[416, 23, 428, 111, 40, 11]
163,6,14,[416, 23, 428, 111, 40, 11]
164,6,7,[416, 23, 428, 111, 40, 11]
165,6,24,[416, 23, 428, 111, 40, 11]
166,6,22,[416, 23, 428, 111, 40, 11]
167,6,8,[416, 23, 428, 111, 40, 11]
168,6,12,[416, 23, 428, 111, 40, 11]
169,6,13,[416, 23, 428, 111, 40, 11]
170,6,12,[416, 23, 428, 111, 40, 11]
171,6,18,[416, 23, 428, 111, 40, 11]
172,6,27,[416, 23, 428, 111, 40, 11]
173,6,19,[416, 23, 428, 111, 40, 11]
174,6,25,[416, 23, 428, 111, 40, 11]
175,6,17,[416, 23, 428, 111, 40, 11]
176,6,24,[416, 23, 428, 111, 40, 11]
177,6,14,[416, 23, 428, 111, 40, 11]
178,6,13,[416, 23, 428, 111, 40, 11]
179,6,16,[416, 23, 428, 111, 40, 11]
180,6,12,[416, 23, 428, 111, 40, 11]
181,6,20,[416, 23, 428, 111, 40, 11]
182,6,21,[416, 23, 428, 111, 40, 11]
183,6,18,[416, 23, 428, 111, 40, 11]
184,6,8,[11, 416, 23, 428, 111, 40]
185,6,18,[416, 23, 428, 111, 40, 11]
186,6,18,[416, 23, 428, 111, 40, 11]
187,6,7,[416, 23, 428, 111, 40, 11]
188,6,13,[416, 23, 428, 111, 40, 11]
189,6,12,[416, 23, 428, 111, 40, 11]
190,6,13,[416, 23, 428, 111, 40, 11]
191,6,8,[428, 111, 40, 11, 416, 23]
192,6,12,[416, 23, 428, 111, 40, 11]
193,6,20,[416, 23, 428, 111, 40, 11]
194,6,18,[416, 23, 428, 111, 40, 11]
195,6,18,[416, 23, 428, 111, 40, 11]
196,6,12,[416, 23, 428, 111, 40, 11]
197,6,19,[416, 23, 428, 111, 40, 11]
198,6,24,[416, 23, 428, 111, 40, 11]
199,6,20,[416, 23, 428, 111, 40, 11]
200,6,12,[416, 23, 428, 111, 40, 11]
