1  1  [1]
2  8  [5, 164, 45, 11, 170, 24, 9, 6]
3  8  [11, 170, 24, 9, 6, 5, 164, 45]
4  1  [4]
5  8  [5, 164, 45, 11, 170, 24, 9, 6]
6  8  [6, 5, 164, 45, 11, 170, 24, 9]
7  8  [170, 24, 9, 6, 5, 164, 45, 11]
8  8  [9, 6, 5, 164, 45, 11, 170, 24]
9  8  [9, 6, 5, 164, 45, 11, 170, 24]
10  8  [11, 170, 24, 9, 6, 5, 164, 45]
11  8  [11, 170, 24, 9, 6, 5, 164, 45]
12  8  [11, 170, 24, 9, 6, 5, 164, 45]
13  8  [5, 164, 45, 11, 170, 24, 9, 6]
14  8  [24, 9, 6, 5, 164, 45, 11, 170]
15  8  [24, 9, 6, 5, 164, 45, 11, 170]
16  8  [24, 9, 6, 5, 164, 45, 11, 170]
17  8  [5, 164, 45, 11, 170, 24, 9, 6]
18  8  [24, 9, 6, 5, 164, 45, 11, 170]
19  8  [45, 11, 170, 24, 9, 6, 5, 164]
20  8  [24, 9, 6, 5, 164, 45, 11, 170]
21  8  [45, 11, 170, 24, 9, 6, 5, 164]
22  8  [6, 5, 164, 45, 11, 170, 24, 9]
23  8  [24, 9, 6, 5, 164, 45, 11, 170]
24  8  [24, 9, 6, 5, 164, 45, 11, 170]
25  8  [45, 11, 170, 24, 9, 6, 5, 164]
26  8  [170, 24, 9, 6, 5, 164, 45, 11]
27  8  [24, 9, 6, 5, 164, 45, 11, 170]
28  8  [45, 11, 170, 24, 9, 6, 5, 164]
29  8  [45, 11, 170, 24, 9, 6, 5, 164]
30  8  [45, 11, 170, 24, 9, 6, 5, 164]
31  8  [45, 11, 170, 24, 9, 6, 5, 164]
32  8  [45, 11, 170, 24, 9, 6, 5, 164]
33  8  [170, 24, 9, 6, 5, 164, 45, 11]
34  8  [164, 45, 11, 170, 24, 9, 6, 5]
35  8  [45, 11, 170, 24, 9, 6, 5, 164]
36  8  [45, 11, 170, 24, 9, 6, 5, 164]
37  8  [11, 170, 24, 9, 6, 5, 164, 45]
38  8  [164, 45, 11, 170, 24, 9, 6, 5]
39  8  [170, 24, 9, 6, 5, 164, 45, 11]
40  8  [45, 11, 170, 24, 9, 6, 5, 164]
41  8  [11, 170, 24, 9, 6, 5, 164, 45]
42  8  [45, 11, 170, 24, 9, 6, 5, 164]
43  8  [6, 5, 164, 45, 11, 170, 24, 9]
44  8  [170, 24, 9, 6, 5, 164, 45, 11]
45  8  [45, 11, 170, 24, 9, 6, 5, 164]
46  8  [164, 45, 11, 170, 24, 9, 6, 5]
47  8  [45, 11, 170, 24, 9, 6, 5, 164]
48  8  [45, 11, 170, 24, 9, 6, 5, 164]
49  8  [170, 24, 9, 6, 5, 164, 45, 11]
50  8  [45, 11, 170, 24, 9, 6, 5, 164]
51  8  [170, 24, 9, 6, 5, 164, 45, 11]
52  8  [6, 5, 164, 45, 11, 170, 24, 9]
53  8  [170, 24, 9, 6, 5, 164, 45, 11]
54  8  [45, 11, 170, 24, 9, 6, 5, 164]
55  8  [170, 24, 9, 6, 5, 164, 45, 11]
56  8  [6, 5, 164, 45, 11, 170, 24, 9]
57  8  [9, 6, 5, 164, 45, 11, 170, 24]
58  8  [164, 45, 11, 170, 24, 9, 6, 5]
59  8  [6, 5, 164, 45, 11, 170, 24, 9]
60  8  [45, 11, 170, 24, 9, 6, 5, 164]
61  8  [11, 170, 24, 9, 6, 5, 164, 45]
62  8  [11, 170, 24, 9, 6, 5, 164, 45]
63  8  [6, 5, 164, 45, 11, 170, 24, 9]
64  8  [45, 11, 170, 24, 9, 6, 5, 164]
65  8  [170, 24, 9, 6, 5, 164, 45, 11]
66  8  [170, 24, 9, 6, 5, 164, 45, 11]
67  8  [6, 5, 164, 45, 11, 170, 24, 9]
68  8  [164, 45, 11, 170, 24, 9, 6, 5]
69  8  [11, 170, 24, 9, 6, 5, 164, 45]
70  8  [170, 24, 9, 6, 5, 164, 45, 11]
71  8  [5, 164, 45, 11, 170, 24, 9, 6]
72  8  [45, 11, 170, 24, 9, 6, 5, 164]
73  8  [5, 164, 45, 11, 170, 24, 9, 6]
74  8  [11, 170, 24, 9, 6, 5, 164, 45]
75  8  [6, 5, 164, 45, 11, 170, 24, 9]
76  8  [170, 24, 9, 6, 5, 164, 45, 11]
77  8  [170, 24, 9, 6, 5, 164, 45, 11]
78  8  [170, 24, 9, 6, 5, 164, 45, 11]
79  8  [45, 11, 170, 24, 9, 6, 5, 164]
80  8  [6, 5, 164, 45, 11, 170, 24, 9]
81  8  [45, 11, 170, 24, 9, 6, 5, 164]
82  8  [9, 6, 5, 164, 45, 11, 170, 24]
83  8  [11, 170, 24, 9, 6, 5, 164, 45]
84  8  [170, 24, 9, 6, 5, 164, 45, 11]
85  8  [9, 6, 5, 164, 45, 11, 170, 24]
86  8  [164, 45, 11, 170, 24, 9, 6, 5]
87  8  [164, 45, 11, 170, 24, 9, 6, 5]
88  8  [6, 5, 164, 45, 11, 170, 24, 9]
89  8  [164, 45, 11, 170, 24, 9, 6, 5]
90  8  [6, 5, 164, 45, 11, 170, 24, 9]
91  8  [170, 24, 9, 6, 5, 164, 45, 11]
92  8  [170, 24, 9, 6, 5, 164, 45, 11]
93  8  [5, 164, 45, 11, 170, 24, 9, 6]
94  8  [11, 170, 24, 9, 6, 5, 164, 45]
95  8  [170, 24, 9, 6, 5, 164, 45, 11]
96  8  [6, 5, 164, 45, 11, 170, 24, 9]
97  8  [11, 170, 24, 9, 6, 5, 164, 45]
98  8  [170, 24, 9, 6, 5, 164, 45, 11]
99  8  [6, 5, 164, 45, 11, 170, 24, 9]
100  8  [170, 24, 9, 6, 5, 164, 45, 11]
101  8  [24, 9, 6, 5, 164, 45, 11, 170]
102  8  [9, 6, 5, 164, 45, 11, 170, 24]
103  8  [164, 45, 11, 170, 24, 9, 6, 5]
104  8  [164, 45, 11, 170, 24, 9, 6, 5]
