1,1,0,[1]
2,7,19,[5, 229, 453, 154, 20, 9, 6]
3,7,16,[5, 229, 453, 154, 20, 9, 6]
4,1,0,[4]
5,7,6,[229, 453, 154, 20, 9, 6, 5]
6,7,6,[5, 229, 453, 154, 20, 9, 6]
7,4,3,[231, 21, 10, 7]
8,7,7,[5, 229, 453, 154, 20, 9, 6]
9,7,6,[6, 5, 229, 453, 154, 20, 9]
10,4,3,[7, 231, 21, 10]
11,7,15,[5, 229, 453, 154, 20, 9, 6]
12,4,4,[231, 21, 10, 7]
13,7,13,[6, 5, 229, 453, 154, 20, 9]
14,7,7,[6, 5, 229, 453, 154, 20, 9]
15,7,8,[5, 229, 453, 154, 20, 9, 6]
16,7,8,[5, 229, 453, 154, 20, 9, 6]
17,7,12,[5, 229, 453, 154, 20, 9, 6]
18,7,8,[5, 229, 453, 154, 20, 9, 6]
19,7,10,[5, 229, 453, 154, 20, 9, 6]
20,7,6,[9, 6, 5, 229, 453, 154, 20]
21,4,3,[10, 7, 231, 21]
22,7,14,[6, 5, 229, 453, 154, 20, 9]
23,4,6,[7, 231, 21, 10]
24,7,7,[6, 5, 229, 453, 154, 20, 9]
25,4,4,[7, 231, 21, 10]
26,7,9,[5, 229, 453, 154, 20, 9, 6]
27,7,7,[6, 5, 229, 453, 154, 20, 9]
28,7,16,[5, 229, 453, 154, 20, 9, 6]
29,7,13,[5, 229, 453, 154, 20, 9, 6]
30,4,4,[7, 231, 21, 10]
31,4,6,[7, 231, 21, 10]
32,4,4,[7, 231, 21, 10]
33,7,8,[6, 5, 229, 453, 154, 20, 9]
34,7,11,[5, 229, 453, 154, 20, 9, 6]
35,4,5,[231, 21, 10, 7]
36,4,4,[7, 231, 21, 10]
37,4,7,[231, 21, 10, 7]
38,4,4,[10, 7, 231, 21]
39,7,9,[5, 229, 453, 154, 20, 9, 6]
40,7,16,[5, 229, 453, 154, 20, 9, 6]
41,4,9,[7, 231, 21, 10]
42,4,5,[231, 21, 10, 7]
43,7,10,[6, 5, 229, 453, 154, 20, 9]
44,7,9,[5, 229, 453, 154, 20, 9, 6]
45,7,16,[5, 229, 453, 154, 20, 9, 6]
46,4,5,[7, 231, 21, 10]
47,7,17,[6, 5, 229, 453, 154, 20, 9]
48,7,16,[5, 229, 453, 154, 20, 9, 6]
49,7,8,[6, 5, 229, 453, 154, 20, 9]
50,4,5,[231, 21, 10, 7]
51,7,7,[9, 6, 5, 229, 453, 154, 20]
52,7,13,[5, 229, 453, 154, 20, 9, 6]
53,7,11,[6, 5, 229, 453, 154, 20, 9]
54,7,16,[5, 229, 453, 154, 20, 9, 6]
55,7,9,[5, 229, 453, 154, 20, 9, 6]
56,7,14,[6, 5, 229, 453, 154, 20, 9]
57,7,15,[6, 5, 229, 453, 154, 20, 9]
58,4,7,[7, 231, 21, 10]
59,7,16,[5, 229, 453, 154, 20, 9, 6]
60,4,5,[231, 21, 10, 7]
61,7,9,[6, 5, 229, 453, 154, 20, 9]
62,7,9,[6, 5, 229, 453, 154, 20, 9]
63,7,14,[6, 5, 229, 453, 154, 20, 9]
64,4,5,[231, 21, 10, 7]
65,7,9,[5, 229, 453, 154, 20, 9, 6]
66,7,9,[5, 229, 453, 154, 20, 9, 6]
67,7,10,[6, 5, 229, 453, 154, 20, 9]
68,4,4,[10, 7, 231, 21]
69,7,10,[5, 229, 453, 154, 20, 9, 6]
70,7,8,[6, 5, 229, 453, 154, 20, 9]
71,4,7,[231, 21, 10, 7]
72,4,5,[231, 21, 10, 7]
73,7,8,[9, 6, 5, 229, 453, 154, 20]
74,7,10,[5, 229, 453, 154, 20, 9, 6]
75,7,14,[6, 5, 229, 453, 154, 20, 9]
76,4,7,[7, 231, 21, 10]
77,7,9,[5, 229, 453, 154, 20, 9, 6]
78,7,9,[5, 229, 453, 154, 20, 9, 6]
79,7,13,[5, 229, 453, 154, 20, 9, 6]
80,7,14,[6, 5, 229, 453, 154, 20, 9]
81,4,5,[231, 21, 10, 7]
82,7,11,[6, 5, 229, 453, 154, 20, 9]
83,7,12,[5, 229, 453, 154, 20, 9, 6]
84,7,8,[6, 5, 229, 453, 154, 20, 9]
85,7,15,[6, 5, 229, 453, 154, 20, 9]
86,7,17,[5, 229, 453, 154, 20, 9, 6]
87,4,5,[7, 231, 21, 10]
88,7,13,[5, 229, 453, 154, 20, 9, 6]
89,7,18,[6, 5, 229, 453, 154, 20, 9]
90,7,14,[6, 5, 229, 453, 154, 20, 9]
91,7,7,[9, 6, 5, 229, 453, 154, 20]
92,7,8,[6, 5, 229, 453, 154, 20, 9]
93,7,12,[5, 229, 453, 154, 20, 9, 6]
94,7,9,[6, 5, 229, 453, 154, 20, 9]
95,7,8,[6, 5, 229, 453, 154, 20, 9]
96,7,14,[6, 5, 229, 453, 154, 20, 9]
97,7,11,[5, 229, 453, 154, 20, 9, 6]
98,7,9,[5, 229, 453, 154, 20, 9, 6]
99,7,13,[5, 229, 453, 154, 20, 9, 6]
100,7,8,[6, 5, 229, 453, 154, 20, 9]
101,4,8,[7, 231, 21, 10]
102,7,15,[6, 5, 229, 453, 154, 20, 9]
103,7,11,[5, 229, 453, 154, 20, 9, 6]
104,7,11,[5, 229, 453, 154, 20, 9, 6]
105,7,9,[5, 229, 453, 154, 20, 9, 6]
106,7,10,[5, 229, 453, 154, 20, 9, 6]
107,7,19,[5, 229, 453, 154, 20, 9, 6]
108,7,14,[6, 5, 229, 453, 154, 20, 9]
109,7,12,[6, 5, 229, 453, 154, 20, 9]
110,7,9,[5, 229, 453, 154, 20, 9, 6]
111,7,17,[5, 229, 453, 154, 20, 9, 6]
112,7,9,[5, 229, 453, 154, 20, 9, 6]
113,4,9,[7, 231, 21, 10]
114,7,8,[6, 5, 229, 453, 154, 20, 9]
115,7,17,[5, 229, 453, 154, 20, 9, 6]
116,7,9,[6, 5, 229, 453, 154, 20, 9]
117,7,11,[5, 229, 453, 154, 20, 9, 6]
118,7,10,[6, 5, 229, 453, 154, 20, 9]
119,7,8,[6, 5, 229, 453, 154, 20, 9]
120,7,8,[6, 5, 229, 453, 154, 20, 9]
121,7,15,[6, 5, 229, 453, 154, 20, 9]
122,7,15,[6, 5, 229, 453, 154, 20, 9]
123,7,10,[5, 229, 453, 154, 20, 9, 6]
124,4,6,[231, 21, 10, 7]
125,7,9,[5, 229, 453, 154, 20, 9, 6]
126,7,9,[5, 229, 453, 154, 20, 9, 6]
127,7,16,[6, 5, 229, 453, 154, 20, 9]
128,7,8,[6, 5, 229, 453, 154, 20, 9]
129,4,6,[7, 231, 21, 10]
130,7,7,[9, 6, 5, 229, 453, 154, 20]
131,4,9,[7, 231, 21, 10]
132,7,9,[5, 229, 453, 154, 20, 9, 6]
133,7,10,[5, 229, 453, 154, 20, 9, 6]
134,7,11,[5, 229, 453, 154, 20, 9, 6]
135,7,8,[6, 5, 229, 453, 154, 20, 9]
136,4,7,[7, 231, 21, 10]
137,4,6,[10, 7, 231, 21]
138,7,17,[5, 229, 453, 154, 20, 9, 6]
139,4,6,[7, 231, 21, 10]
140,7,9,[5, 229, 453, 154, 20, 9, 6]
141,4,6,[231, 21, 10, 7]
142,7,9,[9, 6, 5, 229, 453, 154, 20]
143,7,8,[6, 5, 229, 453, 154, 20, 9]
144,7,8,[6, 5, 229, 453, 154, 20, 9]
145,7,12,[5, 229, 453, 154, 20, 9, 6]
146,7,15,[6, 5, 229, 453, 154, 20, 9]
147,7,13,[5, 229, 453, 154, 20, 9, 6]
148,4,10,[7, 231, 21, 10]
149,7,15,[5, 229, 453, 154, 20, 9, 6]
150,7,9,[5, 229, 453, 154, 20, 9, 6]
151,7,10,[5, 229, 453, 154, 20, 9, 6]
152,4,5,[7, 231, 21, 10]
153,4,7,[7, 231, 21, 10]
154,7,6,[20, 9, 6, 5, 229, 453, 154]
155,4,5,[7, 231, 21, 10]
156,7,7,[9, 6, 5, 229, 453, 154, 20]
157,7,9,[9, 6, 5, 229, 453, 154, 20]
158,4,6,[231, 21, 10, 7]
159,7,15,[6, 5, 229, 453, 154, 20, 9]
160,7,9,[5, 229, 453, 154, 20, 9, 6]
161,4,5,[7, 231, 21, 10]
162,7,8,[6, 5, 229, 453, 154, 20, 9]
163,7,10,[6, 5, 229, 453, 154, 20, 9]
164,7,17,[5, 229, 453, 154, 20, 9, 6]
165,7,11,[5, 229, 453, 154, 20, 9, 6]
166,7,16,[6, 5, 229, 453, 154, 20, 9]
167,7,18,[5, 229, 453, 154, 20, 9, 6]
168,7,9,[5, 229, 453, 154, 20, 9, 6]
169,7,10,[5, 229, 453, 154, 20, 9, 6]
170,7,8,[6, 5, 229, 453, 154, 20, 9]
171,4,5,[7, 231, 21, 10]
172,7,18,[6, 5, 229, 453, 154, 20, 9]
173,4,7,[7, 231, 21, 10]
174,7,12,[5, 229, 453, 154, 20, 9, 6]
175,7,13,[5, 229, 453, 154, 20, 9, 6]
176,7,11,[5, 229, 453, 154, 20, 9, 6]
177,7,10,[6, 5, 229, 453, 154, 20, 9]
178,7,8,[9, 6, 5, 229, 453, 154, 20]
179,7,11,[5, 229, 453, 154, 20, 9, 6]
180,7,9,[5, 229, 453, 154, 20, 9, 6]
181,7,14,[5, 229, 453, 154, 20, 9, 6]
182,7,15,[6, 5, 229, 453, 154, 20, 9]
183,4,6,[231, 21, 10, 7]
184,7,14,[5, 229, 453, 154, 20, 9, 6]
185,4,6,[231, 21, 10, 7]
186,4,5,[7, 231, 21, 10]
187,7,17,[5, 229, 453, 154, 20, 9, 6]
188,7,8,[9, 6, 5, 229, 453, 154, 20]
189,7,9,[5, 229, 453, 154, 20, 9, 6]
190,7,10,[5, 229, 453, 154, 20, 9, 6]
191,7,15,[5, 229, 453, 154, 20, 9, 6]
192,7,9,[5, 229, 453, 154, 20, 9, 6]
193,7,11,[9, 6, 5, 229, 453, 154, 20]
194,7,14,[5, 229, 453, 154, 20, 9, 6]
195,4,4,[10, 7, 231, 21]
196,7,9,[5, 229, 453, 154, 20, 9, 6]
197,7,10,[9, 6, 5, 229, 453, 154, 20]
198,7,11,[5, 229, 453, 154, 20, 9, 6]
199,7,13,[6, 5, 229, 453, 154, 20, 9]
200,7,9,[5, 229, 453, 154, 20, 9, 6]
