1,1,0,[1],[0]
2,17,4,[5, 6, 9, 11, 14, 23, 45, 47, 49, 76, 86, 94, 907, 913, 925, 949, 1809],[1, 0, 0, 1, 0, 1, 0, 1, 0, 0, 0, 0, 1, 0, 0, 0, 0]
3,7,4,[7, 10, 30, 107, 909, 1009, 1911],[1, 0, 0, 1, 0, 1, 0]
4,1,0,[4],[0]
5,17,0,[5, 6, 9, 11, 14, 23, 45, 47, 49, 76, 86, 94, 907, 913, 925, 949, 1809],[1, 0, 0, 1, 0, 1, 0, 1, 0, 0, 0, 0, 1, 0, 0, 0, 0]
6,17,0,[5, 6, 9, 11, 14, 23, 45, 47, 49, 76, 86, 94, 907, 913, 925, 949, 1809],[1, 0, 0, 1, 0, 1, 0, 1, 0, 0, 0, 0, 1, 0, 0, 0, 0]
7,7,0,[7, 10, 30, 107, 909, 1009, 1911],[1, 0, 0, 1, 0, 1, 0]
8,17,1,[5, 6, 9, 11, 14, 23, 45, 47, 49, 76, 86, 94, 907, 913, 925, 949, 1809],[1, 0, 0, 1, 0, 1, 0, 1, 0, 0, 0, 0, 1, 0, 0, 0, 0]
9,17,0,[5, 6, 9, 11, 14, 23, 45, 47, 49, 76, 86, 94, 907, 913, 925, 949, 1809],[1, 0, 0, 1, 0, 1, 0, 1, 0, 0, 0, 0, 1, 0, 0, 0, 0]
10,7,0,[7, 10, 30, 107, 909, 1009, 1911],[1, 0, 0, 1, 0, 1, 0]
11,17,0,[5, 6, 9, 11, 14, 23, 45, 47, 49, 76, 86, 94, 907, 913, 925, 949, 1809],[1, 0, 0, 1, 0, 1, 0, 1, 0, 0, 0, 0, 1, 0, 0, 0, 0]
12,7,1,[7, 10, 30, 107, 909, 1009, 1911],[1, 0, 0, 1, 0, 1, 0]
13,17,6,[5, 6, 9, 11, 14, 23, 45, 47, 49, 76, 86, 94, 907, 913, 925, 949, 1809],[1, 0, 0, 1, 0, 1, 0, 1, 0, 0, 0, 0, 1, 0, 0, 0, 0]
14,17,0,[5, 6, 9, 11, 14, 23, 45, 47, 49, 76, 86, 94, 907, 913, 925, 949, 1809],[1, 0, 0, 1, 0, 1, 0, 1, 0, 0, 0, 0, 1, 0, 0, 0, 0]
15,17,2,[5, 6, 9, 11, 14, 23, 45, 47, 49, 76, 86, 94, 907, 913, 925, 949, 1809],[1, 0, 0, 1, 0, 1, 0, 1, 0, 0, 0, 0, 1, 0, 0, 0, 0]
16,17,2,[5, 6, 9, 11, 14, 23, 45, 47, 49, 76, 86, 94, 907, 913, 925, 949, 1809],[1, 0, 0, 1, 0, 1, 0, 1, 0, 0, 0, 0, 1, 0, 0, 0, 0]
17,7,6,[7, 10, 30, 107, 909, 1009, 1911],[1, 0, 0, 1, 0, 1, 0]
18,17,2,[5, 6, 9, 11, 14, 23, 45, 47, 49, 76, 86, 94, 907, 913, 925, 949, 1809],[1, 0, 0, 1, 0, 1, 0, 1, 0, 0, 0, 0, 1, 0, 0, 0, 0]
19,7,5,[7, 10, 30, 107, 909, 1009, 1911],[1, 0, 0, 1, 0, 1, 0]
20,17,1,[5, 6, 9, 11, 14, 23, 45, 47, 49, 76, 86, 94, 907, 913, 925, 949, 1809],[1, 0, 0, 1, 0, 1, 0, 1, 0, 0, 0, 0, 1, 0, 0, 0, 0]
21,7,1,[7, 10, 30, 107, 909, 1009, 1911],[1, 0, 0, 1, 0, 1, 0]
22,17,7,[5, 6, 9, 11, 14, 23, 45, 47, 49, 76, 86, 94, 907, 913, 925, 949, 1809],[1, 0, 0, 1, 0, 1, 0, 1, 0, 0, 0, 0, 1, 0, 0, 0, 0]
23,17,0,[5, 6, 9, 11, 14, 23, 45, 47, 49, 76, 86, 94, 907, 913, 925, 949, 1809],[1, 0, 0, 1, 0, 1, 0, 1, 0, 0, 0, 0, 1, 0, 0, 0, 0]
24,17,1,[5, 6, 9, 11, 14, 23, 45, 47, 49, 76, 86, 94, 907, 913, 925, 949, 1809],[1, 0, 0, 1, 0, 1, 0, 1, 0, 0, 0, 0, 1, 0, 0, 0, 0]
25,7,1,[7, 10, 30, 107, 909, 1009, 1911],[1, 0, 0, 1, 0, 1, 0]
26,17,3,[5, 6, 9, 11, 14, 23, 45, 47, 49, 76, 86, 94, 907, 913, 925, 949, 1809],[1, 0, 0, 1, 0, 1, 0, 1, 0, 0, 0, 0, 1, 0, 0, 0, 0]
27,17,1,[5, 6, 9, 11, 14, 23, 45, 47, 49, 76, 86, 94, 907, 913, 925, 949, 1809],[1, 0, 0, 1, 0, 1, 0, 1, 0, 0, 0, 0, 1, 0, 0, 0, 0]
28,17,1,[5, 6, 9, 11, 14, 23, 45, 47, 49, 76, 86, 94, 907, 913, 925, 949, 1809],[1, 0, 0, 1, 0, 1, 0, 1, 0, 0, 0, 0, 1, 0, 0, 0, 0]
29,17,3,[5, 6, 9, 11, 14, 23, 45, 47, 49, 76, 86, 94, 907, 913, 925, 949, 1809],[1, 0, 0, 1, 0, 1, 0, 1, 0, 0, 0, 0, 1, 0, 0, 0, 0]
30,7,0,[7, 10, 30, 107, 909, 1009, 1911],[1, 0, 0, 1, 0, 1, 0]
31,17,11,[5, 6, 9, 11, 14, 23, 45, 47, 49, 76, 86, 94, 907, 913, 925, 949, 1809],[1, 0, 0, 1, 0, 1, 0, 1, 0, 0, 0, 0, 1, 0, 0, 0, 0]
32,7,1,[7, 10, 30, 107, 909, 1009, 1911],[1, 0, 0, 1, 0, 1, 0]
33,17,1,[5, 6, 9, 11, 14, 23, 45, 47, 49, 76, 86, 94, 907, 913, 925, 949, 1809],[1, 0, 0, 1, 0, 1, 0, 1, 0, 0, 0, 0, 1, 0, 0, 0, 0]
34,7,6,[7, 10, 30, 107, 909, 1009, 1911],[1, 0, 0, 1, 0, 1, 0]
35,7,2,[7, 10, 30, 107, 909, 1009, 1911],[1, 0, 0, 1, 0, 1, 0]
36,7,1,[7, 10, 30, 107, 909, 1009, 1911],[1, 0, 0, 1, 0, 1, 0]
37,17,15,[5, 6, 9, 11, 14, 23, 45, 47, 49, 76, 86, 94, 907, 913, 925, 949, 1809],[1, 0, 0, 1, 0, 1, 0, 1, 0, 0, 0, 0, 1, 0, 0, 0, 0]
38,7,2,[7, 10, 30, 107, 909, 1009, 1911],[1, 0, 0, 1, 0, 1, 0]
39,17,3,[5, 6, 9, 11, 14, 23, 45, 47, 49, 76, 86, 94, 907, 913, 925, 949, 1809],[1, 0, 0, 1, 0, 1, 0, 1, 0, 0, 0, 0, 1, 0, 0, 0, 0]
40,17,1,[5, 6, 9, 11, 14, 23, 45, 47, 49, 76, 86, 94, 907, 913, 925, 949, 1809],[1, 0, 0, 1, 0, 1, 0, 1, 0, 0, 0, 0, 1, 0, 0, 0, 0]
41,7,4,[7, 10, 30, 107, 909, 1009, 1911],[1, 0, 0, 1, 0, 1, 0]
42,7,2,[7, 10, 30, 107, 909, 1009, 1911],[1, 0, 0, 1, 0, 1, 0]
43,7,3,[7, 10, 30, 107, 909, 1009, 1911],[1, 0, 0, 1, 0, 1, 0]
44,17,3,[5, 6, 9, 11, 14, 23, 45, 47, 49, 76, 86, 94, 907, 913, 925, 949, 1809],[1, 0, 0, 1, 0, 1, 0, 1, 0, 0, 0, 0, 1, 0, 0, 0, 0]
45,17,0,[5, 6, 9, 11, 14, 23, 45, 47, 49, 76, 86, 94, 907, 913, 925, 949, 1809],[1, 0, 0, 1, 0, 1, 0, 1, 0, 0, 0, 0, 1, 0, 0, 0, 0]
46,7,2,[7, 10, 30, 107, 909, 1009, 1911],[1, 0, 0, 1, 0, 1, 0]
47,17,0,[5, 6, 9, 11, 14, 23, 45, 47, 49, 76, 86, 94, 907, 913, 925, 949, 1809],[1, 0, 0, 1, 0, 1, 0, 1, 0, 0, 0, 0, 1, 0, 0, 0, 0]
48,17,1,[5, 6, 9, 11, 14, 23, 45, 47, 49, 76, 86, 94, 907, 913, 925, 949, 1809],[1, 0, 0, 1, 0, 1, 0, 1, 0, 0, 0, 0, 1, 0, 0, 0, 0]
49,17,0,[5, 6, 9, 11, 14, 23, 45, 47, 49, 76, 86, 94, 907, 913, 925, 949, 1809],[1, 0, 0, 1, 0, 1, 0, 1, 0, 0, 0, 0, 1, 0, 0, 0, 0]
50,7,2,[7, 10, 30, 107, 909, 1009, 1911],[1, 0, 0, 1, 0, 1, 0]
51,17,2,[5, 6, 9, 11, 14, 23, 45, 47, 49, 76, 86, 94, 907, 913, 925, 949, 1809],[1, 0, 0, 1, 0, 1, 0, 1, 0, 0, 0, 0, 1, 0, 0, 0, 0]
52,7,7,[7, 10, 30, 107, 909, 1009, 1911],[1, 0, 0, 1, 0, 1, 0]
53,17,5,[5, 6, 9, 11, 14, 23, 45, 47, 49, 76, 86, 94, 907, 913, 925, 949, 1809],[1, 0, 0, 1, 0, 1, 0, 1, 0, 0, 0, 0, 1, 0, 0, 0, 0]
54,17,1,[5, 6, 9, 11, 14, 23, 45, 47, 49, 76, 86, 94, 907, 913, 925, 949, 1809],[1, 0, 0, 1, 0, 1, 0, 1, 0, 0, 0, 0, 1, 0, 0, 0, 0]
55,17,3,[5, 6, 9, 11, 14, 23, 45, 47, 49, 76, 86, 94, 907, 913, 925, 949, 1809],[1, 0, 0, 1, 0, 1, 0, 1, 0, 0, 0, 0, 1, 0, 0, 0, 0]
56,17,7,[5, 6, 9, 11, 14, 23, 45, 47, 49, 76, 86, 94, 907, 913, 925, 949, 1809],[1, 0, 0, 1, 0, 1, 0, 1, 0, 0, 0, 0, 1, 0, 0, 0, 0]
57,17,8,[5, 6, 9, 11, 14, 23, 45, 47, 49, 76, 86, 94, 907, 913, 925, 949, 1809],[1, 0, 0, 1, 0, 1, 0, 1, 0, 0, 0, 0, 1, 0, 0, 0, 0]
58,17,12,[5, 6, 9, 11, 14, 23, 45, 47, 49, 76, 86, 94, 907, 913, 925, 949, 1809],[1, 0, 0, 1, 0, 1, 0, 1, 0, 0, 0, 0, 1, 0, 0, 0, 0]
59,17,4,[5, 6, 9, 11, 14, 23, 45, 47, 49, 76, 86, 94, 907, 913, 925, 949, 1809],[1, 0, 0, 1, 0, 1, 0, 1, 0, 0, 0, 0, 1, 0, 0, 0, 0]
60,7,2,[7, 10, 30, 107, 909, 1009, 1911],[1, 0, 0, 1, 0, 1, 0]
61,7,8,[7, 10, 30, 107, 909, 1009, 1911],[1, 0, 0, 1, 0, 1, 0]
62,17,2,[5, 6, 9, 11, 14, 23, 45, 47, 49, 76, 86, 94, 907, 913, 925, 949, 1809],[1, 0, 0, 1, 0, 1, 0, 1, 0, 0, 0, 0, 1, 0, 0, 0, 0]
63,17,7,[5, 6, 9, 11, 14, 23, 45, 47, 49, 76, 86, 94, 907, 913, 925, 949, 1809],[1, 0, 0, 1, 0, 1, 0, 1, 0, 0, 0, 0, 1, 0, 0, 0, 0]
64,7,2,[7, 10, 30, 107, 909, 1009, 1911],[1, 0, 0, 1, 0, 1, 0]
65,17,3,[5, 6, 9, 11, 14, 23, 45, 47, 49, 76, 86, 94, 907, 913, 925, 949, 1809],[1, 0, 0, 1, 0, 1, 0, 1, 0, 0, 0, 0, 1, 0, 0, 0, 0]
66,17,3,[5, 6, 9, 11, 14, 23, 45, 47, 49, 76, 86, 94, 907, 913, 925, 949, 1809],[1, 0, 0, 1, 0, 1, 0, 1, 0, 0, 0, 0, 1, 0, 0, 0, 0]
67,17,5,[5, 6, 9, 11, 14, 23, 45, 47, 49, 76, 86, 94, 907, 913, 925, 949, 1809],[1, 0, 0, 1, 0, 1, 0, 1, 0, 0, 0, 0, 1, 0, 0, 0, 0]
68,7,2,[7, 10, 30, 107, 909, 1009, 1911],[1, 0, 0, 1, 0, 1, 0]
69,17,4,[5, 6, 9, 11, 14, 23, 45, 47, 49, 76, 86, 94, 907, 913, 925, 949, 1809],[1, 0, 0, 1, 0, 1, 0, 1, 0, 0, 0, 0, 1, 0, 0, 0, 0]
70,17,1,[5, 6, 9, 11, 14, 23, 45, 47, 49, 76, 86, 94, 907, 913, 925, 949, 1809],[1, 0, 0, 1, 0, 1, 0, 1, 0, 0, 0, 0, 1, 0, 0, 0, 0]
71,17,10,[5, 6, 9, 11, 14, 23, 45, 47, 49, 76, 86, 94, 907, 913, 925, 949, 1809],[1, 0, 0, 1, 0, 1, 0, 1, 0, 0, 0, 0, 1, 0, 0, 0, 0]
72,7,2,[7, 10, 30, 107, 909, 1009, 1911],[1, 0, 0, 1, 0, 1, 0]
73,17,5,[5, 6, 9, 11, 14, 23, 45, 47, 49, 76, 86, 94, 907, 913, 925, 949, 1809],[1, 0, 0, 1, 0, 1, 0, 1, 0, 0, 0, 0, 1, 0, 0, 0, 0]
74,17,4,[5, 6, 9, 11, 14, 23, 45, 47, 49, 76, 86, 94, 907, 913, 925, 949, 1809],[1, 0, 0, 1, 0, 1, 0, 1, 0, 0, 0, 0, 1, 0, 0, 0, 0]
75,17,7,[5, 6, 9, 11, 14, 23, 45, 47, 49, 76, 86, 94, 907, 913, 925, 949, 1809],[1, 0, 0, 1, 0, 1, 0, 1, 0, 0, 0, 0, 1, 0, 0, 0, 0]
76,17,0,[5, 6, 9, 11, 14, 23, 45, 47, 49, 76, 86, 94, 907, 913, 925, 949, 1809],[1, 0, 0, 1, 0, 1, 0, 1, 0, 0, 0, 0, 1, 0, 0, 0, 0]
77,17,3,[5, 6, 9, 11, 14, 23, 45, 47, 49, 76, 86, 94, 907, 913, 925, 949, 1809],[1, 0, 0, 1, 0, 1, 0, 1, 0, 0, 0, 0, 1, 0, 0, 0, 0]
78,17,3,[5, 6, 9, 11, 14, 23, 45, 47, 49, 76, 86, 94, 907, 913, 925, 949, 1809],[1, 0, 0, 1, 0, 1, 0, 1, 0, 0, 0, 0, 1, 0, 0, 0, 0]
79,17,4,[5, 6, 9, 11, 14, 23, 45, 47, 49, 76, 86, 94, 907, 913, 925, 949, 1809],[1, 0, 0, 1, 0, 1, 0, 1, 0, 0, 0, 0, 1, 0, 0, 0, 0]
80,17,7,[5, 6, 9, 11, 14, 23, 45, 47, 49, 76, 86, 94, 907, 913, 925, 949, 1809],[1, 0, 0, 1, 0, 1, 0, 1, 0, 0, 0, 0, 1, 0, 0, 0, 0]
81,7,2,[7, 10, 30, 107, 909, 1009, 1911],[1, 0, 0, 1, 0, 1, 0]
82,7,4,[7, 10, 30, 107, 909, 1009, 1911],[1, 0, 0, 1, 0, 1, 0]
83,17,12,[5, 6, 9, 11, 14, 23, 45, 47, 49, 76, 86, 94, 907, 913, 925, 949, 1809],[1, 0, 0, 1, 0, 1, 0, 1, 0, 0, 0, 0, 1, 0, 0, 0, 0]
84,17,1,[5, 6, 9, 11, 14, 23, 45, 47, 49, 76, 86, 94, 907, 913, 925, 949, 1809],[1, 0, 0, 1, 0, 1, 0, 1, 0, 0, 0, 0, 1, 0, 0, 0, 0]
85,17,8,[5, 6, 9, 11, 14, 23, 45, 47, 49, 76, 86, 94, 907, 913, 925, 949, 1809],[1, 0, 0, 1, 0, 1, 0, 1, 0, 0, 0, 0, 1, 0, 0, 0, 0]
86,17,0,[5, 6, 9, 11, 14, 23, 45, 47, 49, 76, 86, 94, 907, 913, 925, 949, 1809],[1, 0, 0, 1, 0, 1, 0, 1, 0, 0, 0, 0, 1, 0, 0, 0, 0]
87,7,2,[7, 10, 30, 107, 909, 1009, 1911],[1, 0, 0, 1, 0, 1, 0]
88,7,7,[7, 10, 30, 107, 909, 1009, 1911],[1, 0, 0, 1, 0, 1, 0]
89,17,6,[5, 6, 9, 11, 14, 23, 45, 47, 49, 76, 86, 94, 907, 913, 925, 949, 1809],[1, 0, 0, 1, 0, 1, 0, 1, 0, 0, 0, 0, 1, 0, 0, 0, 0]
90,17,7,[5, 6, 9, 11, 14, 23, 45, 47, 49, 76, 86, 94, 907, 913, 925, 949, 1809],[1, 0, 0, 1, 0, 1, 0, 1, 0, 0, 0, 0, 1, 0, 0, 0, 0]
91,17,2,[5, 6, 9, 11, 14, 23, 45, 47, 49, 76, 86, 94, 907, 913, 925, 949, 1809],[1, 0, 0, 1, 0, 1, 0, 1, 0, 0, 0, 0, 1, 0, 0, 0, 0]
92,17,2,[5, 6, 9, 11, 14, 23, 45, 47, 49, 76, 86, 94, 907, 913, 925, 949, 1809],[1, 0, 0, 1, 0, 1, 0, 1, 0, 0, 0, 0, 1, 0, 0, 0, 0]
93,7,7,[7, 10, 30, 107, 909, 1009, 1911],[1, 0, 0, 1, 0, 1, 0]
94,17,0,[5, 6, 9, 11, 14, 23, 45, 47, 49, 76, 86, 94, 907, 913, 925, 949, 1809],[1, 0, 0, 1, 0, 1, 0, 1, 0, 0, 0, 0, 1, 0, 0, 0, 0]
95,17,2,[5, 6, 9, 11, 14, 23, 45, 47, 49, 76, 86, 94, 907, 913, 925, 949, 1809],[1, 0, 0, 1, 0, 1, 0, 1, 0, 0, 0, 0, 1, 0, 0, 0, 0]
96,17,7,[5, 6, 9, 11, 14, 23, 45, 47, 49, 76, 86, 94, 907, 913, 925, 949, 1809],[1, 0, 0, 1, 0, 1, 0, 1, 0, 0, 0, 0, 1, 0, 0, 0, 0]
97,7,4,[7, 10, 30, 107, 909, 1009, 1911],[1, 0, 0, 1, 0, 1, 0]
98,17,3,[5, 6, 9, 11, 14, 23, 45, 47, 49, 76, 86, 94, 907, 913, 925, 949, 1809],[1, 0, 0, 1, 0, 1, 0, 1, 0, 0, 0, 0, 1, 0, 0, 0, 0]
99,7,7,[7, 10, 30, 107, 909, 1009, 1911],[1, 0, 0, 1, 0, 1, 0]
100,17,1,[5, 6, 9, 11, 14, 23, 45, 47, 49, 76, 86, 94, 907, 913, 925, 949, 1809],[1, 0, 0, 1, 0, 1, 0, 1, 0, 0, 0, 0, 1, 0, 0, 0, 0]
