1,1,0,[1],[0]
2,4,4,[7, 10, 32, 442],[1, 0, 0, 0]
3,15,5,[5, 6, 9, 13, 14, 19, 22, 89, 135, 229, 440, 448, 454, 524, 664],[1, 0, 0, 1, 0, 1, 0, 1, 0, 1, 0, 0, 0, 0, 0]
4,1,0,[4],[0]
5,15,0,[5, 6, 9, 13, 14, 19, 22, 89, 135, 229, 440, 448, 454, 524, 664],[1, 0, 0, 1, 0, 1, 0, 1, 0, 1, 0, 0, 0, 0, 0]
6,15,0,[5, 6, 9, 13, 14, 19, 22, 89, 135, 229, 440, 448, 454, 524, 664],[1, 0, 0, 1, 0, 1, 0, 1, 0, 1, 0, 0, 0, 0, 0]
7,4,0,[7, 10, 32, 442],[1, 0, 0, 0]
8,15,1,[5, 6, 9, 13, 14, 19, 22, 89, 135, 229, 440, 448, 454, 524, 664],[1, 0, 0, 1, 0, 1, 0, 1, 0, 1, 0, 0, 0, 0, 0]
9,15,0,[5, 6, 9, 13, 14, 19, 22, 89, 135, 229, 440, 448, 454, 524, 664],[1, 0, 0, 1, 0, 1, 0, 1, 0, 1, 0, 0, 0, 0, 0]
10,4,0,[7, 10, 32, 442],[1, 0, 0, 0]
11,15,5,[5, 6, 9, 13, 14, 19, 22, 89, 135, 229, 440, 448, 454, 524, 664],[1, 0, 0, 1, 0, 1, 0, 1, 0, 1, 0, 0, 0, 0, 0]
12,4,1,[7, 10, 32, 442],[1, 0, 0, 0]
13,15,0,[5, 6, 9, 13, 14, 19, 22, 89, 135, 229, 440, 448, 454, 524, 664],[1, 0, 0, 1, 0, 1, 0, 1, 0, 1, 0, 0, 0, 0, 0]
14,15,0,[5, 6, 9, 13, 14, 19, 22, 89, 135, 229, 440, 448, 454, 524, 664],[1, 0, 0, 1, 0, 1, 0, 1, 0, 1, 0, 0, 0, 0, 0]
15,15,2,[5, 6, 9, 13, 14, 19, 22, 89, 135, 229, 440, 448, 454, 524, 664],[1, 0, 0, 1, 0, 1, 0, 1, 0, 1, 0, 0, 0, 0, 0]
16,15,2,[5, 6, 9, 13, 14, 19, 22, 89, 135, 229, 440, 448, 454, 524, 664],[1, 0, 0, 1, 0, 1, 0, 1, 0, 1, 0, 0, 0, 0, 0]
17,15,3,[5, 6, 9, 13, 14, 19, 22, 89, 135, 229, 440, 448, 454, 524, 664],[1, 0, 0, 1, 0, 1, 0, 1, 0, 1, 0, 0, 0, 0, 0]
18,15,2,[5, 6, 9, 13, 14, 19, 22, 89, 135, 229, 440, 448, 454, 524, 664],[1, 0, 0, 1, 0, 1, 0, 1, 0, 1, 0, 0, 0, 0, 0]
19,15,0,[5, 6, 9, 13, 14, 19, 22, 89, 135, 229, 440, 448, 454, 524, 664],[1, 0, 0, 1, 0, 1, 0, 1, 0, 1, 0, 0, 0, 0, 0]
20,15,1,[5, 6, 9, 13, 14, 19, 22, 89, 135, 229, 440, 448, 454, 524, 664],[1, 0, 0, 1, 0, 1, 0, 1, 0, 1, 0, 0, 0, 0, 0]
21,4,1,[7, 10, 32, 442],[1, 0, 0, 0]
22,15,0,[5, 6, 9, 13, 14, 19, 22, 89, 135, 229, 440, 448, 454, 524, 664],[1, 0, 0, 1, 0, 1, 0, 1, 0, 1, 0, 0, 0, 0, 0]
23,4,4,[7, 10, 32, 442],[1, 0, 0, 0]
24,15,1,[5, 6, 9, 13, 14, 19, 22, 89, 135, 229, 440, 448, 454, 524, 664],[1, 0, 0, 1, 0, 1, 0, 1, 0, 1, 0, 0, 0, 0, 0]
25,4,1,[7, 10, 32, 442],[1, 0, 0, 0]
26,15,3,[5, 6, 9, 13, 14, 19, 22, 89, 135, 229, 440, 448, 454, 524, 664],[1, 0, 0, 1, 0, 1, 0, 1, 0, 1, 0, 0, 0, 0, 0]
27,15,1,[5, 6, 9, 13, 14, 19, 22, 89, 135, 229, 440, 448, 454, 524, 664],[1, 0, 0, 1, 0, 1, 0, 1, 0, 1, 0, 0, 0, 0, 0]
28,15,6,[5, 6, 9, 13, 14, 19, 22, 89, 135, 229, 440, 448, 454, 524, 664],[1, 0, 0, 1, 0, 1, 0, 1, 0, 1, 0, 0, 0, 0, 0]
29,15,7,[5, 6, 9, 13, 14, 19, 22, 89, 135, 229, 440, 448, 454, 524, 664],[1, 0, 0, 1, 0, 1, 0, 1, 0, 1, 0, 0, 0, 0, 0]
30,4,1,[7, 10, 32, 442],[1, 0, 0, 0]
31,15,7,[5, 6, 9, 13, 14, 19, 22, 89, 135, 229, 440, 448, 454, 524, 664],[1, 0, 0, 1, 0, 1, 0, 1, 0, 1, 0, 0, 0, 0, 0]
32,4,0,[7, 10, 32, 442],[1, 0, 0, 0]
33,15,1,[5, 6, 9, 13, 14, 19, 22, 89, 135, 229, 440, 448, 454, 524, 664],[1, 0, 0, 1, 0, 1, 0, 1, 0, 1, 0, 0, 0, 0, 0]
34,15,1,[5, 6, 9, 13, 14, 19, 22, 89, 135, 229, 440, 448, 454, 524, 664],[1, 0, 0, 1, 0, 1, 0, 1, 0, 1, 0, 0, 0, 0, 0]
35,4,2,[7, 10, 32, 442],[1, 0, 0, 0]
36,4,1,[7, 10, 32, 442],[1, 0, 0, 0]
37,15,5,[5, 6, 9, 13, 14, 19, 22, 89, 135, 229, 440, 448, 454, 524, 664],[1, 0, 0, 1, 0, 1, 0, 1, 0, 1, 0, 0, 0, 0, 0]
38,4,2,[7, 10, 32, 442],[1, 0, 0, 0]
39,15,3,[5, 6, 9, 13, 14, 19, 22, 89, 135, 229, 440, 448, 454, 524, 664],[1, 0, 0, 1, 0, 1, 0, 1, 0, 1, 0, 0, 0, 0, 0]
40,15,6,[5, 6, 9, 13, 14, 19, 22, 89, 135, 229, 440, 448, 454, 524, 664],[1, 0, 0, 1, 0, 1, 0, 1, 0, 1, 0, 0, 0, 0, 0]
41,15,8,[5, 6, 9, 13, 14, 19, 22, 89, 135, 229, 440, 448, 454, 524, 664],[1, 0, 0, 1, 0, 1, 0, 1, 0, 1, 0, 0, 0, 0, 0]
42,4,2,[7, 10, 32, 442],[1, 0, 0, 0]
43,4,5,[7, 10, 32, 442],[1, 0, 0, 0]
44,15,3,[5, 6, 9, 13, 14, 19, 22, 89, 135, 229, 440, 448, 454, 524, 664],[1, 0, 0, 1, 0, 1, 0, 1, 0, 1, 0, 0, 0, 0, 0]
45,15,6,[5, 6, 9, 13, 14, 19, 22, 89, 135, 229, 440, 448, 454, 524, 664],[1, 0, 0, 1, 0, 1, 0, 1, 0, 1, 0, 0, 0, 0, 0]
46,4,2,[7, 10, 32, 442],[1, 0, 0, 0]
47,15,5,[5, 6, 9, 13, 14, 19, 22, 89, 135, 229, 440, 448, 454, 524, 664],[1, 0, 0, 1, 0, 1, 0, 1, 0, 1, 0, 0, 0, 0, 0]
48,15,6,[5, 6, 9, 13, 14, 19, 22, 89, 135, 229, 440, 448, 454, 524, 664],[1, 0, 0, 1, 0, 1, 0, 1, 0, 1, 0, 0, 0, 0, 0]
49,15,1,[5, 6, 9, 13, 14, 19, 22, 89, 135, 229, 440, 448, 454, 524, 664],[1, 0, 0, 1, 0, 1, 0, 1, 0, 1, 0, 0, 0, 0, 0]
50,4,2,[7, 10, 32, 442],[1, 0, 0, 0]
51,15,2,[5, 6, 9, 13, 14, 19, 22, 89, 135, 229, 440, 448, 454, 524, 664],[1, 0, 0, 1, 0, 1, 0, 1, 0, 1, 0, 0, 0, 0, 0]
52,15,4,[5, 6, 9, 13, 14, 19, 22, 89, 135, 229, 440, 448, 454, 524, 664],[1, 0, 0, 1, 0, 1, 0, 1, 0, 1, 0, 0, 0, 0, 0]
53,15,6,[5, 6, 9, 13, 14, 19, 22, 89, 135, 229, 440, 448, 454, 524, 664],[1, 0, 0, 1, 0, 1, 0, 1, 0, 1, 0, 0, 0, 0, 0]
54,15,6,[5, 6, 9, 13, 14, 19, 22, 89, 135, 229, 440, 448, 454, 524, 664],[1, 0, 0, 1, 0, 1, 0, 1, 0, 1, 0, 0, 0, 0, 0]
55,15,3,[5, 6, 9, 13, 14, 19, 22, 89, 135, 229, 440, 448, 454, 524, 664],[1, 0, 0, 1, 0, 1, 0, 1, 0, 1, 0, 0, 0, 0, 0]
56,15,1,[5, 6, 9, 13, 14, 19, 22, 89, 135, 229, 440, 448, 454, 524, 664],[1, 0, 0, 1, 0, 1, 0, 1, 0, 1, 0, 0, 0, 0, 0]
57,15,1,[5, 6, 9, 13, 14, 19, 22, 89, 135, 229, 440, 448, 454, 524, 664],[1, 0, 0, 1, 0, 1, 0, 1, 0, 1, 0, 0, 0, 0, 0]
58,15,8,[5, 6, 9, 13, 14, 19, 22, 89, 135, 229, 440, 448, 454, 524, 664],[1, 0, 0, 1, 0, 1, 0, 1, 0, 1, 0, 0, 0, 0, 0]
59,15,3,[5, 6, 9, 13, 14, 19, 22, 89, 135, 229, 440, 448, 454, 524, 664],[1, 0, 0, 1, 0, 1, 0, 1, 0, 1, 0, 0, 0, 0, 0]
60,4,2,[7, 10, 32, 442],[1, 0, 0, 0]
61,15,5,[5, 6, 9, 13, 14, 19, 22, 89, 135, 229, 440, 448, 454, 524, 664],[1, 0, 0, 1, 0, 1, 0, 1, 0, 1, 0, 0, 0, 0, 0]
62,15,2,[5, 6, 9, 13, 14, 19, 22, 89, 135, 229, 440, 448, 454, 524, 664],[1, 0, 0, 1, 0, 1, 0, 1, 0, 1, 0, 0, 0, 0, 0]
63,15,1,[5, 6, 9, 13, 14, 19, 22, 89, 135, 229, 440, 448, 454, 524, 664],[1, 0, 0, 1, 0, 1, 0, 1, 0, 1, 0, 0, 0, 0, 0]
64,4,2,[7, 10, 32, 442],[1, 0, 0, 0]
65,15,3,[5, 6, 9, 13, 14, 19, 22, 89, 135, 229, 440, 448, 454, 524, 664],[1, 0, 0, 1, 0, 1, 0, 1, 0, 1, 0, 0, 0, 0, 0]
66,15,3,[5, 6, 9, 13, 14, 19, 22, 89, 135, 229, 440, 448, 454, 524, 664],[1, 0, 0, 1, 0, 1, 0, 1, 0, 1, 0, 0, 0, 0, 0]
67,15,4,[5, 6, 9, 13, 14, 19, 22, 89, 135, 229, 440, 448, 454, 524, 664],[1, 0, 0, 1, 0, 1, 0, 1, 0, 1, 0, 0, 0, 0, 0]
68,4,2,[7, 10, 32, 442],[1, 0, 0, 0]
69,15,4,[5, 6, 9, 13, 14, 19, 22, 89, 135, 229, 440, 448, 454, 524, 664],[1, 0, 0, 1, 0, 1, 0, 1, 0, 1, 0, 0, 0, 0, 0]
70,15,1,[5, 6, 9, 13, 14, 19, 22, 89, 135, 229, 440, 448, 454, 524, 664],[1, 0, 0, 1, 0, 1, 0, 1, 0, 1, 0, 0, 0, 0, 0]
71,4,3,[7, 10, 32, 442],[1, 0, 0, 0]
72,4,2,[7, 10, 32, 442],[1, 0, 0, 0]
73,15,6,[5, 6, 9, 13, 14, 19, 22, 89, 135, 229, 440, 448, 454, 524, 664],[1, 0, 0, 1, 0, 1, 0, 1, 0, 1, 0, 0, 0, 0, 0]
74,15,4,[5, 6, 9, 13, 14, 19, 22, 89, 135, 229, 440, 448, 454, 524, 664],[1, 0, 0, 1, 0, 1, 0, 1, 0, 1, 0, 0, 0, 0, 0]
75,15,1,[5, 6, 9, 13, 14, 19, 22, 89, 135, 229, 440, 448, 454, 524, 664],[1, 0, 0, 1, 0, 1, 0, 1, 0, 1, 0, 0, 0, 0, 0]
76,4,5,[7, 10, 32, 442],[1, 0, 0, 0]
77,15,3,[5, 6, 9, 13, 14, 19, 22, 89, 135, 229, 440, 448, 454, 524, 664],[1, 0, 0, 1, 0, 1, 0, 1, 0, 1, 0, 0, 0, 0, 0]
78,15,3,[5, 6, 9, 13, 14, 19, 22, 89, 135, 229, 440, 448, 454, 524, 664],[1, 0, 0, 1, 0, 1, 0, 1, 0, 1, 0, 0, 0, 0, 0]
79,15,6,[5, 6, 9, 13, 14, 19, 22, 89, 135, 229, 440, 448, 454, 524, 664],[1, 0, 0, 1, 0, 1, 0, 1, 0, 1, 0, 0, 0, 0, 0]
80,15,1,[5, 6, 9, 13, 14, 19, 22, 89, 135, 229, 440, 448, 454, 524, 664],[1, 0, 0, 1, 0, 1, 0, 1, 0, 1, 0, 0, 0, 0, 0]
81,4,2,[7, 10, 32, 442],[1, 0, 0, 0]
82,4,6,[7, 10, 32, 442],[1, 0, 0, 0]
83,4,4,[7, 10, 32, 442],[1, 0, 0, 0]
84,15,1,[5, 6, 9, 13, 14, 19, 22, 89, 135, 229, 440, 448, 454, 524, 664],[1, 0, 0, 1, 0, 1, 0, 1, 0, 1, 0, 0, 0, 0, 0]
85,15,1,[5, 6, 9, 13, 14, 19, 22, 89, 135, 229, 440, 448, 454, 524, 664],[1, 0, 0, 1, 0, 1, 0, 1, 0, 1, 0, 0, 0, 0, 0]
86,15,7,[5, 6, 9, 13, 14, 19, 22, 89, 135, 229, 440, 448, 454, 524, 664],[1, 0, 0, 1, 0, 1, 0, 1, 0, 1, 0, 0, 0, 0, 0]
87,4,1,[7, 10, 32, 442],[1, 0, 0, 0]
88,15,4,[5, 6, 9, 13, 14, 19, 22, 89, 135, 229, 440, 448, 454, 524, 664],[1, 0, 0, 1, 0, 1, 0, 1, 0, 1, 0, 0, 0, 0, 0]
89,15,0,[5, 6, 9, 13, 14, 19, 22, 89, 135, 229, 440, 448, 454, 524, 664],[1, 0, 0, 1, 0, 1, 0, 1, 0, 1, 0, 0, 0, 0, 0]
90,15,1,[5, 6, 9, 13, 14, 19, 22, 89, 135, 229, 440, 448, 454, 524, 664],[1, 0, 0, 1, 0, 1, 0, 1, 0, 1, 0, 0, 0, 0, 0]
91,15,2,[5, 6, 9, 13, 14, 19, 22, 89, 135, 229, 440, 448, 454, 524, 664],[1, 0, 0, 1, 0, 1, 0, 1, 0, 1, 0, 0, 0, 0, 0]
92,15,2,[5, 6, 9, 13, 14, 19, 22, 89, 135, 229, 440, 448, 454, 524, 664],[1, 0, 0, 1, 0, 1, 0, 1, 0, 1, 0, 0, 0, 0, 0]
93,15,2,[5, 6, 9, 13, 14, 19, 22, 89, 135, 229, 440, 448, 454, 524, 664],[1, 0, 0, 1, 0, 1, 0, 1, 0, 1, 0, 0, 0, 0, 0]
94,15,2,[5, 6, 9, 13, 14, 19, 22, 89, 135, 229, 440, 448, 454, 524, 664],[1, 0, 0, 1, 0, 1, 0, 1, 0, 1, 0, 0, 0, 0, 0]
95,15,2,[5, 6, 9, 13, 14, 19, 22, 89, 135, 229, 440, 448, 454, 524, 664],[1, 0, 0, 1, 0, 1, 0, 1, 0, 1, 0, 0, 0, 0, 0]
96,15,1,[5, 6, 9, 13, 14, 19, 22, 89, 135, 229, 440, 448, 454, 524, 664],[1, 0, 0, 1, 0, 1, 0, 1, 0, 1, 0, 0, 0, 0, 0]
97,4,3,[7, 10, 32, 442],[1, 0, 0, 0]
98,15,3,[5, 6, 9, 13, 14, 19, 22, 89, 135, 229, 440, 448, 454, 524, 664],[1, 0, 0, 1, 0, 1, 0, 1, 0, 1, 0, 0, 0, 0, 0]
99,15,4,[5, 6, 9, 13, 14, 19, 22, 89, 135, 229, 440, 448, 454, 524, 664],[1, 0, 0, 1, 0, 1, 0, 1, 0, 1, 0, 0, 0, 0, 0]
100,15,1,[5, 6, 9, 13, 14, 19, 22, 89, 135, 229, 440, 448, 454, 524, 664],[1, 0, 0, 1, 0, 1, 0, 1, 0, 1, 0, 0, 0, 0, 0]
