1  1  [1, 1, 1, 1, 1, 1, 1, 1, 1, 1, 1, 1, 1, 1, 1, 1, 1, 1, 1]
2  10  [14, 9, 6, 5, 165, 19, 179, 339, 116, 33, 14, 9, 6, 5, 165, 19, 179, 339, 116]
3  10  [5, 165, 19, 179, 339, 116, 33, 14, 9, 6, 5, 165, 19, 179, 339, 116, 33, 14, 9]
4  1  [4, 4, 4, 4, 4, 4, 4, 4, 4, 4, 4, 4, 4, 4, 4, 4, 4, 4, 4]
5  10  [19, 179, 339, 116, 33, 14, 9, 6, 5, 165, 19, 179, 339, 116, 33, 14, 9, 6, 5]
6  10  [165, 19, 179, 339, 116, 33, 14, 9, 6, 5, 165, 19, 179, 339, 116, 33, 14, 9, 6]
7  10  [116, 33, 14, 9, 6, 5, 165, 19, 179, 339, 116, 33, 14, 9, 6, 5, 165, 19, 179]
8  10  [5, 165, 19, 179, 339, 116, 33, 14, 9, 6, 5, 165, 19, 179, 339, 116, 33, 14, 9]
9  10  [5, 165, 19, 179, 339, 116, 33, 14, 9, 6, 5, 165, 19, 179, 339, 116, 33, 14, 9]
10  10  [339, 116, 33, 14, 9, 6, 5, 165, 19, 179, 339, 116, 33, 14, 9, 6, 5, 165, 19]
11  10  [165, 19, 179, 339, 116, 33, 14, 9, 6, 5, 165, 19, 179, 339, 116, 33, 14, 9, 6]
12  10  [339, 116, 33, 14, 9, 6, 5, 165, 19, 179, 339, 116, 33, 14, 9, 6, 5, 165, 19]
13  10  [9, 6, 5, 165, 19, 179, 339, 116, 33, 14, 9, 6, 5, 165, 19, 179, 339, 116, 33]
14  10  [6, 5, 165, 19, 179, 339, 116, 33, 14, 9, 6, 5, 165, 19, 179, 339, 116, 33, 14]
15  10  [6, 5, 165, 19, 179, 339, 116, 33, 14, 9, 6, 5, 165, 19, 179, 339, 116, 33, 14]
16  10  [6, 5, 165, 19, 179, 339, 116, 33, 14, 9, 6, 5, 165, 19, 179, 339, 116, 33, 14]
17  10  [116, 33, 14, 9, 6, 5, 165, 19, 179, 339, 116, 33, 14, 9, 6, 5, 165, 19, 179]
18  10  [6, 5, 165, 19, 179, 339, 116, 33, 14, 9, 6, 5, 165, 19, 179, 339, 116, 33, 14]
19  10  [339, 116, 33, 14, 9, 6, 5, 165, 19, 179, 339, 116, 33, 14, 9, 6, 5, 165, 19]
20  10  [6, 5, 165, 19, 179, 339, 116, 33, 14, 9, 6, 5, 165, 19, 179, 339, 116, 33, 14]
21  10  [179, 339, 116, 33, 14, 9, 6, 5, 165, 19, 179, 339, 116, 33, 14, 9, 6, 5, 165]
22  10  [14, 9, 6, 5, 165, 19, 179, 339, 116, 33, 14, 9, 6, 5, 165, 19, 179, 339, 116]
23  10  [165, 19, 179, 339, 116, 33, 14, 9, 6, 5, 165, 19, 179, 339, 116, 33, 14, 9, 6]
24  10  [6, 5, 165, 19, 179, 339, 116, 33, 14, 9, 6, 5, 165, 19, 179, 339, 116, 33, 14]
25  10  [179, 339, 116, 33, 14, 9, 6, 5, 165, 19, 179, 339, 116, 33, 14, 9, 6, 5, 165]
26  10  [9, 6, 5, 165, 19, 179, 339, 116, 33, 14, 9, 6, 5, 165, 19, 179, 339, 116, 33]
27  10  [6, 5, 165, 19, 179, 339, 116, 33, 14, 9, 6, 5, 165, 19, 179, 339, 116, 33, 14]
28  10  [5, 165, 19, 179, 339, 116, 33, 14, 9, 6, 5, 165, 19, 179, 339, 116, 33, 14, 9]
29  10  [14, 9, 6, 5, 165, 19, 179, 339, 116, 33, 14, 9, 6, 5, 165, 19, 179, 339, 116]
30  10  [179, 339, 116, 33, 14, 9, 6, 5, 165, 19, 179, 339, 116, 33, 14, 9, 6, 5, 165]
31  10  [339, 116, 33, 14, 9, 6, 5, 165, 19, 179, 339, 116, 33, 14, 9, 6, 5, 165, 19]
32  10  [179, 339, 116, 33, 14, 9, 6, 5, 165, 19, 179, 339, 116, 33, 14, 9, 6, 5, 165]
33  10  [9, 6, 5, 165, 19, 179, 339, 116, 33, 14, 9, 6, 5, 165, 19, 179, 339, 116, 33]
34  10  [179, 339, 116, 33, 14, 9, 6, 5, 165, 19, 179, 339, 116, 33, 14, 9, 6, 5, 165]
35  10  [179, 339, 116, 33, 14, 9, 6, 5, 165, 19, 179, 339, 116, 33, 14, 9, 6, 5, 165]
36  10  [179, 339, 116, 33, 14, 9, 6, 5, 165, 19, 179, 339, 116, 33, 14, 9, 6, 5, 165]
37  10  [33, 14, 9, 6, 5, 165, 19, 179, 339, 116, 33, 14, 9, 6, 5, 165, 19, 179, 339]
38  10  [19, 179, 339, 116, 33, 14, 9, 6, 5, 165, 19, 179, 339, 116, 33, 14, 9, 6, 5]
39  10  [9, 6, 5, 165, 19, 179, 339, 116, 33, 14, 9, 6, 5, 165, 19, 179, 339, 116, 33]
40  10  [5, 165, 19, 179, 339, 116, 33, 14, 9, 6, 5, 165, 19, 179, 339, 116, 33, 14, 9]
41  10  [33, 14, 9, 6, 5, 165, 19, 179, 339, 116, 33, 14, 9, 6, 5, 165, 19, 179, 339]
42  10  [179, 339, 116, 33, 14, 9, 6, 5, 165, 19, 179, 339, 116, 33, 14, 9, 6, 5, 165]
43  10  [165, 19, 179, 339, 116, 33, 14, 9, 6, 5, 165, 19, 179, 339, 116, 33, 14, 9, 6]
44  10  [9, 6, 5, 165, 19, 179, 339, 116, 33, 14, 9, 6, 5, 165, 19, 179, 339, 116, 33]
45  10  [5, 165, 19, 179, 339, 116, 33, 14, 9, 6, 5, 165, 19, 179, 339, 116, 33, 14, 9]
46  10  [19, 179, 339, 116, 33, 14, 9, 6, 5, 165, 19, 179, 339, 116, 33, 14, 9, 6, 5]
47  10  [116, 33, 14, 9, 6, 5, 165, 19, 179, 339, 116, 33, 14, 9, 6, 5, 165, 19, 179]
48  10  [5, 165, 19, 179, 339, 116, 33, 14, 9, 6, 5, 165, 19, 179, 339, 116, 33, 14, 9]
49  10  [9, 6, 5, 165, 19, 179, 339, 116, 33, 14, 9, 6, 5, 165, 19, 179, 339, 116, 33]
50  10  [179, 339, 116, 33, 14, 9, 6, 5, 165, 19, 179, 339, 116, 33, 14, 9, 6, 5, 165]
51  10  [9, 6, 5, 165, 19, 179, 339, 116, 33, 14, 9, 6, 5, 165, 19, 179, 339, 116, 33]
52  10  [339, 116, 33, 14, 9, 6, 5, 165, 19, 179, 339, 116, 33, 14, 9, 6, 5, 165, 19]
53  10  [116, 33, 14, 9, 6, 5, 165, 19, 179, 339, 116, 33, 14, 9, 6, 5, 165, 19, 179]
54  10  [5, 165, 19, 179, 339, 116, 33, 14, 9, 6, 5, 165, 19, 179, 339, 116, 33, 14, 9]
55  10  [9, 6, 5, 165, 19, 179, 339, 116, 33, 14, 9, 6, 5, 165, 19, 179, 339, 116, 33]
56  10  [14, 9, 6, 5, 165, 19, 179, 339, 116, 33, 14, 9, 6, 5, 165, 19, 179, 339, 116]
57  10  [33, 14, 9, 6, 5, 165, 19, 179, 339, 116, 33, 14, 9, 6, 5, 165, 19, 179, 339]
58  10  [179, 339, 116, 33, 14, 9, 6, 5, 165, 19, 179, 339, 116, 33, 14, 9, 6, 5, 165]
59  10  [9, 6, 5, 165, 19, 179, 339, 116, 33, 14, 9, 6, 5, 165, 19, 179, 339, 116, 33]
60  10  [179, 339, 116, 33, 14, 9, 6, 5, 165, 19, 179, 339, 116, 33, 14, 9, 6, 5, 165]
61  10  [165, 19, 179, 339, 116, 33, 14, 9, 6, 5, 165, 19, 179, 339, 116, 33, 14, 9, 6]
62  10  [14, 9, 6, 5, 165, 19, 179, 339, 116, 33, 14, 9, 6, 5, 165, 19, 179, 339, 116]
63  10  [14, 9, 6, 5, 165, 19, 179, 339, 116, 33, 14, 9, 6, 5, 165, 19, 179, 339, 116]
64  10  [179, 339, 116, 33, 14, 9, 6, 5, 165, 19, 179, 339, 116, 33, 14, 9, 6, 5, 165]
65  10  [9, 6, 5, 165, 19, 179, 339, 116, 33, 14, 9, 6, 5, 165, 19, 179, 339, 116, 33]
66  10  [9, 6, 5, 165, 19, 179, 339, 116, 33, 14, 9, 6, 5, 165, 19, 179, 339, 116, 33]
67  10  [116, 33, 14, 9, 6, 5, 165, 19, 179, 339, 116, 33, 14, 9, 6, 5, 165, 19, 179]
68  10  [19, 179, 339, 116, 33, 14, 9, 6, 5, 165, 19, 179, 339, 116, 33, 14, 9, 6, 5]
69  10  [14, 9, 6, 5, 165, 19, 179, 339, 116, 33, 14, 9, 6, 5, 165, 19, 179, 339, 116]
70  10  [9, 6, 5, 165, 19, 179, 339, 116, 33, 14, 9, 6, 5, 165, 19, 179, 339, 116, 33]
71  10  [165, 19, 179, 339, 116, 33, 14, 9, 6, 5, 165, 19, 179, 339, 116, 33, 14, 9, 6]
72  10  [179, 339, 116, 33, 14, 9, 6, 5, 165, 19, 179, 339, 116, 33, 14, 9, 6, 5, 165]
73  10  [179, 339, 116, 33, 14, 9, 6, 5, 165, 19, 179, 339, 116, 33, 14, 9, 6, 5, 165]
74  10  [14, 9, 6, 5, 165, 19, 179, 339, 116, 33, 14, 9, 6, 5, 165, 19, 179, 339, 116]
75  10  [14, 9, 6, 5, 165, 19, 179, 339, 116, 33, 14, 9, 6, 5, 165, 19, 179, 339, 116]
76  10  [5, 165, 19, 179, 339, 116, 33, 14, 9, 6, 5, 165, 19, 179, 339, 116, 33, 14, 9]
77  10  [9, 6, 5, 165, 19, 179, 339, 116, 33, 14, 9, 6, 5, 165, 19, 179, 339, 116, 33]
78  10  [9, 6, 5, 165, 19, 179, 339, 116, 33, 14, 9, 6, 5, 165, 19, 179, 339, 116, 33]
79  10  [339, 116, 33, 14, 9, 6, 5, 165, 19, 179, 339, 116, 33, 14, 9, 6, 5, 165, 19]
80  10  [14, 9, 6, 5, 165, 19, 179, 339, 116, 33, 14, 9, 6, 5, 165, 19, 179, 339, 116]
81  10  [179, 339, 116, 33, 14, 9, 6, 5, 165, 19, 179, 339, 116, 33, 14, 9, 6, 5, 165]
82  10  [5, 165, 19, 179, 339, 116, 33, 14, 9, 6, 5, 165, 19, 179, 339, 116, 33, 14, 9]
83  10  [14, 9, 6, 5, 165, 19, 179, 339, 116, 33, 14, 9, 6, 5, 165, 19, 179, 339, 116]
84  10  [9, 6, 5, 165, 19, 179, 339, 116, 33, 14, 9, 6, 5, 165, 19, 179, 339, 116, 33]
85  10  [33, 14, 9, 6, 5, 165, 19, 179, 339, 116, 33, 14, 9, 6, 5, 165, 19, 179, 339]
86  10  [6, 5, 165, 19, 179, 339, 116, 33, 14, 9, 6, 5, 165, 19, 179, 339, 116, 33, 14]
87  10  [19, 179, 339, 116, 33, 14, 9, 6, 5, 165, 19, 179, 339, 116, 33, 14, 9, 6, 5]
88  10  [339, 116, 33, 14, 9, 6, 5, 165, 19, 179, 339, 116, 33, 14, 9, 6, 5, 165, 19]
89  10  [14, 9, 6, 5, 165, 19, 179, 339, 116, 33, 14, 9, 6, 5, 165, 19, 179, 339, 116]
90  10  [14, 9, 6, 5, 165, 19, 179, 339, 116, 33, 14, 9, 6, 5, 165, 19, 179, 339, 116]
91  10  [9, 6, 5, 165, 19, 179, 339, 116, 33, 14, 9, 6, 5, 165, 19, 179, 339, 116, 33]
92  10  [9, 6, 5, 165, 19, 179, 339, 116, 33, 14, 9, 6, 5, 165, 19, 179, 339, 116, 33]
93  10  [19, 179, 339, 116, 33, 14, 9, 6, 5, 165, 19, 179, 339, 116, 33, 14, 9, 6, 5]
94  10  [14, 9, 6, 5, 165, 19, 179, 339, 116, 33, 14, 9, 6, 5, 165, 19, 179, 339, 116]
95  10  [9, 6, 5, 165, 19, 179, 339, 116, 33, 14, 9, 6, 5, 165, 19, 179, 339, 116, 33]
96  10  [14, 9, 6, 5, 165, 19, 179, 339, 116, 33, 14, 9, 6, 5, 165, 19, 179, 339, 116]
97  10  [6, 5, 165, 19, 179, 339, 116, 33, 14, 9, 6, 5, 165, 19, 179, 339, 116, 33, 14]
98  10  [9, 6, 5, 165, 19, 179, 339, 116, 33, 14, 9, 6, 5, 165, 19, 179, 339, 116, 33]
99  10  [339, 116, 33, 14, 9, 6, 5, 165, 19, 179, 339, 116, 33, 14, 9, 6, 5, 165, 19]
100  10  [9, 6, 5, 165, 19, 179, 339, 116, 33, 14, 9, 6, 5, 165, 19, 179, 339, 116, 33]
101  10  [165, 19, 179, 339, 116, 33, 14, 9, 6, 5, 165, 19, 179, 339, 116, 33, 14, 9, 6]
102  10  [33, 14, 9, 6, 5, 165, 19, 179, 339, 116, 33, 14, 9, 6, 5, 165, 19, 179, 339]
103  10  [19, 179, 339, 116, 33, 14, 9, 6, 5, 165, 19, 179, 339, 116, 33, 14, 9, 6, 5]
104  10  [179, 339, 116, 33, 14, 9, 6, 5, 165, 19, 179, 339, 116, 33, 14, 9, 6, 5, 165]
