1  1  [1]
2  8  [28, 11, 191, 371, 60, 12, 7, 187]
3  8  [191, 371, 60, 12, 7, 187, 28, 11]
4  1  [4]
5  8  [191, 371, 60, 12, 7, 187, 28, 11]
6  8  [11, 191, 371, 60, 12, 7, 187, 28]
7  8  [7, 187, 28, 11, 191, 371, 60, 12]
8  8  [28, 11, 191, 371, 60, 12, 7, 187]
9  8  [28, 11, 191, 371, 60, 12, 7, 187]
10  8  [12, 7, 187, 28, 11, 191, 371, 60]
11  8  [11, 191, 371, 60, 12, 7, 187, 28]
12  8  [12, 7, 187, 28, 11, 191, 371, 60]
13  8  [371, 60, 12, 7, 187, 28, 11, 191]
14  8  [187, 28, 11, 191, 371, 60, 12, 7]
15  8  [187, 28, 11, 191, 371, 60, 12, 7]
16  8  [187, 28, 11, 191, 371, 60, 12, 7]
17  8  [11, 191, 371, 60, 12, 7, 187, 28]
18  8  [187, 28, 11, 191, 371, 60, 12, 7]
19  8  [7, 187, 28, 11, 191, 371, 60, 12]
20  8  [187, 28, 11, 191, 371, 60, 12, 7]
21  8  [60, 12, 7, 187, 28, 11, 191, 371]
22  8  [191, 371, 60, 12, 7, 187, 28, 11]
23  8  [191, 371, 60, 12, 7, 187, 28, 11]
24  8  [187, 28, 11, 191, 371, 60, 12, 7]
25  8  [60, 12, 7, 187, 28, 11, 191, 371]
26  8  [7, 187, 28, 11, 191, 371, 60, 12]
27  8  [187, 28, 11, 191, 371, 60, 12, 7]
28  8  [28, 11, 191, 371, 60, 12, 7, 187]
29  8  [191, 371, 60, 12, 7, 187, 28, 11]
30  8  [60, 12, 7, 187, 28, 11, 191, 371]
31  8  [12, 7, 187, 28, 11, 191, 371, 60]
32  8  [60, 12, 7, 187, 28, 11, 191, 371]
33  8  [7, 187, 28, 11, 191, 371, 60, 12]
34  8  [12, 7, 187, 28, 11, 191, 371, 60]
35  8  [60, 12, 7, 187, 28, 11, 191, 371]
36  8  [60, 12, 7, 187, 28, 11, 191, 371]
37  8  [11, 191, 371, 60, 12, 7, 187, 28]
38  8  [371, 60, 12, 7, 187, 28, 11, 191]
39  8  [7, 187, 28, 11, 191, 371, 60, 12]
40  8  [28, 11, 191, 371, 60, 12, 7, 187]
41  8  [191, 371, 60, 12, 7, 187, 28, 11]
42  8  [60, 12, 7, 187, 28, 11, 191, 371]
43  8  [371, 60, 12, 7, 187, 28, 11, 191]
44  8  [7, 187, 28, 11, 191, 371, 60, 12]
45  8  [28, 11, 191, 371, 60, 12, 7, 187]
46  8  [371, 60, 12, 7, 187, 28, 11, 191]
47  8  [12, 7, 187, 28, 11, 191, 371, 60]
48  8  [28, 11, 191, 371, 60, 12, 7, 187]
49  8  [7, 187, 28, 11, 191, 371, 60, 12]
50  8  [60, 12, 7, 187, 28, 11, 191, 371]
51  8  [7, 187, 28, 11, 191, 371, 60, 12]
52  8  [28, 11, 191, 371, 60, 12, 7, 187]
53  8  [371, 60, 12, 7, 187, 28, 11, 191]
54  8  [28, 11, 191, 371, 60, 12, 7, 187]
55  8  [7, 187, 28, 11, 191, 371, 60, 12]
56  8  [191, 371, 60, 12, 7, 187, 28, 11]
57  8  [11, 191, 371, 60, 12, 7, 187, 28]
58  8  [60, 12, 7, 187, 28, 11, 191, 371]
59  8  [187, 28, 11, 191, 371, 60, 12, 7]
60  8  [60, 12, 7, 187, 28, 11, 191, 371]
61  8  [12, 7, 187, 28, 11, 191, 371, 60]
62  8  [12, 7, 187, 28, 11, 191, 371, 60]
63  8  [191, 371, 60, 12, 7, 187, 28, 11]
64  8  [60, 12, 7, 187, 28, 11, 191, 371]
65  8  [7, 187, 28, 11, 191, 371, 60, 12]
66  8  [7, 187, 28, 11, 191, 371, 60, 12]
67  8  [191, 371, 60, 12, 7, 187, 28, 11]
68  8  [371, 60, 12, 7, 187, 28, 11, 191]
69  8  [12, 7, 187, 28, 11, 191, 371, 60]
70  8  [7, 187, 28, 11, 191, 371, 60, 12]
71  8  [28, 11, 191, 371, 60, 12, 7, 187]
72  8  [60, 12, 7, 187, 28, 11, 191, 371]
73  8  [371, 60, 12, 7, 187, 28, 11, 191]
74  8  [12, 7, 187, 28, 11, 191, 371, 60]
75  8  [191, 371, 60, 12, 7, 187, 28, 11]
76  8  [11, 191, 371, 60, 12, 7, 187, 28]
77  8  [7, 187, 28, 11, 191, 371, 60, 12]
78  8  [7, 187, 28, 11, 191, 371, 60, 12]
79  8  [60, 12, 7, 187, 28, 11, 191, 371]
80  8  [191, 371, 60, 12, 7, 187, 28, 11]
81  8  [60, 12, 7, 187, 28, 11, 191, 371]
82  8  [191, 371, 60, 12, 7, 187, 28, 11]
83  8  [7, 187, 28, 11, 191, 371, 60, 12]
84  8  [7, 187, 28, 11, 191, 371, 60, 12]
85  8  [11, 191, 371, 60, 12, 7, 187, 28]
86  8  [187, 28, 11, 191, 371, 60, 12, 7]
87  8  [371, 60, 12, 7, 187, 28, 11, 191]
88  8  [28, 11, 191, 371, 60, 12, 7, 187]
89  8  [60, 12, 7, 187, 28, 11, 191, 371]
90  8  [191, 371, 60, 12, 7, 187, 28, 11]
91  8  [7, 187, 28, 11, 191, 371, 60, 12]
92  8  [7, 187, 28, 11, 191, 371, 60, 12]
93  8  [60, 12, 7, 187, 28, 11, 191, 371]
94  8  [12, 7, 187, 28, 11, 191, 371, 60]
95  8  [7, 187, 28, 11, 191, 371, 60, 12]
96  8  [191, 371, 60, 12, 7, 187, 28, 11]
97  8  [371, 60, 12, 7, 187, 28, 11, 191]
98  8  [7, 187, 28, 11, 191, 371, 60, 12]
99  8  [28, 11, 191, 371, 60, 12, 7, 187]
100  8  [7, 187, 28, 11, 191, 371, 60, 12]
101  8  [187, 28, 11, 191, 371, 60, 12, 7]
102  8  [11, 191, 371, 60, 12, 7, 187, 28]
103  8  [371, 60, 12, 7, 187, 28, 11, 191]
104  8  [12, 7, 187, 28, 11, 191, 371, 60]
