1,1,0,[1],[0]
2,5,5,[19, 117, 452, 683, 1347],[1, 0, 0, 1, 0]
3,4,8,[7, 12, 72, 671],[1, 0, 0, 0]
4,1,0,[4],[0]
5,5,7,[19, 117, 452, 683, 1347],[1, 0, 0, 1, 0]
6,5,8,[19, 117, 452, 683, 1347],[1, 0, 0, 1, 0]
7,4,0,[7, 12, 72, 671],[1, 0, 0, 0]
8,5,9,[19, 117, 452, 683, 1347],[1, 0, 0, 1, 0]
9,5,9,[19, 117, 452, 683, 1347],[1, 0, 0, 1, 0]
10,4,1,[7, 12, 72, 671],[1, 0, 0, 0]
11,5,2,[19, 117, 452, 683, 1347],[1, 0, 0, 1, 0]
12,4,0,[7, 12, 72, 671],[1, 0, 0, 0]
13,4,6,[7, 12, 72, 671],[1, 0, 0, 0]
14,5,10,[19, 117, 452, 683, 1347],[1, 0, 0, 1, 0]
15,5,10,[19, 117, 452, 683, 1347],[1, 0, 0, 1, 0]
16,5,10,[19, 117, 452, 683, 1347],[1, 0, 0, 1, 0]
17,4,5,[7, 12, 72, 671],[1, 0, 0, 0]
18,5,10,[19, 117, 452, 683, 1347],[1, 0, 0, 1, 0]
19,5,0,[19, 117, 452, 683, 1347],[1, 0, 0, 1, 0]
20,5,10,[19, 117, 452, 683, 1347],[1, 0, 0, 1, 0]
21,4,2,[7, 12, 72, 671],[1, 0, 0, 0]
22,4,7,[7, 12, 72, 671],[1, 0, 0, 0]
23,4,4,[7, 12, 72, 671],[1, 0, 0, 0]
24,5,10,[19, 117, 452, 683, 1347],[1, 0, 0, 1, 0]
25,4,2,[7, 12, 72, 671],[1, 0, 0, 0]
26,5,11,[19, 117, 452, 683, 1347],[1, 0, 0, 1, 0]
27,5,10,[19, 117, 452, 683, 1347],[1, 0, 0, 1, 0]
28,5,3,[19, 117, 452, 683, 1347],[1, 0, 0, 1, 0]
29,5,12,[19, 117, 452, 683, 1347],[1, 0, 0, 1, 0]
30,4,2,[7, 12, 72, 671],[1, 0, 0, 0]
31,5,13,[19, 117, 452, 683, 1347],[1, 0, 0, 1, 0]
32,4,2,[7, 12, 72, 671],[1, 0, 0, 0]
33,5,11,[19, 117, 452, 683, 1347],[1, 0, 0, 1, 0]
34,5,1,[19, 117, 452, 683, 1347],[1, 0, 0, 1, 0]
35,4,1,[7, 12, 72, 671],[1, 0, 0, 0]
36,4,2,[7, 12, 72, 671],[1, 0, 0, 0]
37,5,6,[19, 117, 452, 683, 1347],[1, 0, 0, 1, 0]
38,4,3,[7, 12, 72, 671],[1, 0, 0, 0]
39,5,11,[19, 117, 452, 683, 1347],[1, 0, 0, 1, 0]
40,5,3,[19, 117, 452, 683, 1347],[1, 0, 0, 1, 0]
41,5,13,[19, 117, 452, 683, 1347],[1, 0, 0, 1, 0]
42,4,1,[7, 12, 72, 671],[1, 0, 0, 0]
43,4,9,[7, 12, 72, 671],[1, 0, 0, 0]
44,5,11,[19, 117, 452, 683, 1347],[1, 0, 0, 1, 0]
45,5,3,[19, 117, 452, 683, 1347],[1, 0, 0, 1, 0]
46,4,3,[7, 12, 72, 671],[1, 0, 0, 0]
47,4,10,[7, 12, 72, 671],[1, 0, 0, 0]
48,5,3,[19, 117, 452, 683, 1347],[1, 0, 0, 1, 0]
49,5,11,[19, 117, 452, 683, 1347],[1, 0, 0, 1, 0]
50,4,1,[7, 12, 72, 671],[1, 0, 0, 0]
51,5,11,[19, 117, 452, 683, 1347],[1, 0, 0, 1, 0]
52,4,6,[7, 12, 72, 671],[1, 0, 0, 0]
53,5,13,[19, 117, 452, 683, 1347],[1, 0, 0, 1, 0]
54,5,3,[19, 117, 452, 683, 1347],[1, 0, 0, 1, 0]
55,5,11,[19, 117, 452, 683, 1347],[1, 0, 0, 1, 0]
56,4,7,[7, 12, 72, 671],[1, 0, 0, 0]
57,4,8,[7, 12, 72, 671],[1, 0, 0, 0]
58,5,14,[19, 117, 452, 683, 1347],[1, 0, 0, 1, 0]
59,5,14,[19, 117, 452, 683, 1347],[1, 0, 0, 1, 0]
60,4,1,[7, 12, 72, 671],[1, 0, 0, 0]
61,5,13,[19, 117, 452, 683, 1347],[1, 0, 0, 1, 0]
62,5,12,[19, 117, 452, 683, 1347],[1, 0, 0, 1, 0]
63,4,7,[7, 12, 72, 671],[1, 0, 0, 0]
64,4,1,[7, 12, 72, 671],[1, 0, 0, 0]
65,5,11,[19, 117, 452, 683, 1347],[1, 0, 0, 1, 0]
66,5,11,[19, 117, 452, 683, 1347],[1, 0, 0, 1, 0]
67,4,3,[7, 12, 72, 671],[1, 0, 0, 0]
68,4,3,[7, 12, 72, 671],[1, 0, 0, 0]
69,5,12,[19, 117, 452, 683, 1347],[1, 0, 0, 1, 0]
70,5,11,[19, 117, 452, 683, 1347],[1, 0, 0, 1, 0]
71,4,9,[7, 12, 72, 671],[1, 0, 0, 0]
72,4,0,[7, 12, 72, 671],[1, 0, 0, 0]
73,5,13,[19, 117, 452, 683, 1347],[1, 0, 0, 1, 0]
74,5,12,[19, 117, 452, 683, 1347],[1, 0, 0, 1, 0]
75,4,7,[7, 12, 72, 671],[1, 0, 0, 0]
76,4,5,[7, 12, 72, 671],[1, 0, 0, 0]
77,5,11,[19, 117, 452, 683, 1347],[1, 0, 0, 1, 0]
78,5,11,[19, 117, 452, 683, 1347],[1, 0, 0, 1, 0]
79,5,14,[19, 117, 452, 683, 1347],[1, 0, 0, 1, 0]
80,4,7,[7, 12, 72, 671],[1, 0, 0, 0]
81,4,1,[7, 12, 72, 671],[1, 0, 0, 0]
82,4,10,[7, 12, 72, 671],[1, 0, 0, 0]
83,4,9,[7, 12, 72, 671],[1, 0, 0, 0]
84,5,11,[19, 117, 452, 683, 1347],[1, 0, 0, 1, 0]
85,4,8,[7, 12, 72, 671],[1, 0, 0, 0]
86,5,4,[19, 117, 452, 683, 1347],[1, 0, 0, 1, 0]
87,4,3,[7, 12, 72, 671],[1, 0, 0, 0]
88,4,6,[7, 12, 72, 671],[1, 0, 0, 0]
89,4,7,[7, 12, 72, 671],[1, 0, 0, 0]
90,4,7,[7, 12, 72, 671],[1, 0, 0, 0]
91,5,11,[19, 117, 452, 683, 1347],[1, 0, 0, 1, 0]
92,5,11,[19, 117, 452, 683, 1347],[1, 0, 0, 1, 0]
93,5,2,[19, 117, 452, 683, 1347],[1, 0, 0, 1, 0]
94,5,12,[19, 117, 452, 683, 1347],[1, 0, 0, 1, 0]
95,5,11,[19, 117, 452, 683, 1347],[1, 0, 0, 1, 0]
96,4,7,[7, 12, 72, 671],[1, 0, 0, 0]
97,4,5,[7, 12, 72, 671],[1, 0, 0, 0]
98,5,11,[19, 117, 452, 683, 1347],[1, 0, 0, 1, 0]
99,4,6,[7, 12, 72, 671],[1, 0, 0, 0]
100,5,11,[19, 117, 452, 683, 1347],[1, 0, 0, 1, 0]
