1,1,0,[1]
2,10,20,[5, 359, 713, 54, 11, 365, 78, 18, 8, 6]
3,10,13,[5, 359, 713, 54, 11, 365, 78, 18, 8, 6]
4,1,0,[4]
5,10,9,[359, 713, 54, 11, 365, 78, 18, 8, 6, 5]
6,10,9,[5, 359, 713, 54, 11, 365, 78, 18, 8, 6]
7,5,4,[361, 38, 21, 10, 7]
8,10,9,[6, 5, 359, 713, 54, 11, 365, 78, 18, 8]
9,10,10,[5, 359, 713, 54, 11, 365, 78, 18, 8, 6]
10,5,4,[7, 361, 38, 21, 10]
11,10,9,[365, 78, 18, 8, 6, 5, 359, 713, 54, 11]
12,5,5,[361, 38, 21, 10, 7]
13,10,13,[8, 6, 5, 359, 713, 54, 11, 365, 78, 18]
14,10,11,[5, 359, 713, 54, 11, 365, 78, 18, 8, 6]
15,10,10,[6, 5, 359, 713, 54, 11, 365, 78, 18, 8]
16,10,10,[6, 5, 359, 713, 54, 11, 365, 78, 18, 8]
17,5,8,[361, 38, 21, 10, 7]
18,10,9,[8, 6, 5, 359, 713, 54, 11, 365, 78, 18]
19,10,16,[5, 359, 713, 54, 11, 365, 78, 18, 8, 6]
20,10,11,[5, 359, 713, 54, 11, 365, 78, 18, 8, 6]
21,5,4,[10, 7, 361, 38, 21]
22,10,14,[8, 6, 5, 359, 713, 54, 11, 365, 78, 18]
23,5,8,[361, 38, 21, 10, 7]
24,10,11,[5, 359, 713, 54, 11, 365, 78, 18, 8, 6]
25,5,5,[7, 361, 38, 21, 10]
26,10,11,[6, 5, 359, 713, 54, 11, 365, 78, 18, 8]
27,10,11,[5, 359, 713, 54, 11, 365, 78, 18, 8, 6]
28,10,10,[365, 78, 18, 8, 6, 5, 359, 713, 54, 11]
29,10,12,[18, 8, 6, 5, 359, 713, 54, 11, 365, 78]
30,5,5,[7, 361, 38, 21, 10]
31,5,10,[361, 38, 21, 10, 7]
32,5,5,[7, 361, 38, 21, 10]
33,10,12,[5, 359, 713, 54, 11, 365, 78, 18, 8, 6]
34,10,17,[5, 359, 713, 54, 11, 365, 78, 18, 8, 6]
35,5,6,[361, 38, 21, 10, 7]
36,5,5,[7, 361, 38, 21, 10]
37,10,12,[365, 78, 18, 8, 6, 5, 359, 713, 54, 11]
38,5,4,[21, 10, 7, 361, 38]
39,10,11,[6, 5, 359, 713, 54, 11, 365, 78, 18, 8]
40,10,10,[365, 78, 18, 8, 6, 5, 359, 713, 54, 11]
41,10,14,[5, 359, 713, 54, 11, 365, 78, 18, 8, 6]
42,5,6,[361, 38, 21, 10, 7]
43,5,10,[361, 38, 21, 10, 7]
44,10,11,[6, 5, 359, 713, 54, 11, 365, 78, 18, 8]
45,10,10,[365, 78, 18, 8, 6, 5, 359, 713, 54, 11]
46,5,6,[7, 361, 38, 21, 10]
47,10,15,[5, 359, 713, 54, 11, 365, 78, 18, 8, 6]
48,10,10,[365, 78, 18, 8, 6, 5, 359, 713, 54, 11]
49,10,12,[5, 359, 713, 54, 11, 365, 78, 18, 8, 6]
50,5,6,[361, 38, 21, 10, 7]
51,10,12,[5, 359, 713, 54, 11, 365, 78, 18, 8, 6]
52,5,9,[361, 38, 21, 10, 7]
53,10,12,[365, 78, 18, 8, 6, 5, 359, 713, 54, 11]
54,10,9,[11, 365, 78, 18, 8, 6, 5, 359, 713, 54]
55,10,11,[6, 5, 359, 713, 54, 11, 365, 78, 18, 8]
56,10,14,[8, 6, 5, 359, 713, 54, 11, 365, 78, 18]
57,10,15,[8, 6, 5, 359, 713, 54, 11, 365, 78, 18]
58,5,11,[361, 38, 21, 10, 7]
59,10,13,[6, 5, 359, 713, 54, 11, 365, 78, 18, 8]
60,5,6,[361, 38, 21, 10, 7]
61,5,11,[361, 38, 21, 10, 7]
62,10,13,[5, 359, 713, 54, 11, 365, 78, 18, 8, 6]
63,10,14,[8, 6, 5, 359, 713, 54, 11, 365, 78, 18]
64,5,6,[361, 38, 21, 10, 7]
65,10,10,[8, 6, 5, 359, 713, 54, 11, 365, 78, 18]
66,10,11,[6, 5, 359, 713, 54, 11, 365, 78, 18, 8]
67,10,17,[5, 359, 713, 54, 11, 365, 78, 18, 8, 6]
68,5,5,[10, 7, 361, 38, 21]
69,10,12,[6, 5, 359, 713, 54, 11, 365, 78, 18, 8]
70,10,12,[5, 359, 713, 54, 11, 365, 78, 18, 8, 6]
71,10,13,[5, 359, 713, 54, 11, 365, 78, 18, 8, 6]
72,5,6,[361, 38, 21, 10, 7]
73,5,7,[10, 7, 361, 38, 21]
74,10,12,[6, 5, 359, 713, 54, 11, 365, 78, 18, 8]
75,10,14,[8, 6, 5, 359, 713, 54, 11, 365, 78, 18]
76,5,9,[361, 38, 21, 10, 7]
77,10,10,[8, 6, 5, 359, 713, 54, 11, 365, 78, 18]
78,10,9,[18, 8, 6, 5, 359, 713, 54, 11, 365, 78]
79,10,16,[5, 359, 713, 54, 11, 365, 78, 18, 8, 6]
80,10,14,[8, 6, 5, 359, 713, 54, 11, 365, 78, 18]
81,5,6,[361, 38, 21, 10, 7]
82,5,11,[361, 38, 21, 10, 7]
83,5,8,[361, 38, 21, 10, 7]
84,10,12,[5, 359, 713, 54, 11, 365, 78, 18, 8, 6]
85,10,15,[8, 6, 5, 359, 713, 54, 11, 365, 78, 18]
86,10,11,[365, 78, 18, 8, 6, 5, 359, 713, 54, 11]
87,5,6,[7, 361, 38, 21, 10]
88,5,9,[361, 38, 21, 10, 7]
89,10,16,[6, 5, 359, 713, 54, 11, 365, 78, 18, 8]
90,10,14,[8, 6, 5, 359, 713, 54, 11, 365, 78, 18]
91,10,12,[5, 359, 713, 54, 11, 365, 78, 18, 8, 6]
92,10,12,[5, 359, 713, 54, 11, 365, 78, 18, 8, 6]
93,10,18,[5, 359, 713, 54, 11, 365, 78, 18, 8, 6]
94,10,13,[5, 359, 713, 54, 11, 365, 78, 18, 8, 6]
95,10,12,[5, 359, 713, 54, 11, 365, 78, 18, 8, 6]
96,10,14,[8, 6, 5, 359, 713, 54, 11, 365, 78, 18]
97,5,11,[361, 38, 21, 10, 7]
98,10,11,[6, 5, 359, 713, 54, 11, 365, 78, 18, 8]
99,5,9,[361, 38, 21, 10, 7]
100,10,12,[5, 359, 713, 54, 11, 365, 78, 18, 8, 6]
101,5,7,[7, 361, 38, 21, 10]
102,10,15,[8, 6, 5, 359, 713, 54, 11, 365, 78, 18]
103,10,16,[6, 5, 359, 713, 54, 11, 365, 78, 18, 8]
104,10,17,[5, 359, 713, 54, 11, 365, 78, 18, 8, 6]
105,10,11,[6, 5, 359, 713, 54, 11, 365, 78, 18, 8]
106,10,12,[6, 5, 359, 713, 54, 11, 365, 78, 18, 8]
107,10,14,[6, 5, 359, 713, 54, 11, 365, 78, 18, 8]
108,10,14,[8, 6, 5, 359, 713, 54, 11, 365, 78, 18]
109,10,16,[5, 359, 713, 54, 11, 365, 78, 18, 8, 6]
110,10,10,[8, 6, 5, 359, 713, 54, 11, 365, 78, 18]
111,10,11,[365, 78, 18, 8, 6, 5, 359, 713, 54, 11]
112,10,11,[6, 5, 359, 713, 54, 11, 365, 78, 18, 8]
113,10,19,[8, 6, 5, 359, 713, 54, 11, 365, 78, 18]
114,10,12,[5, 359, 713, 54, 11, 365, 78, 18, 8, 6]
115,10,11,[365, 78, 18, 8, 6, 5, 359, 713, 54, 11]
116,10,13,[5, 359, 713, 54, 11, 365, 78, 18, 8, 6]
117,10,17,[5, 359, 713, 54, 11, 365, 78, 18, 8, 6]
118,5,12,[361, 38, 21, 10, 7]
119,10,12,[5, 359, 713, 54, 11, 365, 78, 18, 8, 6]
120,10,12,[5, 359, 713, 54, 11, 365, 78, 18, 8, 6]
121,10,15,[8, 6, 5, 359, 713, 54, 11, 365, 78, 18]
122,10,15,[8, 6, 5, 359, 713, 54, 11, 365, 78, 18]
123,10,12,[6, 5, 359, 713, 54, 11, 365, 78, 18, 8]
124,5,7,[361, 38, 21, 10, 7]
125,10,11,[6, 5, 359, 713, 54, 11, 365, 78, 18, 8]
126,10,11,[6, 5, 359, 713, 54, 11, 365, 78, 18, 8]
127,5,8,[361, 38, 21, 10, 7]
128,10,12,[5, 359, 713, 54, 11, 365, 78, 18, 8, 6]
129,5,7,[7, 361, 38, 21, 10]
130,10,12,[5, 359, 713, 54, 11, 365, 78, 18, 8, 6]
131,10,17,[8, 6, 5, 359, 713, 54, 11, 365, 78, 18]
132,10,10,[8, 6, 5, 359, 713, 54, 11, 365, 78, 18]
133,10,12,[6, 5, 359, 713, 54, 11, 365, 78, 18, 8]
134,10,13,[6, 5, 359, 713, 54, 11, 365, 78, 18, 8]
135,10,12,[5, 359, 713, 54, 11, 365, 78, 18, 8, 6]
136,5,9,[361, 38, 21, 10, 7]
137,5,13,[361, 38, 21, 10, 7]
138,10,11,[365, 78, 18, 8, 6, 5, 359, 713, 54, 11]
139,5,8,[7, 361, 38, 21, 10]
140,10,11,[6, 5, 359, 713, 54, 11, 365, 78, 18, 8]
141,5,7,[361, 38, 21, 10, 7]
142,5,8,[10, 7, 361, 38, 21]
143,10,12,[5, 359, 713, 54, 11, 365, 78, 18, 8, 6]
144,10,12,[5, 359, 713, 54, 11, 365, 78, 18, 8, 6]
145,10,18,[5, 359, 713, 54, 11, 365, 78, 18, 8, 6]
146,10,15,[8, 6, 5, 359, 713, 54, 11, 365, 78, 18]
147,5,9,[361, 38, 21, 10, 7]
148,10,15,[5, 359, 713, 54, 11, 365, 78, 18, 8, 6]
149,10,15,[6, 5, 359, 713, 54, 11, 365, 78, 18, 8]
150,10,11,[6, 5, 359, 713, 54, 11, 365, 78, 18, 8]
151,10,14,[6, 5, 359, 713, 54, 11, 365, 78, 18, 8]
152,5,6,[7, 361, 38, 21, 10]
153,5,9,[361, 38, 21, 10, 7]
154,10,12,[5, 359, 713, 54, 11, 365, 78, 18, 8, 6]
155,5,6,[7, 361, 38, 21, 10]
156,10,12,[5, 359, 713, 54, 11, 365, 78, 18, 8, 6]
157,10,16,[8, 6, 5, 359, 713, 54, 11, 365, 78, 18]
158,5,7,[361, 38, 21, 10, 7]
159,10,15,[8, 6, 5, 359, 713, 54, 11, 365, 78, 18]
160,10,11,[6, 5, 359, 713, 54, 11, 365, 78, 18, 8]
161,5,6,[7, 361, 38, 21, 10]
162,10,12,[5, 359, 713, 54, 11, 365, 78, 18, 8, 6]
163,5,13,[361, 38, 21, 10, 7]
164,10,11,[365, 78, 18, 8, 6, 5, 359, 713, 54, 11]
165,10,17,[5, 359, 713, 54, 11, 365, 78, 18, 8, 6]
166,10,16,[8, 6, 5, 359, 713, 54, 11, 365, 78, 18]
167,10,17,[8, 6, 5, 359, 713, 54, 11, 365, 78, 18]
168,10,11,[6, 5, 359, 713, 54, 11, 365, 78, 18, 8]
169,10,12,[6, 5, 359, 713, 54, 11, 365, 78, 18, 8]
170,10,12,[5, 359, 713, 54, 11, 365, 78, 18, 8, 6]
171,5,6,[7, 361, 38, 21, 10]
172,10,16,[5, 359, 713, 54, 11, 365, 78, 18, 8, 6]
173,10,12,[365, 78, 18, 8, 6, 5, 359, 713, 54, 11]
174,10,18,[5, 359, 713, 54, 11, 365, 78, 18, 8, 6]
175,5,9,[361, 38, 21, 10, 7]
176,10,17,[5, 359, 713, 54, 11, 365, 78, 18, 8, 6]
177,10,14,[5, 359, 713, 54, 11, 365, 78, 18, 8, 6]
178,10,13,[5, 359, 713, 54, 11, 365, 78, 18, 8, 6]
179,10,11,[11, 365, 78, 18, 8, 6, 5, 359, 713, 54]
180,10,11,[6, 5, 359, 713, 54, 11, 365, 78, 18, 8]
181,10,13,[6, 5, 359, 713, 54, 11, 365, 78, 18, 8]
182,10,15,[8, 6, 5, 359, 713, 54, 11, 365, 78, 18]
183,5,7,[361, 38, 21, 10, 7]
184,10,13,[18, 8, 6, 5, 359, 713, 54, 11, 365, 78]
185,5,7,[361, 38, 21, 10, 7]
186,5,6,[7, 361, 38, 21, 10]
187,10,11,[365, 78, 18, 8, 6, 5, 359, 713, 54, 11]
188,10,13,[5, 359, 713, 54, 11, 365, 78, 18, 8, 6]
189,10,11,[6, 5, 359, 713, 54, 11, 365, 78, 18, 8]
190,10,12,[6, 5, 359, 713, 54, 11, 365, 78, 18, 8]
191,10,14,[5, 359, 713, 54, 11, 365, 78, 18, 8, 6]
192,10,11,[6, 5, 359, 713, 54, 11, 365, 78, 18, 8]
193,10,15,[5, 359, 713, 54, 11, 365, 78, 18, 8, 6]
194,5,10,[361, 38, 21, 10, 7]
195,5,5,[10, 7, 361, 38, 21]
196,10,10,[8, 6, 5, 359, 713, 54, 11, 365, 78, 18]
197,10,12,[365, 78, 18, 8, 6, 5, 359, 713, 54, 11]
198,10,17,[5, 359, 713, 54, 11, 365, 78, 18, 8, 6]
199,10,13,[365, 78, 18, 8, 6, 5, 359, 713, 54, 11]
200,10,11,[6, 5, 359, 713, 54, 11, 365, 78, 18, 8]
