1  1  [1, 1, 1, 1, 1, 1, 1, 1, 1, 1, 1, 1, 1, 1, 1, 1, 1, 1, 1]
2  9  [11, 193, 375, 18, 8, 6, 5, 187, 28, 11, 193, 375, 18, 8, 6, 5, 187, 28, 11]
3  9  [375, 18, 8, 6, 5, 187, 28, 11, 193, 375, 18, 8, 6, 5, 187, 28, 11, 193, 375]
4  1  [4, 4, 4, 4, 4, 4, 4, 4, 4, 4, 4, 4, 4, 4, 4, 4, 4, 4, 4]
5  9  [375, 18, 8, 6, 5, 187, 28, 11, 193, 375, 18, 8, 6, 5, 187, 28, 11, 193, 375]
6  9  [193, 375, 18, 8, 6, 5, 187, 28, 11, 193, 375, 18, 8, 6, 5, 187, 28, 11, 193]
7  9  [5, 187, 28, 11, 193, 375, 18, 8, 6, 5, 187, 28, 11, 193, 375, 18, 8, 6, 5]
8  9  [11, 193, 375, 18, 8, 6, 5, 187, 28, 11, 193, 375, 18, 8, 6, 5, 187, 28, 11]
9  9  [11, 193, 375, 18, 8, 6, 5, 187, 28, 11, 193, 375, 18, 8, 6, 5, 187, 28, 11]
10  9  [6, 5, 187, 28, 11, 193, 375, 18, 8, 6, 5, 187, 28, 11, 193, 375, 18, 8, 6]
11  9  [6, 5, 187, 28, 11, 193, 375, 18, 8, 6, 5, 187, 28, 11, 193, 375, 18, 8, 6]
12  9  [6, 5, 187, 28, 11, 193, 375, 18, 8, 6, 5, 187, 28, 11, 193, 375, 18, 8, 6]
13  9  [375, 18, 8, 6, 5, 187, 28, 11, 193, 375, 18, 8, 6, 5, 187, 28, 11, 193, 375]
14  9  [28, 11, 193, 375, 18, 8, 6, 5, 187, 28, 11, 193, 375, 18, 8, 6, 5, 187, 28]
15  9  [28, 11, 193, 375, 18, 8, 6, 5, 187, 28, 11, 193, 375, 18, 8, 6, 5, 187, 28]
16  9  [28, 11, 193, 375, 18, 8, 6, 5, 187, 28, 11, 193, 375, 18, 8, 6, 5, 187, 28]
17  9  [8, 6, 5, 187, 28, 11, 193, 375, 18, 8, 6, 5, 187, 28, 11, 193, 375, 18, 8]
18  9  [28, 11, 193, 375, 18, 8, 6, 5, 187, 28, 11, 193, 375, 18, 8, 6, 5, 187, 28]
19  9  [6, 5, 187, 28, 11, 193, 375, 18, 8, 6, 5, 187, 28, 11, 193, 375, 18, 8, 6]
20  9  [28, 11, 193, 375, 18, 8, 6, 5, 187, 28, 11, 193, 375, 18, 8, 6, 5, 187, 28]
21  9  [8, 6, 5, 187, 28, 11, 193, 375, 18, 8, 6, 5, 187, 28, 11, 193, 375, 18, 8]
22  9  [193, 375, 18, 8, 6, 5, 187, 28, 11, 193, 375, 18, 8, 6, 5, 187, 28, 11, 193]
23  9  [193, 375, 18, 8, 6, 5, 187, 28, 11, 193, 375, 18, 8, 6, 5, 187, 28, 11, 193]
24  9  [28, 11, 193, 375, 18, 8, 6, 5, 187, 28, 11, 193, 375, 18, 8, 6, 5, 187, 28]
25  9  [8, 6, 5, 187, 28, 11, 193, 375, 18, 8, 6, 5, 187, 28, 11, 193, 375, 18, 8]
26  9  [187, 28, 11, 193, 375, 18, 8, 6, 5, 187, 28, 11, 193, 375, 18, 8, 6, 5, 187]
27  9  [28, 11, 193, 375, 18, 8, 6, 5, 187, 28, 11, 193, 375, 18, 8, 6, 5, 187, 28]
28  9  [8, 6, 5, 187, 28, 11, 193, 375, 18, 8, 6, 5, 187, 28, 11, 193, 375, 18, 8]
29  9  [375, 18, 8, 6, 5, 187, 28, 11, 193, 375, 18, 8, 6, 5, 187, 28, 11, 193, 375]
30  9  [8, 6, 5, 187, 28, 11, 193, 375, 18, 8, 6, 5, 187, 28, 11, 193, 375, 18, 8]
31  9  [8, 6, 5, 187, 28, 11, 193, 375, 18, 8, 6, 5, 187, 28, 11, 193, 375, 18, 8]
32  9  [8, 6, 5, 187, 28, 11, 193, 375, 18, 8, 6, 5, 187, 28, 11, 193, 375, 18, 8]
33  9  [187, 28, 11, 193, 375, 18, 8, 6, 5, 187, 28, 11, 193, 375, 18, 8, 6, 5, 187]
34  9  [8, 6, 5, 187, 28, 11, 193, 375, 18, 8, 6, 5, 187, 28, 11, 193, 375, 18, 8]
35  9  [8, 6, 5, 187, 28, 11, 193, 375, 18, 8, 6, 5, 187, 28, 11, 193, 375, 18, 8]
36  9  [8, 6, 5, 187, 28, 11, 193, 375, 18, 8, 6, 5, 187, 28, 11, 193, 375, 18, 8]
37  9  [187, 28, 11, 193, 375, 18, 8, 6, 5, 187, 28, 11, 193, 375, 18, 8, 6, 5, 187]
38  9  [18, 8, 6, 5, 187, 28, 11, 193, 375, 18, 8, 6, 5, 187, 28, 11, 193, 375, 18]
39  9  [187, 28, 11, 193, 375, 18, 8, 6, 5, 187, 28, 11, 193, 375, 18, 8, 6, 5, 187]
40  9  [8, 6, 5, 187, 28, 11, 193, 375, 18, 8, 6, 5, 187, 28, 11, 193, 375, 18, 8]
41  9  [193, 375, 18, 8, 6, 5, 187, 28, 11, 193, 375, 18, 8, 6, 5, 187, 28, 11, 193]
42  9  [8, 6, 5, 187, 28, 11, 193, 375, 18, 8, 6, 5, 187, 28, 11, 193, 375, 18, 8]
43  9  [5, 187, 28, 11, 193, 375, 18, 8, 6, 5, 187, 28, 11, 193, 375, 18, 8, 6, 5]
44  9  [187, 28, 11, 193, 375, 18, 8, 6, 5, 187, 28, 11, 193, 375, 18, 8, 6, 5, 187]
45  9  [8, 6, 5, 187, 28, 11, 193, 375, 18, 8, 6, 5, 187, 28, 11, 193, 375, 18, 8]
46  9  [18, 8, 6, 5, 187, 28, 11, 193, 375, 18, 8, 6, 5, 187, 28, 11, 193, 375, 18]
47  9  [8, 6, 5, 187, 28, 11, 193, 375, 18, 8, 6, 5, 187, 28, 11, 193, 375, 18, 8]
48  9  [8, 6, 5, 187, 28, 11, 193, 375, 18, 8, 6, 5, 187, 28, 11, 193, 375, 18, 8]
49  9  [187, 28, 11, 193, 375, 18, 8, 6, 5, 187, 28, 11, 193, 375, 18, 8, 6, 5, 187]
50  9  [8, 6, 5, 187, 28, 11, 193, 375, 18, 8, 6, 5, 187, 28, 11, 193, 375, 18, 8]
51  9  [187, 28, 11, 193, 375, 18, 8, 6, 5, 187, 28, 11, 193, 375, 18, 8, 6, 5, 187]
52  9  [18, 8, 6, 5, 187, 28, 11, 193, 375, 18, 8, 6, 5, 187, 28, 11, 193, 375, 18]
53  9  [193, 375, 18, 8, 6, 5, 187, 28, 11, 193, 375, 18, 8, 6, 5, 187, 28, 11, 193]
54  9  [8, 6, 5, 187, 28, 11, 193, 375, 18, 8, 6, 5, 187, 28, 11, 193, 375, 18, 8]
55  9  [187, 28, 11, 193, 375, 18, 8, 6, 5, 187, 28, 11, 193, 375, 18, 8, 6, 5, 187]
56  9  [193, 375, 18, 8, 6, 5, 187, 28, 11, 193, 375, 18, 8, 6, 5, 187, 28, 11, 193]
57  9  [11, 193, 375, 18, 8, 6, 5, 187, 28, 11, 193, 375, 18, 8, 6, 5, 187, 28, 11]
58  9  [18, 8, 6, 5, 187, 28, 11, 193, 375, 18, 8, 6, 5, 187, 28, 11, 193, 375, 18]
59  9  [187, 28, 11, 193, 375, 18, 8, 6, 5, 187, 28, 11, 193, 375, 18, 8, 6, 5, 187]
60  9  [8, 6, 5, 187, 28, 11, 193, 375, 18, 8, 6, 5, 187, 28, 11, 193, 375, 18, 8]
61  9  [5, 187, 28, 11, 193, 375, 18, 8, 6, 5, 187, 28, 11, 193, 375, 18, 8, 6, 5]
62  9  [5, 187, 28, 11, 193, 375, 18, 8, 6, 5, 187, 28, 11, 193, 375, 18, 8, 6, 5]
63  9  [193, 375, 18, 8, 6, 5, 187, 28, 11, 193, 375, 18, 8, 6, 5, 187, 28, 11, 193]
64  9  [8, 6, 5, 187, 28, 11, 193, 375, 18, 8, 6, 5, 187, 28, 11, 193, 375, 18, 8]
65  9  [187, 28, 11, 193, 375, 18, 8, 6, 5, 187, 28, 11, 193, 375, 18, 8, 6, 5, 187]
66  9  [187, 28, 11, 193, 375, 18, 8, 6, 5, 187, 28, 11, 193, 375, 18, 8, 6, 5, 187]
67  9  [193, 375, 18, 8, 6, 5, 187, 28, 11, 193, 375, 18, 8, 6, 5, 187, 28, 11, 193]
68  9  [18, 8, 6, 5, 187, 28, 11, 193, 375, 18, 8, 6, 5, 187, 28, 11, 193, 375, 18]
69  9  [5, 187, 28, 11, 193, 375, 18, 8, 6, 5, 187, 28, 11, 193, 375, 18, 8, 6, 5]
70  9  [187, 28, 11, 193, 375, 18, 8, 6, 5, 187, 28, 11, 193, 375, 18, 8, 6, 5, 187]
71  9  [375, 18, 8, 6, 5, 187, 28, 11, 193, 375, 18, 8, 6, 5, 187, 28, 11, 193, 375]
72  9  [8, 6, 5, 187, 28, 11, 193, 375, 18, 8, 6, 5, 187, 28, 11, 193, 375, 18, 8]
73  9  [375, 18, 8, 6, 5, 187, 28, 11, 193, 375, 18, 8, 6, 5, 187, 28, 11, 193, 375]
74  9  [5, 187, 28, 11, 193, 375, 18, 8, 6, 5, 187, 28, 11, 193, 375, 18, 8, 6, 5]
75  9  [193, 375, 18, 8, 6, 5, 187, 28, 11, 193, 375, 18, 8, 6, 5, 187, 28, 11, 193]
76  9  [11, 193, 375, 18, 8, 6, 5, 187, 28, 11, 193, 375, 18, 8, 6, 5, 187, 28, 11]
77  9  [187, 28, 11, 193, 375, 18, 8, 6, 5, 187, 28, 11, 193, 375, 18, 8, 6, 5, 187]
78  9  [187, 28, 11, 193, 375, 18, 8, 6, 5, 187, 28, 11, 193, 375, 18, 8, 6, 5, 187]
79  9  [375, 18, 8, 6, 5, 187, 28, 11, 193, 375, 18, 8, 6, 5, 187, 28, 11, 193, 375]
80  9  [193, 375, 18, 8, 6, 5, 187, 28, 11, 193, 375, 18, 8, 6, 5, 187, 28, 11, 193]
81  9  [8, 6, 5, 187, 28, 11, 193, 375, 18, 8, 6, 5, 187, 28, 11, 193, 375, 18, 8]
82  9  [6, 5, 187, 28, 11, 193, 375, 18, 8, 6, 5, 187, 28, 11, 193, 375, 18, 8, 6]
83  9  [193, 375, 18, 8, 6, 5, 187, 28, 11, 193, 375, 18, 8, 6, 5, 187, 28, 11, 193]
84  9  [187, 28, 11, 193, 375, 18, 8, 6, 5, 187, 28, 11, 193, 375, 18, 8, 6, 5, 187]
85  9  [11, 193, 375, 18, 8, 6, 5, 187, 28, 11, 193, 375, 18, 8, 6, 5, 187, 28, 11]
86  9  [18, 8, 6, 5, 187, 28, 11, 193, 375, 18, 8, 6, 5, 187, 28, 11, 193, 375, 18]
87  9  [18, 8, 6, 5, 187, 28, 11, 193, 375, 18, 8, 6, 5, 187, 28, 11, 193, 375, 18]
88  9  [18, 8, 6, 5, 187, 28, 11, 193, 375, 18, 8, 6, 5, 187, 28, 11, 193, 375, 18]
89  9  [8, 6, 5, 187, 28, 11, 193, 375, 18, 8, 6, 5, 187, 28, 11, 193, 375, 18, 8]
90  9  [193, 375, 18, 8, 6, 5, 187, 28, 11, 193, 375, 18, 8, 6, 5, 187, 28, 11, 193]
91  9  [187, 28, 11, 193, 375, 18, 8, 6, 5, 187, 28, 11, 193, 375, 18, 8, 6, 5, 187]
92  9  [187, 28, 11, 193, 375, 18, 8, 6, 5, 187, 28, 11, 193, 375, 18, 8, 6, 5, 187]
93  9  [18, 8, 6, 5, 187, 28, 11, 193, 375, 18, 8, 6, 5, 187, 28, 11, 193, 375, 18]
94  9  [5, 187, 28, 11, 193, 375, 18, 8, 6, 5, 187, 28, 11, 193, 375, 18, 8, 6, 5]
95  9  [187, 28, 11, 193, 375, 18, 8, 6, 5, 187, 28, 11, 193, 375, 18, 8, 6, 5, 187]
96  9  [193, 375, 18, 8, 6, 5, 187, 28, 11, 193, 375, 18, 8, 6, 5, 187, 28, 11, 193]
97  9  [6, 5, 187, 28, 11, 193, 375, 18, 8, 6, 5, 187, 28, 11, 193, 375, 18, 8, 6]
98  9  [187, 28, 11, 193, 375, 18, 8, 6, 5, 187, 28, 11, 193, 375, 18, 8, 6, 5, 187]
99  9  [18, 8, 6, 5, 187, 28, 11, 193, 375, 18, 8, 6, 5, 187, 28, 11, 193, 375, 18]
100  9  [187, 28, 11, 193, 375, 18, 8, 6, 5, 187, 28, 11, 193, 375, 18, 8, 6, 5, 187]
101  9  [8, 6, 5, 187, 28, 11, 193, 375, 18, 8, 6, 5, 187, 28, 11, 193, 375, 18, 8]
102  9  [11, 193, 375, 18, 8, 6, 5, 187, 28, 11, 193, 375, 18, 8, 6, 5, 187, 28, 11]
103  9  [5, 187, 28, 11, 193, 375, 18, 8, 6, 5, 187, 28, 11, 193, 375, 18, 8, 6, 5]
104  9  [8, 6, 5, 187, 28, 11, 193, 375, 18, 8, 6, 5, 187, 28, 11, 193, 375, 18, 8]
