1,1,0,[1]
2,3,5,[7, 42, 12]
3,3,6,[42, 12, 7]
4,1,0,[4]
5,3,8,[42, 12, 7]
6,3,9,[42, 12, 7]
7,3,2,[42, 12, 7]
8,3,10,[42, 12, 7]
9,3,10,[42, 12, 7]
10,3,3,[42, 12, 7]
11,3,6,[42, 12, 7]
12,3,2,[7, 42, 12]
13,3,8,[42, 12, 7]
14,3,11,[42, 12, 7]
15,3,11,[42, 12, 7]
16,3,11,[42, 12, 7]
17,2,1,[52, 17]
18,3,11,[42, 12, 7]
19,3,8,[42, 12, 7]
20,3,11,[42, 12, 7]
21,3,4,[42, 12, 7]
22,3,9,[42, 12, 7]
23,3,15,[42, 12, 7]
24,3,11,[42, 12, 7]
25,3,4,[42, 12, 7]
26,3,12,[42, 12, 7]
27,3,11,[42, 12, 7]
28,3,7,[42, 12, 7]
29,3,4,[7, 42, 12]
30,3,4,[42, 12, 7]
31,3,13,[42, 12, 7]
32,3,4,[42, 12, 7]
33,3,12,[42, 12, 7]
34,3,9,[42, 12, 7]
35,3,3,[7, 42, 12]
36,3,4,[42, 12, 7]
37,3,4,[7, 42, 12]
38,3,5,[42, 12, 7]
39,3,12,[42, 12, 7]
40,3,7,[42, 12, 7]
41,3,17,[42, 12, 7]
42,3,2,[12, 7, 42]
43,3,13,[42, 12, 7]
44,3,12,[42, 12, 7]
45,3,7,[42, 12, 7]
46,3,5,[42, 12, 7]
47,3,15,[42, 12, 7]
48,3,7,[42, 12, 7]
49,3,12,[42, 12, 7]
50,3,3,[7, 42, 12]
51,3,12,[42, 12, 7]
52,2,1,[17, 52]
53,2,3,[52, 17]
54,3,7,[42, 12, 7]
55,3,12,[42, 12, 7]
56,3,9,[42, 12, 7]
57,3,10,[42, 12, 7]
58,3,14,[42, 12, 7]
59,3,14,[42, 12, 7]
60,3,3,[7, 42, 12]
61,3,10,[42, 12, 7]
62,3,13,[42, 12, 7]
63,3,9,[42, 12, 7]
64,3,3,[7, 42, 12]
65,3,12,[42, 12, 7]
66,3,12,[42, 12, 7]
67,3,11,[42, 12, 7]
68,3,5,[42, 12, 7]
69,3,13,[42, 12, 7]
70,3,12,[42, 12, 7]
71,3,14,[42, 12, 7]
72,3,3,[7, 42, 12]
73,3,10,[42, 12, 7]
74,3,13,[42, 12, 7]
75,3,9,[42, 12, 7]
76,3,16,[42, 12, 7]
77,3,12,[42, 12, 7]
78,3,12,[42, 12, 7]
79,3,13,[42, 12, 7]
80,3,9,[42, 12, 7]
81,3,3,[7, 42, 12]
82,3,14,[42, 12, 7]
83,3,12,[42, 12, 7]
84,3,12,[42, 12, 7]
85,3,10,[42, 12, 7]
86,3,8,[42, 12, 7]
87,3,5,[42, 12, 7]
88,2,2,[52, 17]
89,3,5,[7, 42, 12]
90,3,9,[42, 12, 7]
91,3,12,[42, 12, 7]
92,3,12,[42, 12, 7]
93,3,10,[42, 12, 7]
94,3,13,[42, 12, 7]
95,3,12,[42, 12, 7]
96,3,9,[42, 12, 7]
97,3,13,[42, 12, 7]
98,3,12,[42, 12, 7]
99,2,2,[52, 17]
100,3,12,[42, 12, 7]
101,3,17,[42, 12, 7]
102,3,10,[42, 12, 7]
103,3,9,[42, 12, 7]
104,3,9,[42, 12, 7]
105,3,12,[42, 12, 7]
106,3,13,[42, 12, 7]
107,3,12,[42, 12, 7]
108,3,9,[42, 12, 7]
109,3,13,[42, 12, 7]
110,3,12,[42, 12, 7]
111,3,8,[42, 12, 7]
112,3,12,[42, 12, 7]
113,3,19,[42, 12, 7]
114,3,12,[42, 12, 7]
115,3,8,[42, 12, 7]
116,3,13,[42, 12, 7]
117,3,9,[42, 12, 7]
118,3,11,[42, 12, 7]
119,3,12,[42, 12, 7]
120,3,12,[42, 12, 7]
121,3,10,[42, 12, 7]
122,3,10,[42, 12, 7]
123,3,13,[42, 12, 7]
124,3,4,[7, 42, 12]
125,3,12,[42, 12, 7]
126,3,12,[42, 12, 7]
127,3,13,[42, 12, 7]
128,3,12,[42, 12, 7]
129,3,6,[42, 12, 7]
130,3,12,[42, 12, 7]
131,3,12,[42, 12, 7]
132,3,12,[42, 12, 7]
133,3,13,[42, 12, 7]
134,3,14,[42, 12, 7]
135,3,12,[42, 12, 7]
136,3,16,[42, 12, 7]
137,3,17,[42, 12, 7]
138,3,8,[42, 12, 7]
139,3,11,[42, 12, 7]
140,3,12,[42, 12, 7]
141,3,4,[7, 42, 12]
142,3,11,[42, 12, 7]
143,3,12,[42, 12, 7]
144,3,12,[42, 12, 7]
145,3,10,[42, 12, 7]
146,3,10,[42, 12, 7]
147,2,2,[52, 17]
148,3,18,[42, 12, 7]
149,3,6,[7, 42, 12]
150,3,12,[42, 12, 7]
151,3,6,[42, 12, 7]
152,3,5,[42, 12, 7]
153,3,16,[42, 12, 7]
154,3,12,[42, 12, 7]
155,3,5,[42, 12, 7]
156,3,12,[42, 12, 7]
157,3,13,[42, 12, 7]
158,3,4,[7, 42, 12]
159,3,10,[42, 12, 7]
160,3,12,[42, 12, 7]
161,3,5,[42, 12, 7]
162,3,12,[42, 12, 7]
163,3,10,[42, 12, 7]
164,3,8,[42, 12, 7]
165,3,9,[42, 12, 7]
166,3,11,[42, 12, 7]
167,3,11,[42, 12, 7]
168,3,12,[42, 12, 7]
169,3,13,[42, 12, 7]
170,3,12,[42, 12, 7]
171,3,5,[42, 12, 7]
172,3,16,[42, 12, 7]
173,3,6,[42, 12, 7]
174,3,10,[42, 12, 7]
175,2,2,[52, 17]
176,3,9,[42, 12, 7]
177,3,14,[42, 12, 7]
178,3,13,[42, 12, 7]
179,3,15,[42, 12, 7]
180,3,12,[42, 12, 7]
181,3,13,[42, 12, 7]
182,3,10,[42, 12, 7]
183,3,4,[7, 42, 12]
184,3,5,[7, 42, 12]
185,3,3,[12, 7, 42]
186,3,5,[42, 12, 7]
187,3,8,[42, 12, 7]
188,3,13,[42, 12, 7]
189,3,12,[42, 12, 7]
190,3,13,[42, 12, 7]
191,3,10,[42, 12, 7]
192,3,12,[42, 12, 7]
193,3,14,[42, 12, 7]
194,2,3,[52, 17]
195,3,5,[42, 12, 7]
196,3,12,[42, 12, 7]
197,3,5,[7, 42, 12]
198,3,9,[42, 12, 7]
199,3,6,[42, 12, 7]
200,3,12,[42, 12, 7]
