1,1,0,[1],[0]
2,9,5,[5, 6, 9, 24, 103, 616, 873, 971, 1839],[1, 0, 0, 0, 1, 0, 0, 1, 0]
3,9,10,[5, 6, 9, 24, 103, 616, 873, 971, 1839],[1, 0, 0, 0, 1, 0, 0, 1, 0]
4,1,0,[4],[0]
5,9,0,[5, 6, 9, 24, 103, 616, 873, 971, 1839],[1, 0, 0, 0, 1, 0, 0, 1, 0]
6,9,0,[5, 6, 9, 24, 103, 616, 873, 971, 1839],[1, 0, 0, 0, 1, 0, 0, 1, 0]
7,9,10,[5, 6, 9, 24, 103, 616, 873, 971, 1839],[1, 0, 0, 0, 1, 0, 0, 1, 0]
8,9,1,[5, 6, 9, 24, 103, 616, 873, 971, 1839],[1, 0, 0, 0, 1, 0, 0, 1, 0]
9,9,0,[5, 6, 9, 24, 103, 616, 873, 971, 1839],[1, 0, 0, 0, 1, 0, 0, 1, 0]
10,9,11,[5, 6, 9, 24, 103, 616, 873, 971, 1839],[1, 0, 0, 0, 1, 0, 0, 1, 0]
11,2,8,[23, 891],[1, 0]
12,9,11,[5, 6, 9, 24, 103, 616, 873, 971, 1839],[1, 0, 0, 0, 1, 0, 0, 1, 0]
13,9,7,[5, 6, 9, 24, 103, 616, 873, 971, 1839],[1, 0, 0, 0, 1, 0, 0, 1, 0]
14,9,1,[5, 6, 9, 24, 103, 616, 873, 971, 1839],[1, 0, 0, 0, 1, 0, 0, 1, 0]
15,9,2,[5, 6, 9, 24, 103, 616, 873, 971, 1839],[1, 0, 0, 0, 1, 0, 0, 1, 0]
16,9,2,[5, 6, 9, 24, 103, 616, 873, 971, 1839],[1, 0, 0, 0, 1, 0, 0, 1, 0]
17,9,6,[5, 6, 9, 24, 103, 616, 873, 971, 1839],[1, 0, 0, 0, 1, 0, 0, 1, 0]
18,9,2,[5, 6, 9, 24, 103, 616, 873, 971, 1839],[1, 0, 0, 0, 1, 0, 0, 1, 0]
19,9,4,[5, 6, 9, 24, 103, 616, 873, 971, 1839],[1, 0, 0, 0, 1, 0, 0, 1, 0]
20,9,1,[5, 6, 9, 24, 103, 616, 873, 971, 1839],[1, 0, 0, 0, 1, 0, 0, 1, 0]
21,9,12,[5, 6, 9, 24, 103, 616, 873, 971, 1839],[1, 0, 0, 0, 1, 0, 0, 1, 0]
22,9,8,[5, 6, 9, 24, 103, 616, 873, 971, 1839],[1, 0, 0, 0, 1, 0, 0, 1, 0]
23,2,0,[23, 891],[1, 0]
24,9,0,[5, 6, 9, 24, 103, 616, 873, 971, 1839],[1, 0, 0, 0, 1, 0, 0, 1, 0]
25,9,12,[5, 6, 9, 24, 103, 616, 873, 971, 1839],[1, 0, 0, 0, 1, 0, 0, 1, 0]
26,9,3,[5, 6, 9, 24, 103, 616, 873, 971, 1839],[1, 0, 0, 0, 1, 0, 0, 1, 0]
27,9,1,[5, 6, 9, 24, 103, 616, 873, 971, 1839],[1, 0, 0, 0, 1, 0, 0, 1, 0]
28,2,9,[23, 891],[1, 0]
29,9,5,[5, 6, 9, 24, 103, 616, 873, 971, 1839],[1, 0, 0, 0, 1, 0, 0, 1, 0]
30,9,12,[5, 6, 9, 24, 103, 616, 873, 971, 1839],[1, 0, 0, 0, 1, 0, 0, 1, 0]
31,9,14,[5, 6, 9, 24, 103, 616, 873, 971, 1839],[1, 0, 0, 0, 1, 0, 0, 1, 0]
32,9,12,[5, 6, 9, 24, 103, 616, 873, 971, 1839],[1, 0, 0, 0, 1, 0, 0, 1, 0]
33,9,2,[5, 6, 9, 24, 103, 616, 873, 971, 1839],[1, 0, 0, 0, 1, 0, 0, 1, 0]
34,9,5,[5, 6, 9, 24, 103, 616, 873, 971, 1839],[1, 0, 0, 0, 1, 0, 0, 1, 0]
35,9,12,[5, 6, 9, 24, 103, 616, 873, 971, 1839],[1, 0, 0, 0, 1, 0, 0, 1, 0]
36,9,12,[5, 6, 9, 24, 103, 616, 873, 971, 1839],[1, 0, 0, 0, 1, 0, 0, 1, 0]
37,9,15,[5, 6, 9, 24, 103, 616, 873, 971, 1839],[1, 0, 0, 0, 1, 0, 0, 1, 0]
38,9,13,[5, 6, 9, 24, 103, 616, 873, 971, 1839],[1, 0, 0, 0, 1, 0, 0, 1, 0]
39,9,3,[5, 6, 9, 24, 103, 616, 873, 971, 1839],[1, 0, 0, 0, 1, 0, 0, 1, 0]
40,2,9,[23, 891],[1, 0]
41,9,7,[5, 6, 9, 24, 103, 616, 873, 971, 1839],[1, 0, 0, 0, 1, 0, 0, 1, 0]
42,9,12,[5, 6, 9, 24, 103, 616, 873, 971, 1839],[1, 0, 0, 0, 1, 0, 0, 1, 0]
43,2,5,[23, 891],[1, 0]
44,9,3,[5, 6, 9, 24, 103, 616, 873, 971, 1839],[1, 0, 0, 0, 1, 0, 0, 1, 0]
45,2,9,[23, 891],[1, 0]
46,9,13,[5, 6, 9, 24, 103, 616, 873, 971, 1839],[1, 0, 0, 0, 1, 0, 0, 1, 0]
47,9,6,[5, 6, 9, 24, 103, 616, 873, 971, 1839],[1, 0, 0, 0, 1, 0, 0, 1, 0]
48,2,9,[23, 891],[1, 0]
49,9,2,[5, 6, 9, 24, 103, 616, 873, 971, 1839],[1, 0, 0, 0, 1, 0, 0, 1, 0]
50,9,12,[5, 6, 9, 24, 103, 616, 873, 971, 1839],[1, 0, 0, 0, 1, 0, 0, 1, 0]
51,9,2,[5, 6, 9, 24, 103, 616, 873, 971, 1839],[1, 0, 0, 0, 1, 0, 0, 1, 0]
52,9,7,[5, 6, 9, 24, 103, 616, 873, 971, 1839],[1, 0, 0, 0, 1, 0, 0, 1, 0]
53,9,16,[5, 6, 9, 24, 103, 616, 873, 971, 1839],[1, 0, 0, 0, 1, 0, 0, 1, 0]
54,2,9,[23, 891],[1, 0]
55,9,3,[5, 6, 9, 24, 103, 616, 873, 971, 1839],[1, 0, 0, 0, 1, 0, 0, 1, 0]
56,9,8,[5, 6, 9, 24, 103, 616, 873, 971, 1839],[1, 0, 0, 0, 1, 0, 0, 1, 0]
57,9,9,[5, 6, 9, 24, 103, 616, 873, 971, 1839],[1, 0, 0, 0, 1, 0, 0, 1, 0]
58,9,15,[5, 6, 9, 24, 103, 616, 873, 971, 1839],[1, 0, 0, 0, 1, 0, 0, 1, 0]
59,9,12,[5, 6, 9, 24, 103, 616, 873, 971, 1839],[1, 0, 0, 0, 1, 0, 0, 1, 0]
60,9,12,[5, 6, 9, 24, 103, 616, 873, 971, 1839],[1, 0, 0, 0, 1, 0, 0, 1, 0]
61,9,11,[5, 6, 9, 24, 103, 616, 873, 971, 1839],[1, 0, 0, 0, 1, 0, 0, 1, 0]
62,9,3,[5, 6, 9, 24, 103, 616, 873, 971, 1839],[1, 0, 0, 0, 1, 0, 0, 1, 0]
63,9,8,[5, 6, 9, 24, 103, 616, 873, 971, 1839],[1, 0, 0, 0, 1, 0, 0, 1, 0]
64,9,12,[5, 6, 9, 24, 103, 616, 873, 971, 1839],[1, 0, 0, 0, 1, 0, 0, 1, 0]
65,9,3,[5, 6, 9, 24, 103, 616, 873, 971, 1839],[1, 0, 0, 0, 1, 0, 0, 1, 0]
66,9,3,[5, 6, 9, 24, 103, 616, 873, 971, 1839],[1, 0, 0, 0, 1, 0, 0, 1, 0]
67,9,4,[5, 6, 9, 24, 103, 616, 873, 971, 1839],[1, 0, 0, 0, 1, 0, 0, 1, 0]
68,9,13,[5, 6, 9, 24, 103, 616, 873, 971, 1839],[1, 0, 0, 0, 1, 0, 0, 1, 0]
69,9,4,[5, 6, 9, 24, 103, 616, 873, 971, 1839],[1, 0, 0, 0, 1, 0, 0, 1, 0]
70,9,2,[5, 6, 9, 24, 103, 616, 873, 971, 1839],[1, 0, 0, 0, 1, 0, 0, 1, 0]
71,9,12,[5, 6, 9, 24, 103, 616, 873, 971, 1839],[1, 0, 0, 0, 1, 0, 0, 1, 0]
72,9,12,[5, 6, 9, 24, 103, 616, 873, 971, 1839],[1, 0, 0, 0, 1, 0, 0, 1, 0]
73,2,4,[23, 891],[1, 0]
74,9,4,[5, 6, 9, 24, 103, 616, 873, 971, 1839],[1, 0, 0, 0, 1, 0, 0, 1, 0]
75,9,8,[5, 6, 9, 24, 103, 616, 873, 971, 1839],[1, 0, 0, 0, 1, 0, 0, 1, 0]
76,2,1,[23, 891],[1, 0]
77,9,3,[5, 6, 9, 24, 103, 616, 873, 971, 1839],[1, 0, 0, 0, 1, 0, 0, 1, 0]
78,9,3,[5, 6, 9, 24, 103, 616, 873, 971, 1839],[1, 0, 0, 0, 1, 0, 0, 1, 0]
79,9,15,[5, 6, 9, 24, 103, 616, 873, 971, 1839],[1, 0, 0, 0, 1, 0, 0, 1, 0]
80,9,8,[5, 6, 9, 24, 103, 616, 873, 971, 1839],[1, 0, 0, 0, 1, 0, 0, 1, 0]
81,9,12,[5, 6, 9, 24, 103, 616, 873, 971, 1839],[1, 0, 0, 0, 1, 0, 0, 1, 0]
82,2,6,[23, 891],[1, 0]
83,9,9,[5, 6, 9, 24, 103, 616, 873, 971, 1839],[1, 0, 0, 0, 1, 0, 0, 1, 0]
84,9,2,[5, 6, 9, 24, 103, 616, 873, 971, 1839],[1, 0, 0, 0, 1, 0, 0, 1, 0]
85,9,9,[5, 6, 9, 24, 103, 616, 873, 971, 1839],[1, 0, 0, 0, 1, 0, 0, 1, 0]
86,2,10,[23, 891],[1, 0]
87,9,13,[5, 6, 9, 24, 103, 616, 873, 971, 1839],[1, 0, 0, 0, 1, 0, 0, 1, 0]
88,9,7,[5, 6, 9, 24, 103, 616, 873, 971, 1839],[1, 0, 0, 0, 1, 0, 0, 1, 0]
89,2,7,[23, 891],[1, 0]
90,9,8,[5, 6, 9, 24, 103, 616, 873, 971, 1839],[1, 0, 0, 0, 1, 0, 0, 1, 0]
91,9,2,[5, 6, 9, 24, 103, 616, 873, 971, 1839],[1, 0, 0, 0, 1, 0, 0, 1, 0]
92,9,2,[5, 6, 9, 24, 103, 616, 873, 971, 1839],[1, 0, 0, 0, 1, 0, 0, 1, 0]
93,9,6,[5, 6, 9, 24, 103, 616, 873, 971, 1839],[1, 0, 0, 0, 1, 0, 0, 1, 0]
94,9,3,[5, 6, 9, 24, 103, 616, 873, 971, 1839],[1, 0, 0, 0, 1, 0, 0, 1, 0]
95,9,1,[5, 6, 9, 24, 103, 616, 873, 971, 1839],[1, 0, 0, 0, 1, 0, 0, 1, 0]
96,9,8,[5, 6, 9, 24, 103, 616, 873, 971, 1839],[1, 0, 0, 0, 1, 0, 0, 1, 0]
97,9,7,[5, 6, 9, 24, 103, 616, 873, 971, 1839],[1, 0, 0, 0, 1, 0, 0, 1, 0]
98,9,3,[5, 6, 9, 24, 103, 616, 873, 971, 1839],[1, 0, 0, 0, 1, 0, 0, 1, 0]
99,9,7,[5, 6, 9, 24, 103, 616, 873, 971, 1839],[1, 0, 0, 0, 1, 0, 0, 1, 0]
100,9,2,[5, 6, 9, 24, 103, 616, 873, 971, 1839],[1, 0, 0, 0, 1, 0, 0, 1, 0]
