1,1,0,[1],[0]
2,14,2,[5, 6, 8, 13, 18, 65, 108, 244, 515, 523, 1033, 1543, 2053, 2563],[1, 0, 0, 1, 0, 0, 0, 0, 0, 1, 1, 1, 1, 0]
3,14,8,[5, 6, 8, 13, 18, 65, 108, 244, 515, 523, 1033, 1543, 2053, 2563],[1, 0, 0, 1, 0, 0, 0, 0, 0, 1, 1, 1, 1, 0]
4,1,0,[4],[0]
5,14,0,[5, 6, 8, 13, 18, 65, 108, 244, 515, 523, 1033, 1543, 2053, 2563],[1, 0, 0, 1, 0, 0, 0, 0, 0, 1, 1, 1, 1, 0]
6,14,0,[5, 6, 8, 13, 18, 65, 108, 244, 515, 523, 1033, 1543, 2053, 2563],[1, 0, 0, 1, 0, 0, 0, 0, 0, 1, 1, 1, 1, 0]
7,10,0,[7, 10, 30, 31, 58, 230, 517, 541, 1051, 1561],[1, 0, 0, 1, 0, 0, 0, 1, 1, 0]
8,14,0,[5, 6, 8, 13, 18, 65, 108, 244, 515, 523, 1033, 1543, 2053, 2563],[1, 0, 0, 1, 0, 0, 0, 0, 0, 1, 1, 1, 1, 0]
9,14,1,[5, 6, 8, 13, 18, 65, 108, 244, 515, 523, 1033, 1543, 2053, 2563],[1, 0, 0, 1, 0, 0, 0, 0, 0, 1, 1, 1, 1, 0]
10,10,0,[7, 10, 30, 31, 58, 230, 517, 541, 1051, 1561],[1, 0, 0, 1, 0, 0, 0, 1, 1, 0]
11,14,5,[5, 6, 8, 13, 18, 65, 108, 244, 515, 523, 1033, 1543, 2053, 2563],[1, 0, 0, 1, 0, 0, 0, 0, 0, 1, 1, 1, 1, 0]
12,10,1,[7, 10, 30, 31, 58, 230, 517, 541, 1051, 1561],[1, 0, 0, 1, 0, 0, 0, 1, 1, 0]
13,14,0,[5, 6, 8, 13, 18, 65, 108, 244, 515, 523, 1033, 1543, 2053, 2563],[1, 0, 0, 1, 0, 0, 0, 0, 0, 1, 1, 1, 1, 0]
14,14,2,[5, 6, 8, 13, 18, 65, 108, 244, 515, 523, 1033, 1543, 2053, 2563],[1, 0, 0, 1, 0, 0, 0, 0, 0, 1, 1, 1, 1, 0]
15,14,1,[5, 6, 8, 13, 18, 65, 108, 244, 515, 523, 1033, 1543, 2053, 2563],[1, 0, 0, 1, 0, 0, 0, 0, 0, 1, 1, 1, 1, 0]
16,14,1,[5, 6, 8, 13, 18, 65, 108, 244, 515, 523, 1033, 1543, 2053, 2563],[1, 0, 0, 1, 0, 0, 0, 0, 0, 1, 1, 1, 1, 0]
17,14,8,[5, 6, 8, 13, 18, 65, 108, 244, 515, 523, 1033, 1543, 2053, 2563],[1, 0, 0, 1, 0, 0, 0, 0, 0, 1, 1, 1, 1, 0]
18,14,0,[5, 6, 8, 13, 18, 65, 108, 244, 515, 523, 1033, 1543, 2053, 2563],[1, 0, 0, 1, 0, 0, 0, 0, 0, 1, 1, 1, 1, 0]
19,10,4,[7, 10, 30, 31, 58, 230, 517, 541, 1051, 1561],[1, 0, 0, 1, 0, 0, 0, 1, 1, 0]
20,14,2,[5, 6, 8, 13, 18, 65, 108, 244, 515, 523, 1033, 1543, 2053, 2563],[1, 0, 0, 1, 0, 0, 0, 0, 0, 1, 1, 1, 1, 0]
21,10,1,[7, 10, 30, 31, 58, 230, 517, 541, 1051, 1561],[1, 0, 0, 1, 0, 0, 0, 1, 1, 0]
22,14,1,[5, 6, 8, 13, 18, 65, 108, 244, 515, 523, 1033, 1543, 2053, 2563],[1, 0, 0, 1, 0, 0, 0, 0, 0, 1, 1, 1, 1, 0]
23,14,8,[5, 6, 8, 13, 18, 65, 108, 244, 515, 523, 1033, 1543, 2053, 2563],[1, 0, 0, 1, 0, 0, 0, 0, 0, 1, 1, 1, 1, 0]
24,14,2,[5, 6, 8, 13, 18, 65, 108, 244, 515, 523, 1033, 1543, 2053, 2563],[1, 0, 0, 1, 0, 0, 0, 0, 0, 1, 1, 1, 1, 0]
25,10,1,[7, 10, 30, 31, 58, 230, 517, 541, 1051, 1561],[1, 0, 0, 1, 0, 0, 0, 1, 1, 0]
26,14,2,[5, 6, 8, 13, 18, 65, 108, 244, 515, 523, 1033, 1543, 2053, 2563],[1, 0, 0, 1, 0, 0, 0, 0, 0, 1, 1, 1, 1, 0]
27,14,2,[5, 6, 8, 13, 18, 65, 108, 244, 515, 523, 1033, 1543, 2053, 2563],[1, 0, 0, 1, 0, 0, 0, 0, 0, 1, 1, 1, 1, 0]
28,14,6,[5, 6, 8, 13, 18, 65, 108, 244, 515, 523, 1033, 1543, 2053, 2563],[1, 0, 0, 1, 0, 0, 0, 0, 0, 1, 1, 1, 1, 0]
29,10,3,[7, 10, 30, 31, 58, 230, 517, 541, 1051, 1561],[1, 0, 0, 1, 0, 0, 0, 1, 1, 0]
30,10,0,[7, 10, 30, 31, 58, 230, 517, 541, 1051, 1561],[1, 0, 0, 1, 0, 0, 0, 1, 1, 0]
31,10,0,[7, 10, 30, 31, 58, 230, 517, 541, 1051, 1561],[1, 0, 0, 1, 0, 0, 0, 1, 1, 0]
32,10,1,[7, 10, 30, 31, 58, 230, 517, 541, 1051, 1561],[1, 0, 0, 1, 0, 0, 0, 1, 1, 0]
33,14,3,[5, 6, 8, 13, 18, 65, 108, 244, 515, 523, 1033, 1543, 2053, 2563],[1, 0, 0, 1, 0, 0, 0, 0, 0, 1, 1, 1, 1, 0]
34,10,5,[7, 10, 30, 31, 58, 230, 517, 541, 1051, 1561],[1, 0, 0, 1, 0, 0, 0, 1, 1, 0]
35,10,2,[7, 10, 30, 31, 58, 230, 517, 541, 1051, 1561],[1, 0, 0, 1, 0, 0, 0, 1, 1, 0]
36,10,1,[7, 10, 30, 31, 58, 230, 517, 541, 1051, 1561],[1, 0, 0, 1, 0, 0, 0, 1, 1, 0]
37,10,6,[7, 10, 30, 31, 58, 230, 517, 541, 1051, 1561],[1, 0, 0, 1, 0, 0, 0, 1, 1, 0]
38,10,2,[7, 10, 30, 31, 58, 230, 517, 541, 1051, 1561],[1, 0, 0, 1, 0, 0, 0, 1, 1, 0]
39,14,2,[5, 6, 8, 13, 18, 65, 108, 244, 515, 523, 1033, 1543, 2053, 2563],[1, 0, 0, 1, 0, 0, 0, 0, 0, 1, 1, 1, 1, 0]
40,14,6,[5, 6, 8, 13, 18, 65, 108, 244, 515, 523, 1033, 1543, 2053, 2563],[1, 0, 0, 1, 0, 0, 0, 0, 0, 1, 1, 1, 1, 0]
41,14,8,[5, 6, 8, 13, 18, 65, 108, 244, 515, 523, 1033, 1543, 2053, 2563],[1, 0, 0, 1, 0, 0, 0, 0, 0, 1, 1, 1, 1, 0]
42,10,2,[7, 10, 30, 31, 58, 230, 517, 541, 1051, 1561],[1, 0, 0, 1, 0, 0, 0, 1, 1, 0]
43,14,9,[5, 6, 8, 13, 18, 65, 108, 244, 515, 523, 1033, 1543, 2053, 2563],[1, 0, 0, 1, 0, 0, 0, 0, 0, 1, 1, 1, 1, 0]
44,14,2,[5, 6, 8, 13, 18, 65, 108, 244, 515, 523, 1033, 1543, 2053, 2563],[1, 0, 0, 1, 0, 0, 0, 0, 0, 1, 1, 1, 1, 0]
45,14,6,[5, 6, 8, 13, 18, 65, 108, 244, 515, 523, 1033, 1543, 2053, 2563],[1, 0, 0, 1, 0, 0, 0, 0, 0, 1, 1, 1, 1, 0]
46,10,2,[7, 10, 30, 31, 58, 230, 517, 541, 1051, 1561],[1, 0, 0, 1, 0, 0, 0, 1, 1, 0]
47,14,3,[5, 6, 8, 13, 18, 65, 108, 244, 515, 523, 1033, 1543, 2053, 2563],[1, 0, 0, 1, 0, 0, 0, 0, 0, 1, 1, 1, 1, 0]
48,14,6,[5, 6, 8, 13, 18, 65, 108, 244, 515, 523, 1033, 1543, 2053, 2563],[1, 0, 0, 1, 0, 0, 0, 0, 0, 1, 1, 1, 1, 0]
49,14,3,[5, 6, 8, 13, 18, 65, 108, 244, 515, 523, 1033, 1543, 2053, 2563],[1, 0, 0, 1, 0, 0, 0, 0, 0, 1, 1, 1, 1, 0]
50,10,2,[7, 10, 30, 31, 58, 230, 517, 541, 1051, 1561],[1, 0, 0, 1, 0, 0, 0, 1, 1, 0]
51,14,3,[5, 6, 8, 13, 18, 65, 108, 244, 515, 523, 1033, 1543, 2053, 2563],[1, 0, 0, 1, 0, 0, 0, 0, 0, 1, 1, 1, 1, 0]
52,14,9,[5, 6, 8, 13, 18, 65, 108, 244, 515, 523, 1033, 1543, 2053, 2563],[1, 0, 0, 1, 0, 0, 0, 0, 0, 1, 1, 1, 1, 0]
53,14,5,[5, 6, 8, 13, 18, 65, 108, 244, 515, 523, 1033, 1543, 2053, 2563],[1, 0, 0, 1, 0, 0, 0, 0, 0, 1, 1, 1, 1, 0]
54,14,6,[5, 6, 8, 13, 18, 65, 108, 244, 515, 523, 1033, 1543, 2053, 2563],[1, 0, 0, 1, 0, 0, 0, 0, 0, 1, 1, 1, 1, 0]
55,14,2,[5, 6, 8, 13, 18, 65, 108, 244, 515, 523, 1033, 1543, 2053, 2563],[1, 0, 0, 1, 0, 0, 0, 0, 0, 1, 1, 1, 1, 0]
56,14,1,[5, 6, 8, 13, 18, 65, 108, 244, 515, 523, 1033, 1543, 2053, 2563],[1, 0, 0, 1, 0, 0, 0, 0, 0, 1, 1, 1, 1, 0]
57,14,2,[5, 6, 8, 13, 18, 65, 108, 244, 515, 523, 1033, 1543, 2053, 2563],[1, 0, 0, 1, 0, 0, 0, 0, 0, 1, 1, 1, 1, 0]
58,10,0,[7, 10, 30, 31, 58, 230, 517, 541, 1051, 1561],[1, 0, 0, 1, 0, 0, 0, 1, 1, 0]
59,14,4,[5, 6, 8, 13, 18, 65, 108, 244, 515, 523, 1033, 1543, 2053, 2563],[1, 0, 0, 1, 0, 0, 0, 0, 0, 1, 1, 1, 1, 0]
60,10,2,[7, 10, 30, 31, 58, 230, 517, 541, 1051, 1561],[1, 0, 0, 1, 0, 0, 0, 1, 1, 0]
61,14,6,[5, 6, 8, 13, 18, 65, 108, 244, 515, 523, 1033, 1543, 2053, 2563],[1, 0, 0, 1, 0, 0, 0, 0, 0, 1, 1, 1, 1, 0]
62,14,4,[5, 6, 8, 13, 18, 65, 108, 244, 515, 523, 1033, 1543, 2053, 2563],[1, 0, 0, 1, 0, 0, 0, 0, 0, 1, 1, 1, 1, 0]
63,14,1,[5, 6, 8, 13, 18, 65, 108, 244, 515, 523, 1033, 1543, 2053, 2563],[1, 0, 0, 1, 0, 0, 0, 0, 0, 1, 1, 1, 1, 0]
64,10,2,[7, 10, 30, 31, 58, 230, 517, 541, 1051, 1561],[1, 0, 0, 1, 0, 0, 0, 1, 1, 0]
65,14,0,[5, 6, 8, 13, 18, 65, 108, 244, 515, 523, 1033, 1543, 2053, 2563],[1, 0, 0, 1, 0, 0, 0, 0, 0, 1, 1, 1, 1, 0]
66,14,2,[5, 6, 8, 13, 18, 65, 108, 244, 515, 523, 1033, 1543, 2053, 2563],[1, 0, 0, 1, 0, 0, 0, 0, 0, 1, 1, 1, 1, 0]
67,14,7,[5, 6, 8, 13, 18, 65, 108, 244, 515, 523, 1033, 1543, 2053, 2563],[1, 0, 0, 1, 0, 0, 0, 0, 0, 1, 1, 1, 1, 0]
68,10,2,[7, 10, 30, 31, 58, 230, 517, 541, 1051, 1561],[1, 0, 0, 1, 0, 0, 0, 1, 1, 0]
69,14,3,[5, 6, 8, 13, 18, 65, 108, 244, 515, 523, 1033, 1543, 2053, 2563],[1, 0, 0, 1, 0, 0, 0, 0, 0, 1, 1, 1, 1, 0]
70,14,3,[5, 6, 8, 13, 18, 65, 108, 244, 515, 523, 1033, 1543, 2053, 2563],[1, 0, 0, 1, 0, 0, 0, 0, 0, 1, 1, 1, 1, 0]
71,14,3,[5, 6, 8, 13, 18, 65, 108, 244, 515, 523, 1033, 1543, 2053, 2563],[1, 0, 0, 1, 0, 0, 0, 0, 0, 1, 1, 1, 1, 0]
72,10,2,[7, 10, 30, 31, 58, 230, 517, 541, 1051, 1561],[1, 0, 0, 1, 0, 0, 0, 1, 1, 0]
73,10,4,[7, 10, 30, 31, 58, 230, 517, 541, 1051, 1561],[1, 0, 0, 1, 0, 0, 0, 1, 1, 0]
74,14,3,[5, 6, 8, 13, 18, 65, 108, 244, 515, 523, 1033, 1543, 2053, 2563],[1, 0, 0, 1, 0, 0, 0, 0, 0, 1, 1, 1, 1, 0]
75,14,1,[5, 6, 8, 13, 18, 65, 108, 244, 515, 523, 1033, 1543, 2053, 2563],[1, 0, 0, 1, 0, 0, 0, 0, 0, 1, 1, 1, 1, 0]
76,14,9,[5, 6, 8, 13, 18, 65, 108, 244, 515, 523, 1033, 1543, 2053, 2563],[1, 0, 0, 1, 0, 0, 0, 0, 0, 1, 1, 1, 1, 0]
77,14,1,[5, 6, 8, 13, 18, 65, 108, 244, 515, 523, 1033, 1543, 2053, 2563],[1, 0, 0, 1, 0, 0, 0, 0, 0, 1, 1, 1, 1, 0]
78,14,1,[5, 6, 8, 13, 18, 65, 108, 244, 515, 523, 1033, 1543, 2053, 2563],[1, 0, 0, 1, 0, 0, 0, 0, 0, 1, 1, 1, 1, 0]
79,10,4,[7, 10, 30, 31, 58, 230, 517, 541, 1051, 1561],[1, 0, 0, 1, 0, 0, 0, 1, 1, 0]
80,14,1,[5, 6, 8, 13, 18, 65, 108, 244, 515, 523, 1033, 1543, 2053, 2563],[1, 0, 0, 1, 0, 0, 0, 0, 0, 1, 1, 1, 1, 0]
81,10,2,[7, 10, 30, 31, 58, 230, 517, 541, 1051, 1561],[1, 0, 0, 1, 0, 0, 0, 1, 1, 0]
82,14,10,[5, 6, 8, 13, 18, 65, 108, 244, 515, 523, 1033, 1543, 2053, 2563],[1, 0, 0, 1, 0, 0, 0, 0, 0, 1, 1, 1, 1, 0]
83,14,8,[5, 6, 8, 13, 18, 65, 108, 244, 515, 523, 1033, 1543, 2053, 2563],[1, 0, 0, 1, 0, 0, 0, 0, 0, 1, 1, 1, 1, 0]
84,14,3,[5, 6, 8, 13, 18, 65, 108, 244, 515, 523, 1033, 1543, 2053, 2563],[1, 0, 0, 1, 0, 0, 0, 0, 0, 1, 1, 1, 1, 0]
85,14,2,[5, 6, 8, 13, 18, 65, 108, 244, 515, 523, 1033, 1543, 2053, 2563],[1, 0, 0, 1, 0, 0, 0, 0, 0, 1, 1, 1, 1, 0]
86,14,7,[5, 6, 8, 13, 18, 65, 108, 244, 515, 523, 1033, 1543, 2053, 2563],[1, 0, 0, 1, 0, 0, 0, 0, 0, 1, 1, 1, 1, 0]
87,10,2,[7, 10, 30, 31, 58, 230, 517, 541, 1051, 1561],[1, 0, 0, 1, 0, 0, 0, 1, 1, 0]
88,14,9,[5, 6, 8, 13, 18, 65, 108, 244, 515, 523, 1033, 1543, 2053, 2563],[1, 0, 0, 1, 0, 0, 0, 0, 0, 1, 1, 1, 1, 0]
89,14,9,[5, 6, 8, 13, 18, 65, 108, 244, 515, 523, 1033, 1543, 2053, 2563],[1, 0, 0, 1, 0, 0, 0, 0, 0, 1, 1, 1, 1, 0]
90,14,1,[5, 6, 8, 13, 18, 65, 108, 244, 515, 523, 1033, 1543, 2053, 2563],[1, 0, 0, 1, 0, 0, 0, 0, 0, 1, 1, 1, 1, 0]
91,14,3,[5, 6, 8, 13, 18, 65, 108, 244, 515, 523, 1033, 1543, 2053, 2563],[1, 0, 0, 1, 0, 0, 0, 0, 0, 1, 1, 1, 1, 0]
92,14,3,[5, 6, 8, 13, 18, 65, 108, 244, 515, 523, 1033, 1543, 2053, 2563],[1, 0, 0, 1, 0, 0, 0, 0, 0, 1, 1, 1, 1, 0]
93,10,6,[7, 10, 30, 31, 58, 230, 517, 541, 1051, 1561],[1, 0, 0, 1, 0, 0, 0, 1, 1, 0]
94,14,4,[5, 6, 8, 13, 18, 65, 108, 244, 515, 523, 1033, 1543, 2053, 2563],[1, 0, 0, 1, 0, 0, 0, 0, 0, 1, 1, 1, 1, 0]
95,14,3,[5, 6, 8, 13, 18, 65, 108, 244, 515, 523, 1033, 1543, 2053, 2563],[1, 0, 0, 1, 0, 0, 0, 0, 0, 1, 1, 1, 1, 0]
96,14,1,[5, 6, 8, 13, 18, 65, 108, 244, 515, 523, 1033, 1543, 2053, 2563],[1, 0, 0, 1, 0, 0, 0, 0, 0, 1, 1, 1, 1, 0]
97,14,11,[5, 6, 8, 13, 18, 65, 108, 244, 515, 523, 1033, 1543, 2053, 2563],[1, 0, 0, 1, 0, 0, 0, 0, 0, 1, 1, 1, 1, 0]
98,14,2,[5, 6, 8, 13, 18, 65, 108, 244, 515, 523, 1033, 1543, 2053, 2563],[1, 0, 0, 1, 0, 0, 0, 0, 0, 1, 1, 1, 1, 0]
99,14,9,[5, 6, 8, 13, 18, 65, 108, 244, 515, 523, 1033, 1543, 2053, 2563],[1, 0, 0, 1, 0, 0, 0, 0, 0, 1, 1, 1, 1, 0]
100,14,3,[5, 6, 8, 13, 18, 65, 108, 244, 515, 523, 1033, 1543, 2053, 2563],[1, 0, 0, 1, 0, 0, 0, 0, 0, 1, 1, 1, 1, 0]
