1  1  [1, 1, 1, 1, 1, 1, 1, 1, 1, 1, 1, 1, 1, 1, 1, 1, 1, 1, 1]
2  9  [6, 5, 72, 12, 7, 74, 39, 16, 8, 6, 5, 72, 12, 7, 74, 39, 16, 8, 6]
3  9  [5, 72, 12, 7, 74, 39, 16, 8, 6, 5, 72, 12, 7, 74, 39, 16, 8, 6, 5]
4  1  [4, 4, 4, 4, 4, 4, 4, 4, 4, 4, 4, 4, 4, 4, 4, 4, 4, 4, 4]
5  9  [39, 16, 8, 6, 5, 72, 12, 7, 74, 39, 16, 8, 6, 5, 72, 12, 7, 74, 39]
6  9  [74, 39, 16, 8, 6, 5, 72, 12, 7, 74, 39, 16, 8, 6, 5, 72, 12, 7, 74]
7  9  [6, 5, 72, 12, 7, 74, 39, 16, 8, 6, 5, 72, 12, 7, 74, 39, 16, 8, 6]
8  9  [7, 74, 39, 16, 8, 6, 5, 72, 12, 7, 74, 39, 16, 8, 6, 5, 72, 12, 7]
9  9  [7, 74, 39, 16, 8, 6, 5, 72, 12, 7, 74, 39, 16, 8, 6, 5, 72, 12, 7]
10  9  [8, 6, 5, 72, 12, 7, 74, 39, 16, 8, 6, 5, 72, 12, 7, 74, 39, 16, 8]
11  9  [5, 72, 12, 7, 74, 39, 16, 8, 6, 5, 72, 12, 7, 74, 39, 16, 8, 6, 5]
12  9  [8, 6, 5, 72, 12, 7, 74, 39, 16, 8, 6, 5, 72, 12, 7, 74, 39, 16, 8]
13  2  [13, 80, 13, 80, 13, 80, 13, 80, 13, 80, 13, 80, 13, 80, 13, 80, 13, 80, 13]
14  9  [12, 7, 74, 39, 16, 8, 6, 5, 72, 12, 7, 74, 39, 16, 8, 6, 5, 72, 12]
15  9  [12, 7, 74, 39, 16, 8, 6, 5, 72, 12, 7, 74, 39, 16, 8, 6, 5, 72, 12]
16  9  [12, 7, 74, 39, 16, 8, 6, 5, 72, 12, 7, 74, 39, 16, 8, 6, 5, 72, 12]
17  9  [5, 72, 12, 7, 74, 39, 16, 8, 6, 5, 72, 12, 7, 74, 39, 16, 8, 6, 5]
18  9  [12, 7, 74, 39, 16, 8, 6, 5, 72, 12, 7, 74, 39, 16, 8, 6, 5, 72, 12]
19  9  [16, 8, 6, 5, 72, 12, 7, 74, 39, 16, 8, 6, 5, 72, 12, 7, 74, 39, 16]
20  9  [12, 7, 74, 39, 16, 8, 6, 5, 72, 12, 7, 74, 39, 16, 8, 6, 5, 72, 12]
21  9  [16, 8, 6, 5, 72, 12, 7, 74, 39, 16, 8, 6, 5, 72, 12, 7, 74, 39, 16]
22  2  [80, 13, 80, 13, 80, 13, 80, 13, 80, 13, 80, 13, 80, 13, 80, 13, 80, 13, 80]
23  2  [13, 80, 13, 80, 13, 80, 13, 80, 13, 80, 13, 80, 13, 80, 13, 80, 13, 80, 13]
24  9  [12, 7, 74, 39, 16, 8, 6, 5, 72, 12, 7, 74, 39, 16, 8, 6, 5, 72, 12]
25  9  [16, 8, 6, 5, 72, 12, 7, 74, 39, 16, 8, 6, 5, 72, 12, 7, 74, 39, 16]
26  9  [72, 12, 7, 74, 39, 16, 8, 6, 5, 72, 12, 7, 74, 39, 16, 8, 6, 5, 72]
27  9  [12, 7, 74, 39, 16, 8, 6, 5, 72, 12, 7, 74, 39, 16, 8, 6, 5, 72, 12]
28  9  [6, 5, 72, 12, 7, 74, 39, 16, 8, 6, 5, 72, 12, 7, 74, 39, 16, 8, 6]
29  2  [13, 80, 13, 80, 13, 80, 13, 80, 13, 80, 13, 80, 13, 80, 13, 80, 13, 80, 13]
30  9  [16, 8, 6, 5, 72, 12, 7, 74, 39, 16, 8, 6, 5, 72, 12, 7, 74, 39, 16]
31  9  [5, 72, 12, 7, 74, 39, 16, 8, 6, 5, 72, 12, 7, 74, 39, 16, 8, 6, 5]
32  9  [16, 8, 6, 5, 72, 12, 7, 74, 39, 16, 8, 6, 5, 72, 12, 7, 74, 39, 16]
33  9  [72, 12, 7, 74, 39, 16, 8, 6, 5, 72, 12, 7, 74, 39, 16, 8, 6, 5, 72]
34  9  [39, 16, 8, 6, 5, 72, 12, 7, 74, 39, 16, 8, 6, 5, 72, 12, 7, 74, 39]
35  9  [16, 8, 6, 5, 72, 12, 7, 74, 39, 16, 8, 6, 5, 72, 12, 7, 74, 39, 16]
36  9  [16, 8, 6, 5, 72, 12, 7, 74, 39, 16, 8, 6, 5, 72, 12, 7, 74, 39, 16]
37  9  [74, 39, 16, 8, 6, 5, 72, 12, 7, 74, 39, 16, 8, 6, 5, 72, 12, 7, 74]
38  9  [39, 16, 8, 6, 5, 72, 12, 7, 74, 39, 16, 8, 6, 5, 72, 12, 7, 74, 39]
39  9  [72, 12, 7, 74, 39, 16, 8, 6, 5, 72, 12, 7, 74, 39, 16, 8, 6, 5, 72]
40  9  [6, 5, 72, 12, 7, 74, 39, 16, 8, 6, 5, 72, 12, 7, 74, 39, 16, 8, 6]
41  2  [13, 80, 13, 80, 13, 80, 13, 80, 13, 80, 13, 80, 13, 80, 13, 80, 13, 80, 13]
42  9  [16, 8, 6, 5, 72, 12, 7, 74, 39, 16, 8, 6, 5, 72, 12, 7, 74, 39, 16]
43  9  [5, 72, 12, 7, 74, 39, 16, 8, 6, 5, 72, 12, 7, 74, 39, 16, 8, 6, 5]
44  9  [72, 12, 7, 74, 39, 16, 8, 6, 5, 72, 12, 7, 74, 39, 16, 8, 6, 5, 72]
45  9  [6, 5, 72, 12, 7, 74, 39, 16, 8, 6, 5, 72, 12, 7, 74, 39, 16, 8, 6]
46  9  [39, 16, 8, 6, 5, 72, 12, 7, 74, 39, 16, 8, 6, 5, 72, 12, 7, 74, 39]
47  9  [5, 72, 12, 7, 74, 39, 16, 8, 6, 5, 72, 12, 7, 74, 39, 16, 8, 6, 5]
48  9  [6, 5, 72, 12, 7, 74, 39, 16, 8, 6, 5, 72, 12, 7, 74, 39, 16, 8, 6]
49  9  [72, 12, 7, 74, 39, 16, 8, 6, 5, 72, 12, 7, 74, 39, 16, 8, 6, 5, 72]
50  9  [16, 8, 6, 5, 72, 12, 7, 74, 39, 16, 8, 6, 5, 72, 12, 7, 74, 39, 16]
51  9  [72, 12, 7, 74, 39, 16, 8, 6, 5, 72, 12, 7, 74, 39, 16, 8, 6, 5, 72]
52  9  [6, 5, 72, 12, 7, 74, 39, 16, 8, 6, 5, 72, 12, 7, 74, 39, 16, 8, 6]
53  9  [5, 72, 12, 7, 74, 39, 16, 8, 6, 5, 72, 12, 7, 74, 39, 16, 8, 6, 5]
54  9  [6, 5, 72, 12, 7, 74, 39, 16, 8, 6, 5, 72, 12, 7, 74, 39, 16, 8, 6]
55  9  [72, 12, 7, 74, 39, 16, 8, 6, 5, 72, 12, 7, 74, 39, 16, 8, 6, 5, 72]
56  2  [80, 13, 80, 13, 80, 13, 80, 13, 80, 13, 80, 13, 80, 13, 80, 13, 80, 13, 80]
57  2  [13, 80, 13, 80, 13, 80, 13, 80, 13, 80, 13, 80, 13, 80, 13, 80, 13, 80, 13]
58  9  [6, 5, 72, 12, 7, 74, 39, 16, 8, 6, 5, 72, 12, 7, 74, 39, 16, 8, 6]
59  9  [5, 72, 12, 7, 74, 39, 16, 8, 6, 5, 72, 12, 7, 74, 39, 16, 8, 6, 5]
60  9  [16, 8, 6, 5, 72, 12, 7, 74, 39, 16, 8, 6, 5, 72, 12, 7, 74, 39, 16]
61  9  [5, 72, 12, 7, 74, 39, 16, 8, 6, 5, 72, 12, 7, 74, 39, 16, 8, 6, 5]
62  9  [5, 72, 12, 7, 74, 39, 16, 8, 6, 5, 72, 12, 7, 74, 39, 16, 8, 6, 5]
63  2  [80, 13, 80, 13, 80, 13, 80, 13, 80, 13, 80, 13, 80, 13, 80, 13, 80, 13, 80]
64  9  [16, 8, 6, 5, 72, 12, 7, 74, 39, 16, 8, 6, 5, 72, 12, 7, 74, 39, 16]
65  9  [72, 12, 7, 74, 39, 16, 8, 6, 5, 72, 12, 7, 74, 39, 16, 8, 6, 5, 72]
66  9  [72, 12, 7, 74, 39, 16, 8, 6, 5, 72, 12, 7, 74, 39, 16, 8, 6, 5, 72]
67  9  [8, 6, 5, 72, 12, 7, 74, 39, 16, 8, 6, 5, 72, 12, 7, 74, 39, 16, 8]
68  9  [39, 16, 8, 6, 5, 72, 12, 7, 74, 39, 16, 8, 6, 5, 72, 12, 7, 74, 39]
69  9  [5, 72, 12, 7, 74, 39, 16, 8, 6, 5, 72, 12, 7, 74, 39, 16, 8, 6, 5]
70  9  [72, 12, 7, 74, 39, 16, 8, 6, 5, 72, 12, 7, 74, 39, 16, 8, 6, 5, 72]
71  9  [16, 8, 6, 5, 72, 12, 7, 74, 39, 16, 8, 6, 5, 72, 12, 7, 74, 39, 16]
72  9  [16, 8, 6, 5, 72, 12, 7, 74, 39, 16, 8, 6, 5, 72, 12, 7, 74, 39, 16]
73  9  [5, 72, 12, 7, 74, 39, 16, 8, 6, 5, 72, 12, 7, 74, 39, 16, 8, 6, 5]
74  9  [5, 72, 12, 7, 74, 39, 16, 8, 6, 5, 72, 12, 7, 74, 39, 16, 8, 6, 5]
75  2  [80, 13, 80, 13, 80, 13, 80, 13, 80, 13, 80, 13, 80, 13, 80, 13, 80, 13, 80]
76  2  [80, 13, 80, 13, 80, 13, 80, 13, 80, 13, 80, 13, 80, 13, 80, 13, 80, 13, 80]
77  9  [72, 12, 7, 74, 39, 16, 8, 6, 5, 72, 12, 7, 74, 39, 16, 8, 6, 5, 72]
78  9  [72, 12, 7, 74, 39, 16, 8, 6, 5, 72, 12, 7, 74, 39, 16, 8, 6, 5, 72]
79  2  [80, 13, 80, 13, 80, 13, 80, 13, 80, 13, 80, 13, 80, 13, 80, 13, 80, 13, 80]
80  2  [80, 13, 80, 13, 80, 13, 80, 13, 80, 13, 80, 13, 80, 13, 80, 13, 80, 13, 80]
81  9  [16, 8, 6, 5, 72, 12, 7, 74, 39, 16, 8, 6, 5, 72, 12, 7, 74, 39, 16]
82  9  [6, 5, 72, 12, 7, 74, 39, 16, 8, 6, 5, 72, 12, 7, 74, 39, 16, 8, 6]
83  9  [5, 72, 12, 7, 74, 39, 16, 8, 6, 5, 72, 12, 7, 74, 39, 16, 8, 6, 5]
84  9  [72, 12, 7, 74, 39, 16, 8, 6, 5, 72, 12, 7, 74, 39, 16, 8, 6, 5, 72]
85  2  [13, 80, 13, 80, 13, 80, 13, 80, 13, 80, 13, 80, 13, 80, 13, 80, 13, 80, 13]
86  9  [8, 6, 5, 72, 12, 7, 74, 39, 16, 8, 6, 5, 72, 12, 7, 74, 39, 16, 8]
87  9  [39, 16, 8, 6, 5, 72, 12, 7, 74, 39, 16, 8, 6, 5, 72, 12, 7, 74, 39]
88  9  [6, 5, 72, 12, 7, 74, 39, 16, 8, 6, 5, 72, 12, 7, 74, 39, 16, 8, 6]
89  9  [5, 72, 12, 7, 74, 39, 16, 8, 6, 5, 72, 12, 7, 74, 39, 16, 8, 6, 5]
90  2  [80, 13, 80, 13, 80, 13, 80, 13, 80, 13, 80, 13, 80, 13, 80, 13, 80, 13, 80]
91  9  [72, 12, 7, 74, 39, 16, 8, 6, 5, 72, 12, 7, 74, 39, 16, 8, 6, 5, 72]
92  9  [72, 12, 7, 74, 39, 16, 8, 6, 5, 72, 12, 7, 74, 39, 16, 8, 6, 5, 72]
93  9  [74, 39, 16, 8, 6, 5, 72, 12, 7, 74, 39, 16, 8, 6, 5, 72, 12, 7, 74]
94  9  [5, 72, 12, 7, 74, 39, 16, 8, 6, 5, 72, 12, 7, 74, 39, 16, 8, 6, 5]
95  9  [72, 12, 7, 74, 39, 16, 8, 6, 5, 72, 12, 7, 74, 39, 16, 8, 6, 5, 72]
96  2  [80, 13, 80, 13, 80, 13, 80, 13, 80, 13, 80, 13, 80, 13, 80, 13, 80, 13, 80]
97  9  [16, 8, 6, 5, 72, 12, 7, 74, 39, 16, 8, 6, 5, 72, 12, 7, 74, 39, 16]
98  9  [72, 12, 7, 74, 39, 16, 8, 6, 5, 72, 12, 7, 74, 39, 16, 8, 6, 5, 72]
99  9  [6, 5, 72, 12, 7, 74, 39, 16, 8, 6, 5, 72, 12, 7, 74, 39, 16, 8, 6]
100  9  [72, 12, 7, 74, 39, 16, 8, 6, 5, 72, 12, 7, 74, 39, 16, 8, 6, 5, 72]
101  9  [5, 72, 12, 7, 74, 39, 16, 8, 6, 5, 72, 12, 7, 74, 39, 16, 8, 6, 5]
102  2  [13, 80, 13, 80, 13, 80, 13, 80, 13, 80, 13, 80, 13, 80, 13, 80, 13, 80, 13]
103  9  [5, 72, 12, 7, 74, 39, 16, 8, 6, 5, 72, 12, 7, 74, 39, 16, 8, 6, 5]
104  9  [39, 16, 8, 6, 5, 72, 12, 7, 74, 39, 16, 8, 6, 5, 72, 12, 7, 74, 39]
