1,1,0,[1]
2,8,10,[7, 214, 109, 316, 83, 290, 36, 10]
3,2,3,[224, 17]
4,1,0,[4]
5,9,8,[212, 57, 22, 13, 220, 20, 9, 6, 5]
6,9,8,[5, 212, 57, 22, 13, 220, 20, 9, 6]
7,8,7,[214, 109, 316, 83, 290, 36, 10, 7]
8,9,9,[5, 212, 57, 22, 13, 220, 20, 9, 6]
9,9,8,[6, 5, 212, 57, 22, 13, 220, 20, 9]
10,8,7,[7, 214, 109, 316, 83, 290, 36, 10]
11,4,3,[218, 111, 40, 11]
12,8,8,[214, 109, 316, 83, 290, 36, 10, 7]
13,9,8,[220, 20, 9, 6, 5, 212, 57, 22, 13]
14,9,9,[6, 5, 212, 57, 22, 13, 220, 20, 9]
15,9,10,[5, 212, 57, 22, 13, 220, 20, 9, 6]
16,9,10,[5, 212, 57, 22, 13, 220, 20, 9, 6]
17,2,1,[224, 17]
18,9,10,[5, 212, 57, 22, 13, 220, 20, 9, 6]
19,4,7,[218, 111, 40, 11]
20,9,8,[9, 6, 5, 212, 57, 22, 13, 220, 20]
21,8,8,[7, 214, 109, 316, 83, 290, 36, 10]
22,9,8,[13, 220, 20, 9, 6, 5, 212, 57, 22]
23,8,10,[7, 214, 109, 316, 83, 290, 36, 10]
24,9,9,[6, 5, 212, 57, 22, 13, 220, 20, 9]
25,8,8,[7, 214, 109, 316, 83, 290, 36, 10]
26,9,11,[5, 212, 57, 22, 13, 220, 20, 9, 6]
27,9,9,[6, 5, 212, 57, 22, 13, 220, 20, 9]
28,4,4,[218, 111, 40, 11]
29,9,11,[220, 20, 9, 6, 5, 212, 57, 22, 13]
30,8,8,[7, 214, 109, 316, 83, 290, 36, 10]
31,9,13,[5, 212, 57, 22, 13, 220, 20, 9, 6]
32,8,8,[7, 214, 109, 316, 83, 290, 36, 10]
33,9,10,[6, 5, 212, 57, 22, 13, 220, 20, 9]
34,4,8,[218, 111, 40, 11]
35,8,9,[214, 109, 316, 83, 290, 36, 10, 7]
36,8,7,[10, 7, 214, 109, 316, 83, 290, 36]
37,9,13,[5, 212, 57, 22, 13, 220, 20, 9, 6]
38,8,9,[7, 214, 109, 316, 83, 290, 36, 10]
39,9,11,[5, 212, 57, 22, 13, 220, 20, 9, 6]
40,4,3,[11, 218, 111, 40]
41,9,15,[5, 212, 57, 22, 13, 220, 20, 9, 6]
42,8,9,[214, 109, 316, 83, 290, 36, 10, 7]
43,2,3,[224, 17]
44,9,11,[5, 212, 57, 22, 13, 220, 20, 9, 6]
45,4,4,[218, 111, 40, 11]
46,8,9,[7, 214, 109, 316, 83, 290, 36, 10]
47,8,12,[7, 214, 109, 316, 83, 290, 36, 10]
48,4,4,[218, 111, 40, 11]
49,9,10,[6, 5, 212, 57, 22, 13, 220, 20, 9]
50,8,9,[214, 109, 316, 83, 290, 36, 10, 7]
51,9,9,[9, 6, 5, 212, 57, 22, 13, 220, 20]
52,2,2,[224, 17]
53,9,10,[13, 220, 20, 9, 6, 5, 212, 57, 22]
54,4,4,[218, 111, 40, 11]
55,9,11,[5, 212, 57, 22, 13, 220, 20, 9, 6]
56,9,9,[220, 20, 9, 6, 5, 212, 57, 22, 13]
57,9,8,[22, 13, 220, 20, 9, 6, 5, 212, 57]
58,9,14,[5, 212, 57, 22, 13, 220, 20, 9, 6]
59,4,6,[218, 111, 40, 11]
60,8,9,[214, 109, 316, 83, 290, 36, 10, 7]
61,8,14,[214, 109, 316, 83, 290, 36, 10, 7]
62,9,11,[6, 5, 212, 57, 22, 13, 220, 20, 9]
63,9,9,[220, 20, 9, 6, 5, 212, 57, 22, 13]
64,8,9,[214, 109, 316, 83, 290, 36, 10, 7]
65,9,11,[5, 212, 57, 22, 13, 220, 20, 9, 6]
66,9,11,[5, 212, 57, 22, 13, 220, 20, 9, 6]
67,2,6,[224, 17]
68,8,9,[7, 214, 109, 316, 83, 290, 36, 10]
69,9,12,[5, 212, 57, 22, 13, 220, 20, 9, 6]
70,9,10,[6, 5, 212, 57, 22, 13, 220, 20, 9]
71,8,12,[214, 109, 316, 83, 290, 36, 10, 7]
72,8,9,[214, 109, 316, 83, 290, 36, 10, 7]
73,9,12,[5, 212, 57, 22, 13, 220, 20, 9, 6]
74,9,12,[5, 212, 57, 22, 13, 220, 20, 9, 6]
75,9,9,[220, 20, 9, 6, 5, 212, 57, 22, 13]
76,8,11,[7, 214, 109, 316, 83, 290, 36, 10]
77,9,11,[5, 212, 57, 22, 13, 220, 20, 9, 6]
78,9,11,[5, 212, 57, 22, 13, 220, 20, 9, 6]
79,9,13,[5, 212, 57, 22, 13, 220, 20, 9, 6]
80,9,9,[220, 20, 9, 6, 5, 212, 57, 22, 13]
81,8,9,[214, 109, 316, 83, 290, 36, 10, 7]
82,2,4,[224, 17]
83,8,7,[290, 36, 10, 7, 214, 109, 316, 83]
84,9,10,[6, 5, 212, 57, 22, 13, 220, 20, 9]
85,9,9,[13, 220, 20, 9, 6, 5, 212, 57, 22]
86,4,5,[218, 111, 40, 11]
87,8,9,[7, 214, 109, 316, 83, 290, 36, 10]
88,2,2,[224, 17]
89,2,5,[224, 17]
90,9,9,[220, 20, 9, 6, 5, 212, 57, 22, 13]
91,9,9,[9, 6, 5, 212, 57, 22, 13, 220, 20]
92,9,10,[6, 5, 212, 57, 22, 13, 220, 20, 9]
93,4,9,[218, 111, 40, 11]
94,9,11,[6, 5, 212, 57, 22, 13, 220, 20, 9]
95,9,10,[6, 5, 212, 57, 22, 13, 220, 20, 9]
96,9,9,[220, 20, 9, 6, 5, 212, 57, 22, 13]
97,9,11,[6, 5, 212, 57, 22, 13, 220, 20, 9]
98,9,11,[5, 212, 57, 22, 13, 220, 20, 9, 6]
99,2,2,[224, 17]
100,9,10,[6, 5, 212, 57, 22, 13, 220, 20, 9]
101,9,10,[13, 220, 20, 9, 6, 5, 212, 57, 22]
102,9,9,[13, 220, 20, 9, 6, 5, 212, 57, 22]
103,8,11,[7, 214, 109, 316, 83, 290, 36, 10]
104,4,8,[218, 111, 40, 11]
105,9,11,[5, 212, 57, 22, 13, 220, 20, 9, 6]
106,9,12,[5, 212, 57, 22, 13, 220, 20, 9, 6]
107,9,12,[220, 20, 9, 6, 5, 212, 57, 22, 13]
108,9,9,[220, 20, 9, 6, 5, 212, 57, 22, 13]
109,8,7,[316, 83, 290, 36, 10, 7, 214, 109]
110,9,11,[5, 212, 57, 22, 13, 220, 20, 9, 6]
111,4,3,[40, 11, 218, 111]
112,9,11,[5, 212, 57, 22, 13, 220, 20, 9, 6]
113,2,3,[224, 17]
114,9,10,[6, 5, 212, 57, 22, 13, 220, 20, 9]
115,4,5,[218, 111, 40, 11]
116,9,11,[6, 5, 212, 57, 22, 13, 220, 20, 9]
117,4,8,[218, 111, 40, 11]
118,8,15,[214, 109, 316, 83, 290, 36, 10, 7]
119,9,10,[6, 5, 212, 57, 22, 13, 220, 20, 9]
120,9,10,[6, 5, 212, 57, 22, 13, 220, 20, 9]
121,9,9,[13, 220, 20, 9, 6, 5, 212, 57, 22]
122,9,10,[220, 20, 9, 6, 5, 212, 57, 22, 13]
123,9,12,[5, 212, 57, 22, 13, 220, 20, 9, 6]
124,8,10,[214, 109, 316, 83, 290, 36, 10, 7]
125,9,11,[5, 212, 57, 22, 13, 220, 20, 9, 6]
126,9,11,[5, 212, 57, 22, 13, 220, 20, 9, 6]
127,9,14,[5, 212, 57, 22, 13, 220, 20, 9, 6]
128,9,10,[6, 5, 212, 57, 22, 13, 220, 20, 9]
129,8,10,[7, 214, 109, 316, 83, 290, 36, 10]
130,9,9,[9, 6, 5, 212, 57, 22, 13, 220, 20]
131,4,6,[218, 111, 40, 11]
132,9,11,[5, 212, 57, 22, 13, 220, 20, 9, 6]
133,9,12,[5, 212, 57, 22, 13, 220, 20, 9, 6]
134,9,13,[5, 212, 57, 22, 13, 220, 20, 9, 6]
135,9,10,[6, 5, 212, 57, 22, 13, 220, 20, 9]
136,8,11,[7, 214, 109, 316, 83, 290, 36, 10]
137,9,12,[6, 5, 212, 57, 22, 13, 220, 20, 9]
138,4,5,[218, 111, 40, 11]
139,2,4,[224, 17]
140,9,11,[5, 212, 57, 22, 13, 220, 20, 9, 6]
141,8,10,[214, 109, 316, 83, 290, 36, 10, 7]
142,9,13,[5, 212, 57, 22, 13, 220, 20, 9, 6]
143,9,10,[6, 5, 212, 57, 22, 13, 220, 20, 9]
144,9,10,[6, 5, 212, 57, 22, 13, 220, 20, 9]
145,4,9,[218, 111, 40, 11]
146,9,10,[220, 20, 9, 6, 5, 212, 57, 22, 13]
147,2,2,[224, 17]
148,9,16,[5, 212, 57, 22, 13, 220, 20, 9, 6]
149,4,11,[218, 111, 40, 11]
150,9,11,[5, 212, 57, 22, 13, 220, 20, 9, 6]
151,9,14,[13, 220, 20, 9, 6, 5, 212, 57, 22]
152,8,9,[7, 214, 109, 316, 83, 290, 36, 10]
153,8,11,[7, 214, 109, 316, 83, 290, 36, 10]
154,9,9,[9, 6, 5, 212, 57, 22, 13, 220, 20]
155,8,8,[10, 7, 214, 109, 316, 83, 290, 36]
156,9,9,[9, 6, 5, 212, 57, 22, 13, 220, 20]
157,9,11,[6, 5, 212, 57, 22, 13, 220, 20, 9]
158,8,10,[214, 109, 316, 83, 290, 36, 10, 7]
159,9,10,[220, 20, 9, 6, 5, 212, 57, 22, 13]
160,9,11,[5, 212, 57, 22, 13, 220, 20, 9, 6]
161,8,9,[7, 214, 109, 316, 83, 290, 36, 10]
162,9,10,[6, 5, 212, 57, 22, 13, 220, 20, 9]
163,9,13,[5, 212, 57, 22, 13, 220, 20, 9, 6]
164,4,5,[218, 111, 40, 11]
165,4,8,[218, 111, 40, 11]
166,9,10,[13, 220, 20, 9, 6, 5, 212, 57, 22]
167,8,10,[7, 214, 109, 316, 83, 290, 36, 10]
168,9,11,[5, 212, 57, 22, 13, 220, 20, 9, 6]
169,9,12,[5, 212, 57, 22, 13, 220, 20, 9, 6]
170,9,10,[6, 5, 212, 57, 22, 13, 220, 20, 9]
171,8,9,[7, 214, 109, 316, 83, 290, 36, 10]
172,8,13,[7, 214, 109, 316, 83, 290, 36, 10]
173,4,6,[218, 111, 40, 11]
174,4,9,[218, 111, 40, 11]
175,2,2,[224, 17]
176,4,8,[218, 111, 40, 11]
177,9,12,[6, 5, 212, 57, 22, 13, 220, 20, 9]
178,9,10,[9, 6, 5, 212, 57, 22, 13, 220, 20]
179,8,11,[7, 214, 109, 316, 83, 290, 36, 10]
180,9,11,[5, 212, 57, 22, 13, 220, 20, 9, 6]
181,9,12,[13, 220, 20, 9, 6, 5, 212, 57, 22]
182,9,9,[13, 220, 20, 9, 6, 5, 212, 57, 22]
183,8,10,[214, 109, 316, 83, 290, 36, 10, 7]
184,9,12,[220, 20, 9, 6, 5, 212, 57, 22, 13]
185,8,10,[214, 109, 316, 83, 290, 36, 10, 7]
186,8,8,[10, 7, 214, 109, 316, 83, 290, 36]
187,4,5,[218, 111, 40, 11]
188,9,10,[9, 6, 5, 212, 57, 22, 13, 220, 20]
189,9,11,[5, 212, 57, 22, 13, 220, 20, 9, 6]
190,9,12,[5, 212, 57, 22, 13, 220, 20, 9, 6]
191,9,13,[6, 5, 212, 57, 22, 13, 220, 20, 9]
192,9,11,[5, 212, 57, 22, 13, 220, 20, 9, 6]
193,9,12,[5, 212, 57, 22, 13, 220, 20, 9, 6]
194,2,3,[224, 17]
195,8,9,[7, 214, 109, 316, 83, 290, 36, 10]
196,9,11,[5, 212, 57, 22, 13, 220, 20, 9, 6]
197,9,13,[5, 212, 57, 22, 13, 220, 20, 9, 6]
198,4,8,[218, 111, 40, 11]
199,8,11,[7, 214, 109, 316, 83, 290, 36, 10]
200,9,11,[5, 212, 57, 22, 13, 220, 20, 9, 6]
