1,1,0,[1]
2,6,8,[6, 5, 94, 49, 14, 9]
3,6,8,[6, 5, 94, 49, 14, 9]
4,1,0,[4]
5,6,5,[94, 49, 14, 9, 6, 5]
6,6,5,[5, 94, 49, 14, 9, 6]
7,3,4,[102, 22, 13]
8,6,6,[5, 94, 49, 14, 9, 6]
9,6,5,[6, 5, 94, 49, 14, 9]
10,3,5,[102, 22, 13]
11,6,7,[9, 6, 5, 94, 49, 14]
12,3,5,[102, 22, 13]
13,3,2,[102, 22, 13]
14,6,5,[9, 6, 5, 94, 49, 14]
15,6,7,[5, 94, 49, 14, 9, 6]
16,6,7,[5, 94, 49, 14, 9, 6]
17,6,10,[5, 94, 49, 14, 9, 6]
18,6,7,[5, 94, 49, 14, 9, 6]
19,3,4,[102, 22, 13]
20,6,6,[6, 5, 94, 49, 14, 9]
21,3,6,[102, 22, 13]
22,3,2,[13, 102, 22]
23,6,9,[5, 94, 49, 14, 9, 6]
24,6,6,[6, 5, 94, 49, 14, 9]
25,3,6,[102, 22, 13]
26,6,8,[5, 94, 49, 14, 9, 6]
27,6,6,[6, 5, 94, 49, 14, 9]
28,6,8,[9, 6, 5, 94, 49, 14]
29,6,11,[5, 94, 49, 14, 9, 6]
30,3,6,[102, 22, 13]
31,6,7,[9, 6, 5, 94, 49, 14]
32,3,6,[102, 22, 13]
33,6,6,[9, 6, 5, 94, 49, 14]
34,3,5,[102, 22, 13]
35,3,6,[102, 22, 13]
36,3,6,[102, 22, 13]
37,6,9,[5, 94, 49, 14, 9, 6]
38,3,7,[102, 22, 13]
39,6,8,[5, 94, 49, 14, 9, 6]
40,6,8,[9, 6, 5, 94, 49, 14]
41,6,8,[6, 5, 94, 49, 14, 9]
42,3,6,[102, 22, 13]
43,6,9,[5, 94, 49, 14, 9, 6]
44,6,8,[5, 94, 49, 14, 9, 6]
45,6,8,[9, 6, 5, 94, 49, 14]
46,3,7,[102, 22, 13]
47,6,11,[5, 94, 49, 14, 9, 6]
48,6,8,[9, 6, 5, 94, 49, 14]
49,6,5,[14, 9, 6, 5, 94, 49]
50,3,6,[102, 22, 13]
51,6,7,[6, 5, 94, 49, 14, 9]
52,6,11,[5, 94, 49, 14, 9, 6]
53,6,9,[9, 6, 5, 94, 49, 14]
54,6,8,[9, 6, 5, 94, 49, 14]
55,6,8,[5, 94, 49, 14, 9, 6]
56,3,3,[102, 22, 13]
57,3,3,[13, 102, 22]
58,6,8,[9, 6, 5, 94, 49, 14]
59,6,10,[6, 5, 94, 49, 14, 9]
60,3,6,[102, 22, 13]
61,6,9,[5, 94, 49, 14, 9, 6]
62,6,7,[9, 6, 5, 94, 49, 14]
63,3,3,[102, 22, 13]
64,3,6,[102, 22, 13]
65,6,8,[5, 94, 49, 14, 9, 6]
66,6,8,[5, 94, 49, 14, 9, 6]
67,6,8,[6, 5, 94, 49, 14, 9]
68,3,7,[102, 22, 13]
69,6,9,[5, 94, 49, 14, 9, 6]
70,6,6,[9, 6, 5, 94, 49, 14]
71,6,9,[5, 94, 49, 14, 9, 6]
72,3,6,[102, 22, 13]
73,6,7,[9, 6, 5, 94, 49, 14]
74,6,9,[5, 94, 49, 14, 9, 6]
75,3,3,[102, 22, 13]
76,6,10,[5, 94, 49, 14, 9, 6]
77,6,8,[5, 94, 49, 14, 9, 6]
78,6,8,[5, 94, 49, 14, 9, 6]
79,6,9,[5, 94, 49, 14, 9, 6]
80,3,3,[102, 22, 13]
81,3,6,[102, 22, 13]
82,6,10,[5, 94, 49, 14, 9, 6]
83,6,13,[5, 94, 49, 14, 9, 6]
84,6,6,[9, 6, 5, 94, 49, 14]
85,3,3,[13, 102, 22]
86,6,9,[9, 6, 5, 94, 49, 14]
87,3,7,[102, 22, 13]
88,6,11,[5, 94, 49, 14, 9, 6]
89,6,9,[6, 5, 94, 49, 14, 9]
90,3,3,[102, 22, 13]
91,6,7,[6, 5, 94, 49, 14, 9]
92,6,7,[6, 5, 94, 49, 14, 9]
93,3,6,[102, 22, 13]
94,6,5,[49, 14, 9, 6, 5, 94]
95,6,7,[6, 5, 94, 49, 14, 9]
96,3,3,[102, 22, 13]
97,3,8,[102, 22, 13]
98,6,8,[5, 94, 49, 14, 9, 6]
99,6,11,[5, 94, 49, 14, 9, 6]
100,6,6,[9, 6, 5, 94, 49, 14]
101,6,10,[5, 94, 49, 14, 9, 6]
102,3,2,[22, 13, 102]
103,6,9,[5, 94, 49, 14, 9, 6]
104,3,5,[102, 22, 13]
105,6,8,[5, 94, 49, 14, 9, 6]
106,6,9,[5, 94, 49, 14, 9, 6]
107,6,9,[5, 94, 49, 14, 9, 6]
108,3,3,[102, 22, 13]
109,3,6,[102, 22, 13]
110,6,8,[5, 94, 49, 14, 9, 6]
111,6,9,[9, 6, 5, 94, 49, 14]
112,6,8,[5, 94, 49, 14, 9, 6]
113,6,11,[5, 94, 49, 14, 9, 6]
114,6,7,[6, 5, 94, 49, 14, 9]
115,6,9,[9, 6, 5, 94, 49, 14]
116,6,7,[9, 6, 5, 94, 49, 14]
117,3,5,[102, 22, 13]
118,6,10,[5, 94, 49, 14, 9, 6]
119,6,7,[6, 5, 94, 49, 14, 9]
120,6,6,[9, 6, 5, 94, 49, 14]
121,3,3,[13, 102, 22]
122,3,4,[102, 22, 13]
123,6,9,[5, 94, 49, 14, 9, 6]
124,3,7,[102, 22, 13]
125,6,8,[5, 94, 49, 14, 9, 6]
126,6,8,[5, 94, 49, 14, 9, 6]
127,6,9,[5, 94, 49, 14, 9, 6]
128,6,6,[9, 6, 5, 94, 49, 14]
129,3,8,[102, 22, 13]
130,6,7,[6, 5, 94, 49, 14, 9]
131,6,8,[6, 5, 94, 49, 14, 9]
132,6,8,[5, 94, 49, 14, 9, 6]
133,6,9,[5, 94, 49, 14, 9, 6]
134,6,10,[5, 94, 49, 14, 9, 6]
135,6,6,[9, 6, 5, 94, 49, 14]
136,6,10,[5, 94, 49, 14, 9, 6]
137,6,11,[9, 6, 5, 94, 49, 14]
138,6,9,[9, 6, 5, 94, 49, 14]
139,6,10,[5, 94, 49, 14, 9, 6]
140,6,8,[5, 94, 49, 14, 9, 6]
141,3,7,[102, 22, 13]
142,6,8,[9, 6, 5, 94, 49, 14]
143,6,7,[6, 5, 94, 49, 14, 9]
144,6,6,[9, 6, 5, 94, 49, 14]
145,3,6,[102, 22, 13]
146,3,4,[102, 22, 13]
147,6,11,[5, 94, 49, 14, 9, 6]
148,6,9,[6, 5, 94, 49, 14, 9]
149,6,10,[5, 94, 49, 14, 9, 6]
150,6,8,[5, 94, 49, 14, 9, 6]
151,6,9,[5, 94, 49, 14, 9, 6]
152,3,7,[102, 22, 13]
153,6,10,[5, 94, 49, 14, 9, 6]
154,6,7,[6, 5, 94, 49, 14, 9]
155,3,7,[102, 22, 13]
156,6,7,[6, 5, 94, 49, 14, 9]
157,3,9,[102, 22, 13]
158,3,7,[102, 22, 13]
159,3,4,[102, 22, 13]
160,6,8,[5, 94, 49, 14, 9, 6]
161,3,7,[102, 22, 13]
162,6,6,[9, 6, 5, 94, 49, 14]
163,6,12,[5, 94, 49, 14, 9, 6]
164,6,9,[9, 6, 5, 94, 49, 14]
165,3,5,[102, 22, 13]
166,3,4,[13, 102, 22]
167,6,9,[5, 94, 49, 14, 9, 6]
168,6,8,[5, 94, 49, 14, 9, 6]
169,6,9,[5, 94, 49, 14, 9, 6]
170,6,7,[6, 5, 94, 49, 14, 9]
171,3,7,[102, 22, 13]
172,6,12,[5, 94, 49, 14, 9, 6]
173,6,11,[5, 94, 49, 14, 9, 6]
174,3,6,[102, 22, 13]
175,6,11,[5, 94, 49, 14, 9, 6]
176,3,5,[102, 22, 13]
177,6,8,[9, 6, 5, 94, 49, 14]
178,6,8,[6, 5, 94, 49, 14, 9]
179,6,11,[5, 94, 49, 14, 9, 6]
180,6,8,[5, 94, 49, 14, 9, 6]
181,6,9,[5, 94, 49, 14, 9, 6]
182,3,3,[13, 102, 22]
183,3,7,[102, 22, 13]
184,6,12,[5, 94, 49, 14, 9, 6]
185,3,7,[102, 22, 13]
186,3,7,[102, 22, 13]
187,6,9,[9, 6, 5, 94, 49, 14]
188,6,8,[6, 5, 94, 49, 14, 9]
189,6,8,[5, 94, 49, 14, 9, 6]
190,6,9,[5, 94, 49, 14, 9, 6]
191,6,9,[5, 94, 49, 14, 9, 6]
192,6,8,[5, 94, 49, 14, 9, 6]
193,6,13,[5, 94, 49, 14, 9, 6]
194,6,12,[5, 94, 49, 14, 9, 6]
195,3,7,[102, 22, 13]
196,6,8,[5, 94, 49, 14, 9, 6]
197,6,10,[5, 94, 49, 14, 9, 6]
198,3,5,[102, 22, 13]
199,6,9,[5, 94, 49, 14, 9, 6]
200,6,8,[5, 94, 49, 14, 9, 6]
