1  1  [1, 1, 1, 1, 1, 1, 1, 1, 1, 1, 1, 1, 1, 1, 1, 1, 1, 1, 1]
2  6  [166, 85, 22, 13, 118, 61, 166, 85, 22, 13, 118, 61, 166, 85, 22, 13, 118, 61, 166]
3  6  [13, 118, 61, 166, 85, 22, 13, 118, 61, 166, 85, 22, 13, 118, 61, 166, 85, 22, 13]
4  1  [4, 4, 4, 4, 4, 4, 4, 4, 4, 4, 4, 4, 4, 4, 4, 4, 4, 4, 4]
5  5  [18, 8, 6, 5, 110, 18, 8, 6, 5, 110, 18, 8, 6, 5, 110, 18, 8, 6, 5]
6  5  [110, 18, 8, 6, 5, 110, 18, 8, 6, 5, 110, 18, 8, 6, 5, 110, 18, 8, 6]
7  5  [18, 8, 6, 5, 110, 18, 8, 6, 5, 110, 18, 8, 6, 5, 110, 18, 8, 6, 5]
8  5  [5, 110, 18, 8, 6, 5, 110, 18, 8, 6, 5, 110, 18, 8, 6, 5, 110, 18, 8]
9  5  [5, 110, 18, 8, 6, 5, 110, 18, 8, 6, 5, 110, 18, 8, 6, 5, 110, 18, 8]
10  5  [110, 18, 8, 6, 5, 110, 18, 8, 6, 5, 110, 18, 8, 6, 5, 110, 18, 8, 6]
11  5  [110, 18, 8, 6, 5, 110, 18, 8, 6, 5, 110, 18, 8, 6, 5, 110, 18, 8, 6]
12  5  [110, 18, 8, 6, 5, 110, 18, 8, 6, 5, 110, 18, 8, 6, 5, 110, 18, 8, 6]
13  6  [61, 166, 85, 22, 13, 118, 61, 166, 85, 22, 13, 118, 61, 166, 85, 22, 13, 118, 61]
14  5  [6, 5, 110, 18, 8, 6, 5, 110, 18, 8, 6, 5, 110, 18, 8, 6, 5, 110, 18]
15  5  [6, 5, 110, 18, 8, 6, 5, 110, 18, 8, 6, 5, 110, 18, 8, 6, 5, 110, 18]
16  5  [6, 5, 110, 18, 8, 6, 5, 110, 18, 8, 6, 5, 110, 18, 8, 6, 5, 110, 18]
17  6  [22, 13, 118, 61, 166, 85, 22, 13, 118, 61, 166, 85, 22, 13, 118, 61, 166, 85, 22]
18  5  [6, 5, 110, 18, 8, 6, 5, 110, 18, 8, 6, 5, 110, 18, 8, 6, 5, 110, 18]
19  5  [8, 6, 5, 110, 18, 8, 6, 5, 110, 18, 8, 6, 5, 110, 18, 8, 6, 5, 110]
20  5  [6, 5, 110, 18, 8, 6, 5, 110, 18, 8, 6, 5, 110, 18, 8, 6, 5, 110, 18]
21  5  [5, 110, 18, 8, 6, 5, 110, 18, 8, 6, 5, 110, 18, 8, 6, 5, 110, 18, 8]
22  6  [118, 61, 166, 85, 22, 13, 118, 61, 166, 85, 22, 13, 118, 61, 166, 85, 22, 13, 118]
23  5  [18, 8, 6, 5, 110, 18, 8, 6, 5, 110, 18, 8, 6, 5, 110, 18, 8, 6, 5]
24  5  [6, 5, 110, 18, 8, 6, 5, 110, 18, 8, 6, 5, 110, 18, 8, 6, 5, 110, 18]
25  5  [5, 110, 18, 8, 6, 5, 110, 18, 8, 6, 5, 110, 18, 8, 6, 5, 110, 18, 8]
26  5  [8, 6, 5, 110, 18, 8, 6, 5, 110, 18, 8, 6, 5, 110, 18, 8, 6, 5, 110]
27  5  [6, 5, 110, 18, 8, 6, 5, 110, 18, 8, 6, 5, 110, 18, 8, 6, 5, 110, 18]
28  5  [5, 110, 18, 8, 6, 5, 110, 18, 8, 6, 5, 110, 18, 8, 6, 5, 110, 18, 8]
29  5  [5, 110, 18, 8, 6, 5, 110, 18, 8, 6, 5, 110, 18, 8, 6, 5, 110, 18, 8]
30  5  [5, 110, 18, 8, 6, 5, 110, 18, 8, 6, 5, 110, 18, 8, 6, 5, 110, 18, 8]
31  5  [5, 110, 18, 8, 6, 5, 110, 18, 8, 6, 5, 110, 18, 8, 6, 5, 110, 18, 8]
32  5  [5, 110, 18, 8, 6, 5, 110, 18, 8, 6, 5, 110, 18, 8, 6, 5, 110, 18, 8]
33  5  [8, 6, 5, 110, 18, 8, 6, 5, 110, 18, 8, 6, 5, 110, 18, 8, 6, 5, 110]
34  5  [18, 8, 6, 5, 110, 18, 8, 6, 5, 110, 18, 8, 6, 5, 110, 18, 8, 6, 5]
35  5  [5, 110, 18, 8, 6, 5, 110, 18, 8, 6, 5, 110, 18, 8, 6, 5, 110, 18, 8]
36  5  [5, 110, 18, 8, 6, 5, 110, 18, 8, 6, 5, 110, 18, 8, 6, 5, 110, 18, 8]
37  5  [6, 5, 110, 18, 8, 6, 5, 110, 18, 8, 6, 5, 110, 18, 8, 6, 5, 110, 18]
38  5  [6, 5, 110, 18, 8, 6, 5, 110, 18, 8, 6, 5, 110, 18, 8, 6, 5, 110, 18]
39  5  [8, 6, 5, 110, 18, 8, 6, 5, 110, 18, 8, 6, 5, 110, 18, 8, 6, 5, 110]
40  5  [5, 110, 18, 8, 6, 5, 110, 18, 8, 6, 5, 110, 18, 8, 6, 5, 110, 18, 8]
41  6  [22, 13, 118, 61, 166, 85, 22, 13, 118, 61, 166, 85, 22, 13, 118, 61, 166, 85, 22]
42  5  [5, 110, 18, 8, 6, 5, 110, 18, 8, 6, 5, 110, 18, 8, 6, 5, 110, 18, 8]
43  6  [166, 85, 22, 13, 118, 61, 166, 85, 22, 13, 118, 61, 166, 85, 22, 13, 118, 61, 166]
44  5  [8, 6, 5, 110, 18, 8, 6, 5, 110, 18, 8, 6, 5, 110, 18, 8, 6, 5, 110]
45  5  [5, 110, 18, 8, 6, 5, 110, 18, 8, 6, 5, 110, 18, 8, 6, 5, 110, 18, 8]
46  5  [6, 5, 110, 18, 8, 6, 5, 110, 18, 8, 6, 5, 110, 18, 8, 6, 5, 110, 18]
47  5  [8, 6, 5, 110, 18, 8, 6, 5, 110, 18, 8, 6, 5, 110, 18, 8, 6, 5, 110]
48  5  [5, 110, 18, 8, 6, 5, 110, 18, 8, 6, 5, 110, 18, 8, 6, 5, 110, 18, 8]
49  5  [8, 6, 5, 110, 18, 8, 6, 5, 110, 18, 8, 6, 5, 110, 18, 8, 6, 5, 110]
50  5  [5, 110, 18, 8, 6, 5, 110, 18, 8, 6, 5, 110, 18, 8, 6, 5, 110, 18, 8]
51  5  [8, 6, 5, 110, 18, 8, 6, 5, 110, 18, 8, 6, 5, 110, 18, 8, 6, 5, 110]
52  6  [85, 22, 13, 118, 61, 166, 85, 22, 13, 118, 61, 166, 85, 22, 13, 118, 61, 166, 85]
53  5  [8, 6, 5, 110, 18, 8, 6, 5, 110, 18, 8, 6, 5, 110, 18, 8, 6, 5, 110]
54  5  [5, 110, 18, 8, 6, 5, 110, 18, 8, 6, 5, 110, 18, 8, 6, 5, 110, 18, 8]
55  5  [8, 6, 5, 110, 18, 8, 6, 5, 110, 18, 8, 6, 5, 110, 18, 8, 6, 5, 110]
56  6  [118, 61, 166, 85, 22, 13, 118, 61, 166, 85, 22, 13, 118, 61, 166, 85, 22, 13, 118]
57  6  [13, 118, 61, 166, 85, 22, 13, 118, 61, 166, 85, 22, 13, 118, 61, 166, 85, 22, 13]
58  5  [6, 5, 110, 18, 8, 6, 5, 110, 18, 8, 6, 5, 110, 18, 8, 6, 5, 110, 18]
59  5  [8, 6, 5, 110, 18, 8, 6, 5, 110, 18, 8, 6, 5, 110, 18, 8, 6, 5, 110]
60  5  [5, 110, 18, 8, 6, 5, 110, 18, 8, 6, 5, 110, 18, 8, 6, 5, 110, 18, 8]
61  6  [85, 22, 13, 118, 61, 166, 85, 22, 13, 118, 61, 166, 85, 22, 13, 118, 61, 166, 85]
62  5  [18, 8, 6, 5, 110, 18, 8, 6, 5, 110, 18, 8, 6, 5, 110, 18, 8, 6, 5]
63  6  [118, 61, 166, 85, 22, 13, 118, 61, 166, 85, 22, 13, 118, 61, 166, 85, 22, 13, 118]
64  5  [5, 110, 18, 8, 6, 5, 110, 18, 8, 6, 5, 110, 18, 8, 6, 5, 110, 18, 8]
65  5  [8, 6, 5, 110, 18, 8, 6, 5, 110, 18, 8, 6, 5, 110, 18, 8, 6, 5, 110]
66  5  [8, 6, 5, 110, 18, 8, 6, 5, 110, 18, 8, 6, 5, 110, 18, 8, 6, 5, 110]
67  5  [110, 18, 8, 6, 5, 110, 18, 8, 6, 5, 110, 18, 8, 6, 5, 110, 18, 8, 6]
68  5  [6, 5, 110, 18, 8, 6, 5, 110, 18, 8, 6, 5, 110, 18, 8, 6, 5, 110, 18]
69  5  [18, 8, 6, 5, 110, 18, 8, 6, 5, 110, 18, 8, 6, 5, 110, 18, 8, 6, 5]
70  5  [8, 6, 5, 110, 18, 8, 6, 5, 110, 18, 8, 6, 5, 110, 18, 8, 6, 5, 110]
71  5  [110, 18, 8, 6, 5, 110, 18, 8, 6, 5, 110, 18, 8, 6, 5, 110, 18, 8, 6]
72  5  [5, 110, 18, 8, 6, 5, 110, 18, 8, 6, 5, 110, 18, 8, 6, 5, 110, 18, 8]
73  5  [110, 18, 8, 6, 5, 110, 18, 8, 6, 5, 110, 18, 8, 6, 5, 110, 18, 8, 6]
74  5  [18, 8, 6, 5, 110, 18, 8, 6, 5, 110, 18, 8, 6, 5, 110, 18, 8, 6, 5]
75  6  [118, 61, 166, 85, 22, 13, 118, 61, 166, 85, 22, 13, 118, 61, 166, 85, 22, 13, 118]
76  5  [110, 18, 8, 6, 5, 110, 18, 8, 6, 5, 110, 18, 8, 6, 5, 110, 18, 8, 6]
77  5  [8, 6, 5, 110, 18, 8, 6, 5, 110, 18, 8, 6, 5, 110, 18, 8, 6, 5, 110]
78  5  [8, 6, 5, 110, 18, 8, 6, 5, 110, 18, 8, 6, 5, 110, 18, 8, 6, 5, 110]
79  5  [8, 6, 5, 110, 18, 8, 6, 5, 110, 18, 8, 6, 5, 110, 18, 8, 6, 5, 110]
80  6  [118, 61, 166, 85, 22, 13, 118, 61, 166, 85, 22, 13, 118, 61, 166, 85, 22, 13, 118]
81  5  [5, 110, 18, 8, 6, 5, 110, 18, 8, 6, 5, 110, 18, 8, 6, 5, 110, 18, 8]
82  6  [61, 166, 85, 22, 13, 118, 61, 166, 85, 22, 13, 118, 61, 166, 85, 22, 13, 118, 61]
83  5  [110, 18, 8, 6, 5, 110, 18, 8, 6, 5, 110, 18, 8, 6, 5, 110, 18, 8, 6]
84  5  [8, 6, 5, 110, 18, 8, 6, 5, 110, 18, 8, 6, 5, 110, 18, 8, 6, 5, 110]
85  6  [13, 118, 61, 166, 85, 22, 13, 118, 61, 166, 85, 22, 13, 118, 61, 166, 85, 22, 13]
86  5  [6, 5, 110, 18, 8, 6, 5, 110, 18, 8, 6, 5, 110, 18, 8, 6, 5, 110, 18]
87  5  [6, 5, 110, 18, 8, 6, 5, 110, 18, 8, 6, 5, 110, 18, 8, 6, 5, 110, 18]
88  6  [85, 22, 13, 118, 61, 166, 85, 22, 13, 118, 61, 166, 85, 22, 13, 118, 61, 166, 85]
89  6  [61, 166, 85, 22, 13, 118, 61, 166, 85, 22, 13, 118, 61, 166, 85, 22, 13, 118, 61]
90  6  [118, 61, 166, 85, 22, 13, 118, 61, 166, 85, 22, 13, 118, 61, 166, 85, 22, 13, 118]
91  5  [8, 6, 5, 110, 18, 8, 6, 5, 110, 18, 8, 6, 5, 110, 18, 8, 6, 5, 110]
92  5  [8, 6, 5, 110, 18, 8, 6, 5, 110, 18, 8, 6, 5, 110, 18, 8, 6, 5, 110]
93  5  [110, 18, 8, 6, 5, 110, 18, 8, 6, 5, 110, 18, 8, 6, 5, 110, 18, 8, 6]
94  5  [18, 8, 6, 5, 110, 18, 8, 6, 5, 110, 18, 8, 6, 5, 110, 18, 8, 6, 5]
95  5  [8, 6, 5, 110, 18, 8, 6, 5, 110, 18, 8, 6, 5, 110, 18, 8, 6, 5, 110]
96  6  [118, 61, 166, 85, 22, 13, 118, 61, 166, 85, 22, 13, 118, 61, 166, 85, 22, 13, 118]
97  5  [110, 18, 8, 6, 5, 110, 18, 8, 6, 5, 110, 18, 8, 6, 5, 110, 18, 8, 6]
98  5  [8, 6, 5, 110, 18, 8, 6, 5, 110, 18, 8, 6, 5, 110, 18, 8, 6, 5, 110]
99  6  [85, 22, 13, 118, 61, 166, 85, 22, 13, 118, 61, 166, 85, 22, 13, 118, 61, 166, 85]
100  5  [8, 6, 5, 110, 18, 8, 6, 5, 110, 18, 8, 6, 5, 110, 18, 8, 6, 5, 110]
101  5  [110, 18, 8, 6, 5, 110, 18, 8, 6, 5, 110, 18, 8, 6, 5, 110, 18, 8, 6]
102  6  [13, 118, 61, 166, 85, 22, 13, 118, 61, 166, 85, 22, 13, 118, 61, 166, 85, 22, 13]
103  5  [8, 6, 5, 110, 18, 8, 6, 5, 110, 18, 8, 6, 5, 110, 18, 8, 6, 5, 110]
104  5  [18, 8, 6, 5, 110, 18, 8, 6, 5, 110, 18, 8, 6, 5, 110, 18, 8, 6, 5]
