1,1,0,[1]
2,5,7,[6, 5, 95, 24, 9]
3,5,6,[19, 109, 199, 289, 34]
4,1,0,[4]
5,5,4,[95, 24, 9, 6, 5]
6,5,4,[5, 95, 24, 9, 6]
7,11,10,[97, 187, 28, 11, 101, 191, 281, 371, 60, 12, 7]
8,5,5,[5, 95, 24, 9, 6]
9,5,4,[6, 5, 95, 24, 9]
10,11,11,[97, 187, 28, 11, 101, 191, 281, 371, 60, 12, 7]
11,11,10,[101, 191, 281, 371, 60, 12, 7, 97, 187, 28, 11]
12,11,10,[7, 97, 187, 28, 11, 101, 191, 281, 371, 60, 12]
13,11,19,[101, 191, 281, 371, 60, 12, 7, 97, 187, 28, 11]
14,5,5,[6, 5, 95, 24, 9]
15,5,6,[5, 95, 24, 9, 6]
16,5,6,[5, 95, 24, 9, 6]
17,11,15,[101, 191, 281, 371, 60, 12, 7, 97, 187, 28, 11]
18,5,6,[5, 95, 24, 9, 6]
19,5,4,[109, 199, 289, 34, 19]
20,5,5,[6, 5, 95, 24, 9]
21,11,12,[97, 187, 28, 11, 101, 191, 281, 371, 60, 12, 7]
22,11,20,[101, 191, 281, 371, 60, 12, 7, 97, 187, 28, 11]
23,11,15,[97, 187, 28, 11, 101, 191, 281, 371, 60, 12, 7]
24,5,4,[9, 6, 5, 95, 24]
25,11,12,[97, 187, 28, 11, 101, 191, 281, 371, 60, 12, 7]
26,5,7,[5, 95, 24, 9, 6]
27,5,5,[6, 5, 95, 24, 9]
28,11,10,[11, 101, 191, 281, 371, 60, 12, 7, 97, 187, 28]
29,5,6,[9, 6, 5, 95, 24]
30,11,12,[97, 187, 28, 11, 101, 191, 281, 371, 60, 12, 7]
31,11,22,[101, 191, 281, 371, 60, 12, 7, 97, 187, 28, 11]
32,11,12,[97, 187, 28, 11, 101, 191, 281, 371, 60, 12, 7]
33,5,6,[6, 5, 95, 24, 9]
34,5,4,[19, 109, 199, 289, 34]
35,11,11,[7, 97, 187, 28, 11, 101, 191, 281, 371, 60, 12]
36,11,12,[97, 187, 28, 11, 101, 191, 281, 371, 60, 12, 7]
37,11,16,[97, 187, 28, 11, 101, 191, 281, 371, 60, 12, 7]
38,11,13,[97, 187, 28, 11, 101, 191, 281, 371, 60, 12, 7]
39,5,7,[5, 95, 24, 9, 6]
40,11,11,[101, 191, 281, 371, 60, 12, 7, 97, 187, 28, 11]
41,11,15,[97, 187, 28, 11, 101, 191, 281, 371, 60, 12, 7]
42,11,11,[7, 97, 187, 28, 11, 101, 191, 281, 371, 60, 12]
43,5,9,[5, 95, 24, 9, 6]
44,5,7,[5, 95, 24, 9, 6]
45,11,11,[101, 191, 281, 371, 60, 12, 7, 97, 187, 28, 11]
46,11,13,[97, 187, 28, 11, 101, 191, 281, 371, 60, 12, 7]
47,11,16,[101, 191, 281, 371, 60, 12, 7, 97, 187, 28, 11]
48,11,11,[101, 191, 281, 371, 60, 12, 7, 97, 187, 28, 11]
49,5,6,[6, 5, 95, 24, 9]
50,11,11,[7, 97, 187, 28, 11, 101, 191, 281, 371, 60, 12]
51,5,6,[6, 5, 95, 24, 9]
52,11,16,[101, 191, 281, 371, 60, 12, 7, 97, 187, 28, 11]
53,5,6,[9, 6, 5, 95, 24]
54,11,11,[101, 191, 281, 371, 60, 12, 7, 97, 187, 28, 11]
55,5,7,[5, 95, 24, 9, 6]
56,11,20,[101, 191, 281, 371, 60, 12, 7, 97, 187, 28, 11]
57,11,21,[101, 191, 281, 371, 60, 12, 7, 97, 187, 28, 11]
58,11,23,[101, 191, 281, 371, 60, 12, 7, 97, 187, 28, 11]
59,11,15,[101, 191, 281, 371, 60, 12, 7, 97, 187, 28, 11]
60,11,10,[12, 7, 97, 187, 28, 11, 101, 191, 281, 371, 60]
61,11,26,[101, 191, 281, 371, 60, 12, 7, 97, 187, 28, 11]
62,5,7,[6, 5, 95, 24, 9]
63,11,20,[101, 191, 281, 371, 60, 12, 7, 97, 187, 28, 11]
64,11,11,[7, 97, 187, 28, 11, 101, 191, 281, 371, 60, 12]
65,5,7,[5, 95, 24, 9, 6]
66,5,7,[5, 95, 24, 9, 6]
67,11,15,[97, 187, 28, 11, 101, 191, 281, 371, 60, 12, 7]
68,11,13,[97, 187, 28, 11, 101, 191, 281, 371, 60, 12, 7]
69,5,8,[5, 95, 24, 9, 6]
70,5,6,[6, 5, 95, 24, 9]
71,11,14,[97, 187, 28, 11, 101, 191, 281, 371, 60, 12, 7]
72,11,11,[7, 97, 187, 28, 11, 101, 191, 281, 371, 60, 12]
73,5,7,[19, 109, 199, 289, 34]
74,5,8,[5, 95, 24, 9, 6]
75,11,20,[101, 191, 281, 371, 60, 12, 7, 97, 187, 28, 11]
76,11,16,[97, 187, 28, 11, 101, 191, 281, 371, 60, 12, 7]
77,5,7,[5, 95, 24, 9, 6]
78,5,7,[5, 95, 24, 9, 6]
79,5,9,[5, 95, 24, 9, 6]
80,11,20,[101, 191, 281, 371, 60, 12, 7, 97, 187, 28, 11]
81,11,11,[7, 97, 187, 28, 11, 101, 191, 281, 371, 60, 12]
82,5,10,[5, 95, 24, 9, 6]
83,11,17,[101, 191, 281, 371, 60, 12, 7, 97, 187, 28, 11]
84,5,6,[6, 5, 95, 24, 9]
85,11,21,[101, 191, 281, 371, 60, 12, 7, 97, 187, 28, 11]
86,11,12,[101, 191, 281, 371, 60, 12, 7, 97, 187, 28, 11]
87,11,13,[97, 187, 28, 11, 101, 191, 281, 371, 60, 12, 7]
88,11,16,[101, 191, 281, 371, 60, 12, 7, 97, 187, 28, 11]
89,11,18,[97, 187, 28, 11, 101, 191, 281, 371, 60, 12, 7]
90,11,20,[101, 191, 281, 371, 60, 12, 7, 97, 187, 28, 11]
91,5,6,[6, 5, 95, 24, 9]
92,5,6,[6, 5, 95, 24, 9]
93,5,5,[19, 109, 199, 289, 34]
94,5,7,[6, 5, 95, 24, 9]
95,5,4,[24, 9, 6, 5, 95]
96,11,20,[101, 191, 281, 371, 60, 12, 7, 97, 187, 28, 11]
97,11,10,[187, 28, 11, 101, 191, 281, 371, 60, 12, 7, 97]
98,5,7,[5, 95, 24, 9, 6]
99,11,16,[101, 191, 281, 371, 60, 12, 7, 97, 187, 28, 11]
100,5,6,[6, 5, 95, 24, 9]
101,11,10,[191, 281, 371, 60, 12, 7, 97, 187, 28, 11, 101]
102,11,21,[101, 191, 281, 371, 60, 12, 7, 97, 187, 28, 11]
103,11,18,[101, 191, 281, 371, 60, 12, 7, 97, 187, 28, 11]
104,5,5,[109, 199, 289, 34, 19]
105,5,7,[5, 95, 24, 9, 6]
106,5,8,[5, 95, 24, 9, 6]
107,11,14,[101, 191, 281, 371, 60, 12, 7, 97, 187, 28, 11]
108,11,20,[101, 191, 281, 371, 60, 12, 7, 97, 187, 28, 11]
109,5,4,[199, 289, 34, 19, 109]
110,5,7,[5, 95, 24, 9, 6]
111,11,12,[101, 191, 281, 371, 60, 12, 7, 97, 187, 28, 11]
112,5,7,[5, 95, 24, 9, 6]
113,11,14,[97, 187, 28, 11, 101, 191, 281, 371, 60, 12, 7]
114,5,5,[9, 6, 5, 95, 24]
115,11,11,[11, 101, 191, 281, 371, 60, 12, 7, 97, 187, 28]
116,5,7,[6, 5, 95, 24, 9]
117,5,5,[109, 199, 289, 34, 19]
118,11,27,[101, 191, 281, 371, 60, 12, 7, 97, 187, 28, 11]
119,5,5,[9, 6, 5, 95, 24]
120,5,6,[6, 5, 95, 24, 9]
121,11,21,[101, 191, 281, 371, 60, 12, 7, 97, 187, 28, 11]
122,11,21,[101, 191, 281, 371, 60, 12, 7, 97, 187, 28, 11]
123,5,8,[5, 95, 24, 9, 6]
124,11,12,[7, 97, 187, 28, 11, 101, 191, 281, 371, 60, 12]
125,5,7,[5, 95, 24, 9, 6]
126,5,7,[5, 95, 24, 9, 6]
127,11,15,[97, 187, 28, 11, 101, 191, 281, 371, 60, 12, 7]
128,5,6,[6, 5, 95, 24, 9]
129,11,14,[97, 187, 28, 11, 101, 191, 281, 371, 60, 12, 7]
130,5,6,[6, 5, 95, 24, 9]
131,11,14,[97, 187, 28, 11, 101, 191, 281, 371, 60, 12, 7]
132,5,7,[5, 95, 24, 9, 6]
133,5,8,[5, 95, 24, 9, 6]
134,5,9,[5, 95, 24, 9, 6]
135,5,6,[6, 5, 95, 24, 9]
136,11,16,[97, 187, 28, 11, 101, 191, 281, 371, 60, 12, 7]
137,11,15,[101, 191, 281, 371, 60, 12, 7, 97, 187, 28, 11]
138,11,11,[11, 101, 191, 281, 371, 60, 12, 7, 97, 187, 28]
139,11,14,[101, 191, 281, 371, 60, 12, 7, 97, 187, 28, 11]
140,5,7,[5, 95, 24, 9, 6]
141,11,12,[7, 97, 187, 28, 11, 101, 191, 281, 371, 60, 12]
142,5,8,[19, 109, 199, 289, 34]
143,5,5,[9, 6, 5, 95, 24]
144,5,6,[6, 5, 95, 24, 9]
145,5,5,[19, 109, 199, 289, 34]
146,11,21,[101, 191, 281, 371, 60, 12, 7, 97, 187, 28, 11]
147,11,16,[101, 191, 281, 371, 60, 12, 7, 97, 187, 28, 11]
148,11,16,[97, 187, 28, 11, 101, 191, 281, 371, 60, 12, 7]
149,11,14,[101, 191, 281, 371, 60, 12, 7, 97, 187, 28, 11]
150,5,7,[5, 95, 24, 9, 6]
151,11,25,[101, 191, 281, 371, 60, 12, 7, 97, 187, 28, 11]
152,11,13,[97, 187, 28, 11, 101, 191, 281, 371, 60, 12, 7]
153,11,16,[97, 187, 28, 11, 101, 191, 281, 371, 60, 12, 7]
154,5,6,[6, 5, 95, 24, 9]
155,11,13,[97, 187, 28, 11, 101, 191, 281, 371, 60, 12, 7]
156,5,6,[6, 5, 95, 24, 9]
157,11,14,[97, 187, 28, 11, 101, 191, 281, 371, 60, 12, 7]
158,11,12,[7, 97, 187, 28, 11, 101, 191, 281, 371, 60, 12]
159,11,21,[101, 191, 281, 371, 60, 12, 7, 97, 187, 28, 11]
160,5,7,[5, 95, 24, 9, 6]
161,11,13,[97, 187, 28, 11, 101, 191, 281, 371, 60, 12, 7]
162,5,6,[6, 5, 95, 24, 9]
163,5,6,[19, 109, 199, 289, 34]
164,11,12,[101, 191, 281, 371, 60, 12, 7, 97, 187, 28, 11]
165,5,5,[109, 199, 289, 34, 19]
166,11,22,[101, 191, 281, 371, 60, 12, 7, 97, 187, 28, 11]
167,11,15,[7, 97, 187, 28, 11, 101, 191, 281, 371, 60, 12]
168,5,7,[5, 95, 24, 9, 6]
169,5,8,[5, 95, 24, 9, 6]
170,5,5,[9, 6, 5, 95, 24]
171,11,13,[97, 187, 28, 11, 101, 191, 281, 371, 60, 12, 7]
172,11,17,[101, 191, 281, 371, 60, 12, 7, 97, 187, 28, 11]
173,11,16,[101, 191, 281, 371, 60, 12, 7, 97, 187, 28, 11]
174,5,5,[19, 109, 199, 289, 34]
175,11,16,[101, 191, 281, 371, 60, 12, 7, 97, 187, 28, 11]
176,5,5,[109, 199, 289, 34, 19]
177,5,8,[6, 5, 95, 24, 9]
178,5,7,[6, 5, 95, 24, 9]
179,11,17,[97, 187, 28, 11, 101, 191, 281, 371, 60, 12, 7]
180,5,7,[5, 95, 24, 9, 6]
181,11,16,[97, 187, 28, 11, 101, 191, 281, 371, 60, 12, 7]
182,11,21,[101, 191, 281, 371, 60, 12, 7, 97, 187, 28, 11]
183,11,12,[7, 97, 187, 28, 11, 101, 191, 281, 371, 60, 12]
184,5,7,[9, 6, 5, 95, 24]
185,11,12,[7, 97, 187, 28, 11, 101, 191, 281, 371, 60, 12]
186,11,13,[97, 187, 28, 11, 101, 191, 281, 371, 60, 12, 7]
187,11,10,[28, 11, 101, 191, 281, 371, 60, 12, 7, 97, 187]
188,5,7,[6, 5, 95, 24, 9]
189,5,7,[5, 95, 24, 9, 6]
190,5,8,[5, 95, 24, 9, 6]
191,11,10,[281, 371, 60, 12, 7, 97, 187, 28, 11, 101, 191]
192,5,7,[5, 95, 24, 9, 6]
193,11,17,[101, 191, 281, 371, 60, 12, 7, 97, 187, 28, 11]
194,11,17,[101, 191, 281, 371, 60, 12, 7, 97, 187, 28, 11]
195,11,13,[97, 187, 28, 11, 101, 191, 281, 371, 60, 12, 7]
196,5,7,[5, 95, 24, 9, 6]
197,11,13,[101, 191, 281, 371, 60, 12, 7, 97, 187, 28, 11]
198,5,5,[109, 199, 289, 34, 19]
199,5,4,[289, 34, 19, 109, 199]
200,5,7,[5, 95, 24, 9, 6]
