1  1  [1]
2  12  [10, 7, 173, 339, 116, 33, 14, 9, 6, 5, 171, 25]
3  12  [25, 10, 7, 173, 339, 116, 33, 14, 9, 6, 5, 171]
4  1  [4]
5  12  [33, 14, 9, 6, 5, 171, 25, 10, 7, 173, 339, 116]
6  12  [116, 33, 14, 9, 6, 5, 171, 25, 10, 7, 173, 339]
7  12  [5, 171, 25, 10, 7, 173, 339, 116, 33, 14, 9, 6]
8  12  [339, 116, 33, 14, 9, 6, 5, 171, 25, 10, 7, 173]
9  12  [339, 116, 33, 14, 9, 6, 5, 171, 25, 10, 7, 173]
10  12  [6, 5, 171, 25, 10, 7, 173, 339, 116, 33, 14, 9]
11  12  [171, 25, 10, 7, 173, 339, 116, 33, 14, 9, 6, 5]
12  12  [6, 5, 171, 25, 10, 7, 173, 339, 116, 33, 14, 9]
13  12  [7, 173, 339, 116, 33, 14, 9, 6, 5, 171, 25, 10]
14  12  [173, 339, 116, 33, 14, 9, 6, 5, 171, 25, 10, 7]
15  12  [173, 339, 116, 33, 14, 9, 6, 5, 171, 25, 10, 7]
16  12  [173, 339, 116, 33, 14, 9, 6, 5, 171, 25, 10, 7]
17  12  [33, 14, 9, 6, 5, 171, 25, 10, 7, 173, 339, 116]
18  12  [173, 339, 116, 33, 14, 9, 6, 5, 171, 25, 10, 7]
19  12  [33, 14, 9, 6, 5, 171, 25, 10, 7, 173, 339, 116]
20  12  [173, 339, 116, 33, 14, 9, 6, 5, 171, 25, 10, 7]
21  12  [9, 6, 5, 171, 25, 10, 7, 173, 339, 116, 33, 14]
22  12  [10, 7, 173, 339, 116, 33, 14, 9, 6, 5, 171, 25]
23  12  [10, 7, 173, 339, 116, 33, 14, 9, 6, 5, 171, 25]
24  12  [173, 339, 116, 33, 14, 9, 6, 5, 171, 25, 10, 7]
25  12  [9, 6, 5, 171, 25, 10, 7, 173, 339, 116, 33, 14]
26  12  [7, 173, 339, 116, 33, 14, 9, 6, 5, 171, 25, 10]
27  12  [173, 339, 116, 33, 14, 9, 6, 5, 171, 25, 10, 7]
28  12  [5, 171, 25, 10, 7, 173, 339, 116, 33, 14, 9, 6]
29  12  [33, 14, 9, 6, 5, 171, 25, 10, 7, 173, 339, 116]
30  12  [9, 6, 5, 171, 25, 10, 7, 173, 339, 116, 33, 14]
31  12  [116, 33, 14, 9, 6, 5, 171, 25, 10, 7, 173, 339]
32  12  [9, 6, 5, 171, 25, 10, 7, 173, 339, 116, 33, 14]
33  12  [7, 173, 339, 116, 33, 14, 9, 6, 5, 171, 25, 10]
34  12  [116, 33, 14, 9, 6, 5, 171, 25, 10, 7, 173, 339]
35  12  [9, 6, 5, 171, 25, 10, 7, 173, 339, 116, 33, 14]
36  12  [9, 6, 5, 171, 25, 10, 7, 173, 339, 116, 33, 14]
37  12  [33, 14, 9, 6, 5, 171, 25, 10, 7, 173, 339, 116]
38  12  [14, 9, 6, 5, 171, 25, 10, 7, 173, 339, 116, 33]
39  12  [7, 173, 339, 116, 33, 14, 9, 6, 5, 171, 25, 10]
40  12  [5, 171, 25, 10, 7, 173, 339, 116, 33, 14, 9, 6]
41  12  [339, 116, 33, 14, 9, 6, 5, 171, 25, 10, 7, 173]
42  12  [9, 6, 5, 171, 25, 10, 7, 173, 339, 116, 33, 14]
43  12  [33, 14, 9, 6, 5, 171, 25, 10, 7, 173, 339, 116]
44  12  [7, 173, 339, 116, 33, 14, 9, 6, 5, 171, 25, 10]
45  12  [5, 171, 25, 10, 7, 173, 339, 116, 33, 14, 9, 6]
46  12  [14, 9, 6, 5, 171, 25, 10, 7, 173, 339, 116, 33]
47  12  [171, 25, 10, 7, 173, 339, 116, 33, 14, 9, 6, 5]
48  12  [5, 171, 25, 10, 7, 173, 339, 116, 33, 14, 9, 6]
49  12  [7, 173, 339, 116, 33, 14, 9, 6, 5, 171, 25, 10]
50  12  [9, 6, 5, 171, 25, 10, 7, 173, 339, 116, 33, 14]
51  12  [7, 173, 339, 116, 33, 14, 9, 6, 5, 171, 25, 10]
52  12  [116, 33, 14, 9, 6, 5, 171, 25, 10, 7, 173, 339]
53  12  [5, 171, 25, 10, 7, 173, 339, 116, 33, 14, 9, 6]
54  12  [5, 171, 25, 10, 7, 173, 339, 116, 33, 14, 9, 6]
55  12  [7, 173, 339, 116, 33, 14, 9, 6, 5, 171, 25, 10]
56  12  [10, 7, 173, 339, 116, 33, 14, 9, 6, 5, 171, 25]
57  12  [25, 10, 7, 173, 339, 116, 33, 14, 9, 6, 5, 171]
58  12  [339, 116, 33, 14, 9, 6, 5, 171, 25, 10, 7, 173]
59  12  [10, 7, 173, 339, 116, 33, 14, 9, 6, 5, 171, 25]
60  12  [9, 6, 5, 171, 25, 10, 7, 173, 339, 116, 33, 14]
61  12  [6, 5, 171, 25, 10, 7, 173, 339, 116, 33, 14, 9]
62  12  [10, 7, 173, 339, 116, 33, 14, 9, 6, 5, 171, 25]
63  12  [10, 7, 173, 339, 116, 33, 14, 9, 6, 5, 171, 25]
64  12  [9, 6, 5, 171, 25, 10, 7, 173, 339, 116, 33, 14]
65  12  [7, 173, 339, 116, 33, 14, 9, 6, 5, 171, 25, 10]
66  12  [7, 173, 339, 116, 33, 14, 9, 6, 5, 171, 25, 10]
67  12  [173, 339, 116, 33, 14, 9, 6, 5, 171, 25, 10, 7]
68  12  [14, 9, 6, 5, 171, 25, 10, 7, 173, 339, 116, 33]
69  12  [10, 7, 173, 339, 116, 33, 14, 9, 6, 5, 171, 25]
70  12  [7, 173, 339, 116, 33, 14, 9, 6, 5, 171, 25, 10]
71  12  [173, 339, 116, 33, 14, 9, 6, 5, 171, 25, 10, 7]
72  12  [9, 6, 5, 171, 25, 10, 7, 173, 339, 116, 33, 14]
73  12  [173, 339, 116, 33, 14, 9, 6, 5, 171, 25, 10, 7]
74  12  [10, 7, 173, 339, 116, 33, 14, 9, 6, 5, 171, 25]
75  12  [10, 7, 173, 339, 116, 33, 14, 9, 6, 5, 171, 25]
76  12  [25, 10, 7, 173, 339, 116, 33, 14, 9, 6, 5, 171]
77  12  [7, 173, 339, 116, 33, 14, 9, 6, 5, 171, 25, 10]
78  12  [7, 173, 339, 116, 33, 14, 9, 6, 5, 171, 25, 10]
79  12  [339, 116, 33, 14, 9, 6, 5, 171, 25, 10, 7, 173]
80  12  [10, 7, 173, 339, 116, 33, 14, 9, 6, 5, 171, 25]
81  12  [9, 6, 5, 171, 25, 10, 7, 173, 339, 116, 33, 14]
82  12  [116, 33, 14, 9, 6, 5, 171, 25, 10, 7, 173, 339]
83  12  [14, 9, 6, 5, 171, 25, 10, 7, 173, 339, 116, 33]
84  12  [7, 173, 339, 116, 33, 14, 9, 6, 5, 171, 25, 10]
85  12  [25, 10, 7, 173, 339, 116, 33, 14, 9, 6, 5, 171]
86  12  [6, 5, 171, 25, 10, 7, 173, 339, 116, 33, 14, 9]
87  12  [14, 9, 6, 5, 171, 25, 10, 7, 173, 339, 116, 33]
88  12  [116, 33, 14, 9, 6, 5, 171, 25, 10, 7, 173, 339]
89  12  [33, 14, 9, 6, 5, 171, 25, 10, 7, 173, 339, 116]
90  12  [10, 7, 173, 339, 116, 33, 14, 9, 6, 5, 171, 25]
91  12  [7, 173, 339, 116, 33, 14, 9, 6, 5, 171, 25, 10]
92  12  [7, 173, 339, 116, 33, 14, 9, 6, 5, 171, 25, 10]
93  12  [339, 116, 33, 14, 9, 6, 5, 171, 25, 10, 7, 173]
94  12  [10, 7, 173, 339, 116, 33, 14, 9, 6, 5, 171, 25]
95  12  [7, 173, 339, 116, 33, 14, 9, 6, 5, 171, 25, 10]
96  12  [10, 7, 173, 339, 116, 33, 14, 9, 6, 5, 171, 25]
97  12  [25, 10, 7, 173, 339, 116, 33, 14, 9, 6, 5, 171]
98  12  [7, 173, 339, 116, 33, 14, 9, 6, 5, 171, 25, 10]
99  12  [116, 33, 14, 9, 6, 5, 171, 25, 10, 7, 173, 339]
100  12  [7, 173, 339, 116, 33, 14, 9, 6, 5, 171, 25, 10]
101  12  [25, 10, 7, 173, 339, 116, 33, 14, 9, 6, 5, 171]
102  12  [25, 10, 7, 173, 339, 116, 33, 14, 9, 6, 5, 171]
103  12  [173, 339, 116, 33, 14, 9, 6, 5, 171, 25, 10, 7]
104  12  [116, 33, 14, 9, 6, 5, 171, 25, 10, 7, 173, 339]
