1,1,0,[1]
2,7,9,[41, 75, 13, 47, 81, 12, 7]
3,5,9,[6, 5, 39, 16, 8]
4,1,0,[4]
5,5,4,[39, 16, 8, 6, 5]
6,5,4,[5, 39, 16, 8, 6]
7,7,6,[41, 75, 13, 47, 81, 12, 7]
8,5,4,[6, 5, 39, 16, 8]
9,5,5,[5, 39, 16, 8, 6]
10,7,7,[41, 75, 13, 47, 81, 12, 7]
11,2,1,[45, 11]
12,7,6,[7, 41, 75, 13, 47, 81, 12]
13,7,6,[47, 81, 12, 7, 41, 75, 13]
14,5,6,[5, 39, 16, 8, 6]
15,5,5,[6, 5, 39, 16, 8]
16,5,4,[8, 6, 5, 39, 16]
17,5,8,[5, 39, 16, 8, 6]
18,5,5,[6, 5, 39, 16, 8]
19,7,11,[41, 75, 13, 47, 81, 12, 7]
20,5,6,[5, 39, 16, 8, 6]
21,7,8,[41, 75, 13, 47, 81, 12, 7]
22,7,7,[47, 81, 12, 7, 41, 75, 13]
23,7,9,[47, 81, 12, 7, 41, 75, 13]
24,5,6,[5, 39, 16, 8, 6]
25,7,8,[41, 75, 13, 47, 81, 12, 7]
26,5,6,[6, 5, 39, 16, 8]
27,5,6,[5, 39, 16, 8, 6]
28,2,2,[45, 11]
29,7,8,[47, 81, 12, 7, 41, 75, 13]
30,7,8,[41, 75, 13, 47, 81, 12, 7]
31,5,7,[6, 5, 39, 16, 8]
32,7,8,[41, 75, 13, 47, 81, 12, 7]
33,5,7,[5, 39, 16, 8, 6]
34,7,12,[41, 75, 13, 47, 81, 12, 7]
35,7,7,[7, 41, 75, 13, 47, 81, 12]
36,7,8,[41, 75, 13, 47, 81, 12, 7]
37,5,8,[6, 5, 39, 16, 8]
38,7,9,[41, 75, 13, 47, 81, 12, 7]
39,5,4,[16, 8, 6, 5, 39]
40,2,2,[45, 11]
41,7,6,[75, 13, 47, 81, 12, 7, 41]
42,7,7,[7, 41, 75, 13, 47, 81, 12]
43,5,7,[6, 5, 39, 16, 8]
44,5,6,[6, 5, 39, 16, 8]
45,2,1,[11, 45]
46,7,9,[41, 75, 13, 47, 81, 12, 7]
47,7,6,[81, 12, 7, 41, 75, 13, 47]
48,2,2,[45, 11]
49,5,7,[5, 39, 16, 8, 6]
50,7,7,[7, 41, 75, 13, 47, 81, 12]
51,5,7,[5, 39, 16, 8, 6]
52,5,9,[5, 39, 16, 8, 6]
53,7,10,[41, 75, 13, 47, 81, 12, 7]
54,2,2,[45, 11]
55,5,5,[8, 6, 5, 39, 16]
56,7,7,[47, 81, 12, 7, 41, 75, 13]
57,7,8,[47, 81, 12, 7, 41, 75, 13]
58,5,8,[6, 5, 39, 16, 8]
59,7,14,[41, 75, 13, 47, 81, 12, 7]
60,7,7,[7, 41, 75, 13, 47, 81, 12]
61,5,8,[5, 39, 16, 8, 6]
62,5,8,[5, 39, 16, 8, 6]
63,7,7,[47, 81, 12, 7, 41, 75, 13]
64,7,7,[7, 41, 75, 13, 47, 81, 12]
65,5,6,[6, 5, 39, 16, 8]
66,5,5,[8, 6, 5, 39, 16]
67,5,9,[5, 39, 16, 8, 6]
68,7,9,[41, 75, 13, 47, 81, 12, 7]
69,5,7,[6, 5, 39, 16, 8]
70,5,7,[5, 39, 16, 8, 6]
71,5,7,[6, 5, 39, 16, 8]
72,7,7,[7, 41, 75, 13, 47, 81, 12]
73,7,10,[7, 41, 75, 13, 47, 81, 12]
74,5,5,[16, 8, 6, 5, 39]
75,7,6,[13, 47, 81, 12, 7, 41, 75]
76,7,10,[47, 81, 12, 7, 41, 75, 13]
77,5,6,[6, 5, 39, 16, 8]
78,5,6,[6, 5, 39, 16, 8]
79,5,11,[5, 39, 16, 8, 6]
80,7,7,[47, 81, 12, 7, 41, 75, 13]
81,7,6,[12, 7, 41, 75, 13, 47, 81]
82,5,8,[6, 5, 39, 16, 8]
83,7,13,[41, 75, 13, 47, 81, 12, 7]
84,5,7,[5, 39, 16, 8, 6]
85,7,8,[47, 81, 12, 7, 41, 75, 13]
86,2,2,[11, 45]
87,7,9,[41, 75, 13, 47, 81, 12, 7]
88,5,9,[5, 39, 16, 8, 6]
89,5,8,[6, 5, 39, 16, 8]
90,7,7,[47, 81, 12, 7, 41, 75, 13]
91,5,7,[5, 39, 16, 8, 6]
92,5,7,[5, 39, 16, 8, 6]
93,7,13,[41, 75, 13, 47, 81, 12, 7]
94,5,8,[5, 39, 16, 8, 6]
95,5,7,[5, 39, 16, 8, 6]
96,7,7,[47, 81, 12, 7, 41, 75, 13]
97,7,14,[41, 75, 13, 47, 81, 12, 7]
98,5,5,[8, 6, 5, 39, 16]
99,5,9,[5, 39, 16, 8, 6]
100,5,7,[5, 39, 16, 8, 6]
101,5,8,[5, 39, 16, 8, 6]
102,7,8,[47, 81, 12, 7, 41, 75, 13]
103,7,11,[41, 75, 13, 47, 81, 12, 7]
104,7,12,[41, 75, 13, 47, 81, 12, 7]
105,5,6,[6, 5, 39, 16, 8]
106,5,6,[8, 6, 5, 39, 16]
107,7,9,[7, 41, 75, 13, 47, 81, 12]
108,7,7,[47, 81, 12, 7, 41, 75, 13]
109,5,8,[5, 39, 16, 8, 6]
110,5,6,[6, 5, 39, 16, 8]
111,2,3,[45, 11]
112,5,6,[6, 5, 39, 16, 8]
113,5,10,[5, 39, 16, 8, 6]
114,5,7,[5, 39, 16, 8, 6]
115,2,3,[45, 11]
116,5,8,[5, 39, 16, 8, 6]
117,7,12,[41, 75, 13, 47, 81, 12, 7]
118,5,9,[5, 39, 16, 8, 6]
119,5,7,[5, 39, 16, 8, 6]
120,5,7,[5, 39, 16, 8, 6]
121,7,8,[47, 81, 12, 7, 41, 75, 13]
122,7,8,[47, 81, 12, 7, 41, 75, 13]
123,5,7,[6, 5, 39, 16, 8]
124,7,8,[7, 41, 75, 13, 47, 81, 12]
125,5,6,[6, 5, 39, 16, 8]
126,5,6,[6, 5, 39, 16, 8]
127,7,10,[41, 75, 13, 47, 81, 12, 7]
128,5,7,[5, 39, 16, 8, 6]
129,7,10,[41, 75, 13, 47, 81, 12, 7]
130,5,7,[5, 39, 16, 8, 6]
131,7,13,[41, 75, 13, 47, 81, 12, 7]
132,5,6,[6, 5, 39, 16, 8]
133,5,7,[6, 5, 39, 16, 8]
134,5,8,[6, 5, 39, 16, 8]
135,5,7,[5, 39, 16, 8, 6]
136,7,10,[47, 81, 12, 7, 41, 75, 13]
137,7,10,[41, 75, 13, 47, 81, 12, 7]
138,2,3,[45, 11]
139,7,11,[47, 81, 12, 7, 41, 75, 13]
140,5,5,[8, 6, 5, 39, 16]
141,7,8,[7, 41, 75, 13, 47, 81, 12]
142,7,11,[7, 41, 75, 13, 47, 81, 12]
143,5,7,[5, 39, 16, 8, 6]
144,5,7,[5, 39, 16, 8, 6]
145,7,13,[41, 75, 13, 47, 81, 12, 7]
146,7,7,[13, 47, 81, 12, 7, 41, 75]
147,5,9,[5, 39, 16, 8, 6]
148,7,7,[75, 13, 47, 81, 12, 7, 41]
149,7,9,[7, 41, 75, 13, 47, 81, 12]
150,5,6,[6, 5, 39, 16, 8]
151,7,9,[7, 41, 75, 13, 47, 81, 12]
152,7,9,[41, 75, 13, 47, 81, 12, 7]
153,7,10,[47, 81, 12, 7, 41, 75, 13]
154,5,7,[5, 39, 16, 8, 6]
155,7,9,[41, 75, 13, 47, 81, 12, 7]
156,5,7,[5, 39, 16, 8, 6]
157,5,7,[8, 6, 5, 39, 16]
158,7,7,[12, 7, 41, 75, 13, 47, 81]
159,7,8,[47, 81, 12, 7, 41, 75, 13]
160,5,6,[6, 5, 39, 16, 8]
161,7,9,[41, 75, 13, 47, 81, 12, 7]
162,5,7,[5, 39, 16, 8, 6]
163,7,11,[41, 75, 13, 47, 81, 12, 7]
164,2,2,[11, 45]
165,7,12,[41, 75, 13, 47, 81, 12, 7]
166,7,9,[47, 81, 12, 7, 41, 75, 13]
167,5,9,[5, 39, 16, 8, 6]
168,5,5,[8, 6, 5, 39, 16]
169,5,7,[6, 5, 39, 16, 8]
170,5,7,[5, 39, 16, 8, 6]
171,7,9,[41, 75, 13, 47, 81, 12, 7]
172,7,7,[81, 12, 7, 41, 75, 13, 47]
173,7,10,[47, 81, 12, 7, 41, 75, 13]
174,7,13,[41, 75, 13, 47, 81, 12, 7]
175,5,9,[5, 39, 16, 8, 6]
176,7,12,[41, 75, 13, 47, 81, 12, 7]
177,5,9,[5, 39, 16, 8, 6]
178,5,8,[5, 39, 16, 8, 6]
179,5,7,[16, 8, 6, 5, 39]
180,5,6,[6, 5, 39, 16, 8]
181,2,4,[45, 11]
182,7,8,[47, 81, 12, 7, 41, 75, 13]
183,7,8,[7, 41, 75, 13, 47, 81, 12]
184,7,9,[47, 81, 12, 7, 41, 75, 13]
185,7,8,[7, 41, 75, 13, 47, 81, 12]
186,7,9,[41, 75, 13, 47, 81, 12, 7]
187,2,3,[45, 11]
188,5,8,[5, 39, 16, 8, 6]
189,5,5,[8, 6, 5, 39, 16]
190,5,7,[6, 5, 39, 16, 8]
191,5,6,[8, 6, 5, 39, 16]
192,5,6,[6, 5, 39, 16, 8]
193,7,10,[7, 41, 75, 13, 47, 81, 12]
194,5,10,[5, 39, 16, 8, 6]
195,7,9,[41, 75, 13, 47, 81, 12, 7]
196,5,6,[6, 5, 39, 16, 8]
197,7,10,[41, 75, 13, 47, 81, 12, 7]
198,7,12,[41, 75, 13, 47, 81, 12, 7]
199,5,10,[5, 39, 16, 8, 6]
200,5,5,[8, 6, 5, 39, 16]
