1,1,0,[1],[0]
2,9,5,[7, 10, 25, 152, 367, 727, 1087, 1447, 1807],[1, 0, 0, 0, 1, 1, 1, 1, 0]
3,9,2,[7, 10, 25, 152, 367, 727, 1087, 1447, 1807],[1, 0, 0, 0, 1, 1, 1, 1, 0]
4,1,0,[4],[0]
5,6,0,[5, 6, 8, 18, 78, 365],[1, 0, 0, 0, 0, 0]
6,6,0,[5, 6, 8, 18, 78, 365],[1, 0, 0, 0, 0, 0]
7,9,0,[7, 10, 25, 152, 367, 727, 1087, 1447, 1807],[1, 0, 0, 0, 1, 1, 1, 1, 0]
8,6,0,[5, 6, 8, 18, 78, 365],[1, 0, 0, 0, 0, 0]
9,6,1,[5, 6, 8, 18, 78, 365],[1, 0, 0, 0, 0, 0]
10,9,0,[7, 10, 25, 152, 367, 727, 1087, 1447, 1807],[1, 0, 0, 0, 1, 1, 1, 1, 0]
11,9,4,[7, 10, 25, 152, 367, 727, 1087, 1447, 1807],[1, 0, 0, 0, 1, 1, 1, 1, 0]
12,9,1,[7, 10, 25, 152, 367, 727, 1087, 1447, 1807],[1, 0, 0, 0, 1, 1, 1, 1, 0]
13,6,9,[5, 6, 8, 18, 78, 365],[1, 0, 0, 0, 0, 0]
14,6,2,[5, 6, 8, 18, 78, 365],[1, 0, 0, 0, 0, 0]
15,6,1,[5, 6, 8, 18, 78, 365],[1, 0, 0, 0, 0, 0]
16,6,1,[5, 6, 8, 18, 78, 365],[1, 0, 0, 0, 0, 0]
17,9,4,[7, 10, 25, 152, 367, 727, 1087, 1447, 1807],[1, 0, 0, 0, 1, 1, 1, 1, 0]
18,6,0,[5, 6, 8, 18, 78, 365],[1, 0, 0, 0, 0, 0]
19,9,10,[7, 10, 25, 152, 367, 727, 1087, 1447, 1807],[1, 0, 0, 0, 1, 1, 1, 1, 0]
20,6,2,[5, 6, 8, 18, 78, 365],[1, 0, 0, 0, 0, 0]
21,9,1,[7, 10, 25, 152, 367, 727, 1087, 1447, 1807],[1, 0, 0, 0, 1, 1, 1, 1, 0]
22,6,10,[5, 6, 8, 18, 78, 365],[1, 0, 0, 0, 0, 0]
23,9,17,[7, 10, 25, 152, 367, 727, 1087, 1447, 1807],[1, 0, 0, 0, 1, 1, 1, 1, 0]
24,6,2,[5, 6, 8, 18, 78, 365],[1, 0, 0, 0, 0, 0]
25,9,0,[7, 10, 25, 152, 367, 727, 1087, 1447, 1807],[1, 0, 0, 0, 1, 1, 1, 1, 0]
26,6,2,[5, 6, 8, 18, 78, 365],[1, 0, 0, 0, 0, 0]
27,6,2,[5, 6, 8, 18, 78, 365],[1, 0, 0, 0, 0, 0]
28,9,5,[7, 10, 25, 152, 367, 727, 1087, 1447, 1807],[1, 0, 0, 0, 1, 1, 1, 1, 0]
29,6,6,[5, 6, 8, 18, 78, 365],[1, 0, 0, 0, 0, 0]
30,9,1,[7, 10, 25, 152, 367, 727, 1087, 1447, 1807],[1, 0, 0, 0, 1, 1, 1, 1, 0]
31,9,7,[7, 10, 25, 152, 367, 727, 1087, 1447, 1807],[1, 0, 0, 0, 1, 1, 1, 1, 0]
32,9,1,[7, 10, 25, 152, 367, 727, 1087, 1447, 1807],[1, 0, 0, 0, 1, 1, 1, 1, 0]
33,6,3,[5, 6, 8, 18, 78, 365],[1, 0, 0, 0, 0, 0]
34,9,11,[7, 10, 25, 152, 367, 727, 1087, 1447, 1807],[1, 0, 0, 0, 1, 1, 1, 1, 0]
35,9,2,[7, 10, 25, 152, 367, 727, 1087, 1447, 1807],[1, 0, 0, 0, 1, 1, 1, 1, 0]
36,9,1,[7, 10, 25, 152, 367, 727, 1087, 1447, 1807],[1, 0, 0, 0, 1, 1, 1, 1, 0]
37,9,12,[7, 10, 25, 152, 367, 727, 1087, 1447, 1807],[1, 0, 0, 0, 1, 1, 1, 1, 0]
38,9,2,[7, 10, 25, 152, 367, 727, 1087, 1447, 1807],[1, 0, 0, 0, 1, 1, 1, 1, 0]
39,6,2,[5, 6, 8, 18, 78, 365],[1, 0, 0, 0, 0, 0]
40,9,5,[7, 10, 25, 152, 367, 727, 1087, 1447, 1807],[1, 0, 0, 0, 1, 1, 1, 1, 0]
41,6,4,[5, 6, 8, 18, 78, 365],[1, 0, 0, 0, 0, 0]
42,9,2,[7, 10, 25, 152, 367, 727, 1087, 1447, 1807],[1, 0, 0, 0, 1, 1, 1, 1, 0]
43,6,4,[5, 6, 8, 18, 78, 365],[1, 0, 0, 0, 0, 0]
44,6,2,[5, 6, 8, 18, 78, 365],[1, 0, 0, 0, 0, 0]
45,9,5,[7, 10, 25, 152, 367, 727, 1087, 1447, 1807],[1, 0, 0, 0, 1, 1, 1, 1, 0]
46,9,1,[7, 10, 25, 152, 367, 727, 1087, 1447, 1807],[1, 0, 0, 0, 1, 1, 1, 1, 0]
47,9,7,[7, 10, 25, 152, 367, 727, 1087, 1447, 1807],[1, 0, 0, 0, 1, 1, 1, 1, 0]
48,9,5,[7, 10, 25, 152, 367, 727, 1087, 1447, 1807],[1, 0, 0, 0, 1, 1, 1, 1, 0]
49,6,3,[5, 6, 8, 18, 78, 365],[1, 0, 0, 0, 0, 0]
50,9,2,[7, 10, 25, 152, 367, 727, 1087, 1447, 1807],[1, 0, 0, 0, 1, 1, 1, 1, 0]
51,6,3,[5, 6, 8, 18, 78, 365],[1, 0, 0, 0, 0, 0]
52,9,5,[7, 10, 25, 152, 367, 727, 1087, 1447, 1807],[1, 0, 0, 0, 1, 1, 1, 1, 0]
53,6,4,[5, 6, 8, 18, 78, 365],[1, 0, 0, 0, 0, 0]
54,9,5,[7, 10, 25, 152, 367, 727, 1087, 1447, 1807],[1, 0, 0, 0, 1, 1, 1, 1, 0]
55,6,2,[5, 6, 8, 18, 78, 365],[1, 0, 0, 0, 0, 0]
56,6,10,[5, 6, 8, 18, 78, 365],[1, 0, 0, 0, 0, 0]
57,6,11,[5, 6, 8, 18, 78, 365],[1, 0, 0, 0, 0, 0]
58,9,8,[7, 10, 25, 152, 367, 727, 1087, 1447, 1807],[1, 0, 0, 0, 1, 1, 1, 1, 0]
59,9,5,[7, 10, 25, 152, 367, 727, 1087, 1447, 1807],[1, 0, 0, 0, 1, 1, 1, 1, 0]
60,9,2,[7, 10, 25, 152, 367, 727, 1087, 1447, 1807],[1, 0, 0, 0, 1, 1, 1, 1, 0]
61,6,8,[5, 6, 8, 18, 78, 365],[1, 0, 0, 0, 0, 0]
62,6,4,[5, 6, 8, 18, 78, 365],[1, 0, 0, 0, 0, 0]
63,6,10,[5, 6, 8, 18, 78, 365],[1, 0, 0, 0, 0, 0]
64,9,2,[7, 10, 25, 152, 367, 727, 1087, 1447, 1807],[1, 0, 0, 0, 1, 1, 1, 1, 0]
65,6,1,[5, 6, 8, 18, 78, 365],[1, 0, 0, 0, 0, 0]
66,6,2,[5, 6, 8, 18, 78, 365],[1, 0, 0, 0, 0, 0]
67,9,4,[7, 10, 25, 152, 367, 727, 1087, 1447, 1807],[1, 0, 0, 0, 1, 1, 1, 1, 0]
68,9,2,[7, 10, 25, 152, 367, 727, 1087, 1447, 1807],[1, 0, 0, 0, 1, 1, 1, 1, 0]
69,6,3,[5, 6, 8, 18, 78, 365],[1, 0, 0, 0, 0, 0]
70,6,3,[5, 6, 8, 18, 78, 365],[1, 0, 0, 0, 0, 0]
71,6,6,[5, 6, 8, 18, 78, 365],[1, 0, 0, 0, 0, 0]
72,9,2,[7, 10, 25, 152, 367, 727, 1087, 1447, 1807],[1, 0, 0, 0, 1, 1, 1, 1, 0]
73,6,6,[5, 6, 8, 18, 78, 365],[1, 0, 0, 0, 0, 0]
74,6,3,[5, 6, 8, 18, 78, 365],[1, 0, 0, 0, 0, 0]
75,6,10,[5, 6, 8, 18, 78, 365],[1, 0, 0, 0, 0, 0]
76,9,18,[7, 10, 25, 152, 367, 727, 1087, 1447, 1807],[1, 0, 0, 0, 1, 1, 1, 1, 0]
77,6,1,[5, 6, 8, 18, 78, 365],[1, 0, 0, 0, 0, 0]
78,6,0,[5, 6, 8, 18, 78, 365],[1, 0, 0, 0, 0, 0]
79,9,5,[7, 10, 25, 152, 367, 727, 1087, 1447, 1807],[1, 0, 0, 0, 1, 1, 1, 1, 0]
80,6,10,[5, 6, 8, 18, 78, 365],[1, 0, 0, 0, 0, 0]
81,9,2,[7, 10, 25, 152, 367, 727, 1087, 1447, 1807],[1, 0, 0, 0, 1, 1, 1, 1, 0]
82,6,5,[5, 6, 8, 18, 78, 365],[1, 0, 0, 0, 0, 0]
83,6,6,[5, 6, 8, 18, 78, 365],[1, 0, 0, 0, 0, 0]
84,6,3,[5, 6, 8, 18, 78, 365],[1, 0, 0, 0, 0, 0]
85,6,11,[5, 6, 8, 18, 78, 365],[1, 0, 0, 0, 0, 0]
86,9,6,[7, 10, 25, 152, 367, 727, 1087, 1447, 1807],[1, 0, 0, 0, 1, 1, 1, 1, 0]
87,9,2,[7, 10, 25, 152, 367, 727, 1087, 1447, 1807],[1, 0, 0, 0, 1, 1, 1, 1, 0]
88,9,5,[7, 10, 25, 152, 367, 727, 1087, 1447, 1807],[1, 0, 0, 0, 1, 1, 1, 1, 0]
89,9,16,[7, 10, 25, 152, 367, 727, 1087, 1447, 1807],[1, 0, 0, 0, 1, 1, 1, 1, 0]
90,6,10,[5, 6, 8, 18, 78, 365],[1, 0, 0, 0, 0, 0]
91,6,3,[5, 6, 8, 18, 78, 365],[1, 0, 0, 0, 0, 0]
92,6,3,[5, 6, 8, 18, 78, 365],[1, 0, 0, 0, 0, 0]
93,9,12,[7, 10, 25, 152, 367, 727, 1087, 1447, 1807],[1, 0, 0, 0, 1, 1, 1, 1, 0]
94,6,4,[5, 6, 8, 18, 78, 365],[1, 0, 0, 0, 0, 0]
95,6,3,[5, 6, 8, 18, 78, 365],[1, 0, 0, 0, 0, 0]
96,6,10,[5, 6, 8, 18, 78, 365],[1, 0, 0, 0, 0, 0]
97,6,7,[5, 6, 8, 18, 78, 365],[1, 0, 0, 0, 0, 0]
98,6,2,[5, 6, 8, 18, 78, 365],[1, 0, 0, 0, 0, 0]
99,9,5,[7, 10, 25, 152, 367, 727, 1087, 1447, 1807],[1, 0, 0, 0, 1, 1, 1, 1, 0]
100,6,3,[5, 6, 8, 18, 78, 365],[1, 0, 0, 0, 0, 0]
