1  1  [1]
2  6  [103, 199, 295, 64, 12, 7]
3  6  [103, 199, 295, 64, 12, 7]
4  1  [4]
5  6  [7, 103, 199, 295, 64, 12]
6  6  [12, 7, 103, 199, 295, 64]
7  6  [199, 295, 64, 12, 7, 103]
8  6  [64, 12, 7, 103, 199, 295]
9  6  [64, 12, 7, 103, 199, 295]
10  6  [103, 199, 295, 64, 12, 7]
11  6  [295, 64, 12, 7, 103, 199]
12  6  [103, 199, 295, 64, 12, 7]
13  6  [199, 295, 64, 12, 7, 103]
14  6  [295, 64, 12, 7, 103, 199]
15  6  [295, 64, 12, 7, 103, 199]
16  6  [295, 64, 12, 7, 103, 199]
17  6  [295, 64, 12, 7, 103, 199]
18  6  [295, 64, 12, 7, 103, 199]
19  6  [7, 103, 199, 295, 64, 12]
20  6  [295, 64, 12, 7, 103, 199]
21  6  [7, 103, 199, 295, 64, 12]
22  6  [103, 199, 295, 64, 12, 7]
23  6  [103, 199, 295, 64, 12, 7]
24  6  [295, 64, 12, 7, 103, 199]
25  6  [7, 103, 199, 295, 64, 12]
26  6  [199, 295, 64, 12, 7, 103]
27  6  [295, 64, 12, 7, 103, 199]
28  6  [199, 295, 64, 12, 7, 103]
29  6  [103, 199, 295, 64, 12, 7]
30  6  [7, 103, 199, 295, 64, 12]
31  6  [64, 12, 7, 103, 199, 295]
32  6  [7, 103, 199, 295, 64, 12]
33  6  [199, 295, 64, 12, 7, 103]
34  6  [12, 7, 103, 199, 295, 64]
35  6  [7, 103, 199, 295, 64, 12]
36  6  [7, 103, 199, 295, 64, 12]
37  6  [7, 103, 199, 295, 64, 12]
38  6  [12, 7, 103, 199, 295, 64]
39  6  [199, 295, 64, 12, 7, 103]
40  6  [199, 295, 64, 12, 7, 103]
41  6  [64, 12, 7, 103, 199, 295]
42  6  [7, 103, 199, 295, 64, 12]
43  6  [12, 7, 103, 199, 295, 64]
44  6  [199, 295, 64, 12, 7, 103]
45  6  [199, 295, 64, 12, 7, 103]
46  6  [12, 7, 103, 199, 295, 64]
47  6  [103, 199, 295, 64, 12, 7]
48  6  [199, 295, 64, 12, 7, 103]
49  6  [199, 295, 64, 12, 7, 103]
50  6  [7, 103, 199, 295, 64, 12]
51  6  [199, 295, 64, 12, 7, 103]
52  6  [199, 295, 64, 12, 7, 103]
53  6  [295, 64, 12, 7, 103, 199]
54  6  [199, 295, 64, 12, 7, 103]
55  6  [199, 295, 64, 12, 7, 103]
56  6  [103, 199, 295, 64, 12, 7]
57  6  [7, 103, 199, 295, 64, 12]
58  6  [295, 64, 12, 7, 103, 199]
59  6  [64, 12, 7, 103, 199, 295]
60  6  [7, 103, 199, 295, 64, 12]
61  6  [199, 295, 64, 12, 7, 103]
62  6  [103, 199, 295, 64, 12, 7]
63  6  [103, 199, 295, 64, 12, 7]
64  6  [7, 103, 199, 295, 64, 12]
65  6  [199, 295, 64, 12, 7, 103]
66  6  [199, 295, 64, 12, 7, 103]
67  6  [12, 7, 103, 199, 295, 64]
68  6  [12, 7, 103, 199, 295, 64]
69  6  [103, 199, 295, 64, 12, 7]
70  6  [199, 295, 64, 12, 7, 103]
71  6  [103, 199, 295, 64, 12, 7]
72  6  [7, 103, 199, 295, 64, 12]
73  6  [7, 103, 199, 295, 64, 12]
74  6  [103, 199, 295, 64, 12, 7]
75  6  [103, 199, 295, 64, 12, 7]
76  6  [7, 103, 199, 295, 64, 12]
77  6  [199, 295, 64, 12, 7, 103]
78  6  [199, 295, 64, 12, 7, 103]
79  6  [103, 199, 295, 64, 12, 7]
80  6  [103, 199, 295, 64, 12, 7]
81  6  [7, 103, 199, 295, 64, 12]
82  6  [64, 12, 7, 103, 199, 295]
83  6  [295, 64, 12, 7, 103, 199]
84  6  [199, 295, 64, 12, 7, 103]
85  6  [7, 103, 199, 295, 64, 12]
86  6  [103, 199, 295, 64, 12, 7]
87  6  [12, 7, 103, 199, 295, 64]
88  6  [199, 295, 64, 12, 7, 103]
89  6  [64, 12, 7, 103, 199, 295]
90  6  [103, 199, 295, 64, 12, 7]
91  6  [199, 295, 64, 12, 7, 103]
92  6  [199, 295, 64, 12, 7, 103]
93  6  [64, 12, 7, 103, 199, 295]
94  6  [103, 199, 295, 64, 12, 7]
95  6  [199, 295, 64, 12, 7, 103]
96  6  [103, 199, 295, 64, 12, 7]
97  6  [199, 295, 64, 12, 7, 103]
98  6  [199, 295, 64, 12, 7, 103]
99  6  [199, 295, 64, 12, 7, 103]
100  6  [199, 295, 64, 12, 7, 103]
101  6  [103, 199, 295, 64, 12, 7]
102  6  [7, 103, 199, 295, 64, 12]
103  6  [295, 64, 12, 7, 103, 199]
104  6  [12, 7, 103, 199, 295, 64]
