1,1,0,[1]
2,17,22,[497, 78, 18, 8, 6, 5, 491, 977, 1463, 37, 523, 1009, 1495, 41, 527, 48, 11]
3,5,17,[493, 46, 25, 10, 7]
4,1,0,[4]
5,17,16,[491, 977, 1463, 37, 523, 1009, 1495, 41, 527, 48, 11, 497, 78, 18, 8, 6, 5]
6,17,16,[5, 491, 977, 1463, 37, 523, 1009, 1495, 41, 527, 48, 11, 497, 78, 18, 8, 6]
7,5,4,[493, 46, 25, 10, 7]
8,17,16,[6, 5, 491, 977, 1463, 37, 523, 1009, 1495, 41, 527, 48, 11, 497, 78, 18, 8]
9,17,17,[5, 491, 977, 1463, 37, 523, 1009, 1495, 41, 527, 48, 11, 497, 78, 18, 8, 6]
10,5,4,[7, 493, 46, 25, 10]
11,17,16,[497, 78, 18, 8, 6, 5, 491, 977, 1463, 37, 523, 1009, 1495, 41, 527, 48, 11]
12,5,5,[493, 46, 25, 10, 7]
13,5,12,[493, 46, 25, 10, 7]
14,17,18,[5, 491, 977, 1463, 37, 523, 1009, 1495, 41, 527, 48, 11, 497, 78, 18, 8, 6]
15,17,17,[6, 5, 491, 977, 1463, 37, 523, 1009, 1495, 41, 527, 48, 11, 497, 78, 18, 8]
16,17,17,[6, 5, 491, 977, 1463, 37, 523, 1009, 1495, 41, 527, 48, 11, 497, 78, 18, 8]
17,17,21,[6, 5, 491, 977, 1463, 37, 523, 1009, 1495, 41, 527, 48, 11, 497, 78, 18, 8]
18,17,16,[8, 6, 5, 491, 977, 1463, 37, 523, 1009, 1495, 41, 527, 48, 11, 497, 78, 18]
19,17,21,[6, 5, 491, 977, 1463, 37, 523, 1009, 1495, 41, 527, 48, 11, 497, 78, 18, 8]
20,17,18,[5, 491, 977, 1463, 37, 523, 1009, 1495, 41, 527, 48, 11, 497, 78, 18, 8, 6]
21,5,5,[7, 493, 46, 25, 10]
22,5,13,[493, 46, 25, 10, 7]
23,17,22,[5, 491, 977, 1463, 37, 523, 1009, 1495, 41, 527, 48, 11, 497, 78, 18, 8, 6]
24,17,18,[5, 491, 977, 1463, 37, 523, 1009, 1495, 41, 527, 48, 11, 497, 78, 18, 8, 6]
25,5,4,[10, 7, 493, 46, 25]
26,17,18,[6, 5, 491, 977, 1463, 37, 523, 1009, 1495, 41, 527, 48, 11, 497, 78, 18, 8]
27,17,18,[5, 491, 977, 1463, 37, 523, 1009, 1495, 41, 527, 48, 11, 497, 78, 18, 8, 6]
28,17,17,[497, 78, 18, 8, 6, 5, 491, 977, 1463, 37, 523, 1009, 1495, 41, 527, 48, 11]
29,5,15,[493, 46, 25, 10, 7]
30,5,5,[7, 493, 46, 25, 10]
31,3,2,[517, 58, 31]
32,5,5,[7, 493, 46, 25, 10]
33,17,19,[5, 491, 977, 1463, 37, 523, 1009, 1495, 41, 527, 48, 11, 497, 78, 18, 8, 6]
34,17,22,[6, 5, 491, 977, 1463, 37, 523, 1009, 1495, 41, 527, 48, 11, 497, 78, 18, 8]
35,5,6,[493, 46, 25, 10, 7]
36,5,5,[7, 493, 46, 25, 10]
37,17,16,[523, 1009, 1495, 41, 527, 48, 11, 497, 78, 18, 8, 6, 5, 491, 977, 1463, 37]
38,5,6,[7, 493, 46, 25, 10]
39,17,18,[6, 5, 491, 977, 1463, 37, 523, 1009, 1495, 41, 527, 48, 11, 497, 78, 18, 8]
40,17,17,[497, 78, 18, 8, 6, 5, 491, 977, 1463, 37, 523, 1009, 1495, 41, 527, 48, 11]
41,17,16,[527, 48, 11, 497, 78, 18, 8, 6, 5, 491, 977, 1463, 37, 523, 1009, 1495, 41]
42,5,6,[493, 46, 25, 10, 7]
43,5,6,[25, 10, 7, 493, 46]
44,17,18,[6, 5, 491, 977, 1463, 37, 523, 1009, 1495, 41, 527, 48, 11, 497, 78, 18, 8]
45,17,17,[497, 78, 18, 8, 6, 5, 491, 977, 1463, 37, 523, 1009, 1495, 41, 527, 48, 11]
46,5,4,[25, 10, 7, 493, 46]
47,17,19,[497, 78, 18, 8, 6, 5, 491, 977, 1463, 37, 523, 1009, 1495, 41, 527, 48, 11]
48,17,16,[11, 497, 78, 18, 8, 6, 5, 491, 977, 1463, 37, 523, 1009, 1495, 41, 527, 48]
49,17,19,[5, 491, 977, 1463, 37, 523, 1009, 1495, 41, 527, 48, 11, 497, 78, 18, 8, 6]
50,5,6,[493, 46, 25, 10, 7]
51,17,19,[5, 491, 977, 1463, 37, 523, 1009, 1495, 41, 527, 48, 11, 497, 78, 18, 8, 6]
52,17,22,[6, 5, 491, 977, 1463, 37, 523, 1009, 1495, 41, 527, 48, 11, 497, 78, 18, 8]
53,5,6,[10, 7, 493, 46, 25]
54,17,17,[497, 78, 18, 8, 6, 5, 491, 977, 1463, 37, 523, 1009, 1495, 41, 527, 48, 11]
55,17,18,[6, 5, 491, 977, 1463, 37, 523, 1009, 1495, 41, 527, 48, 11, 497, 78, 18, 8]
56,5,13,[493, 46, 25, 10, 7]
57,5,14,[493, 46, 25, 10, 7]
58,3,2,[31, 517, 58]
59,17,21,[5, 491, 977, 1463, 37, 523, 1009, 1495, 41, 527, 48, 11, 497, 78, 18, 8, 6]
60,5,6,[493, 46, 25, 10, 7]
61,17,21,[497, 78, 18, 8, 6, 5, 491, 977, 1463, 37, 523, 1009, 1495, 41, 527, 48, 11]
62,17,20,[5, 491, 977, 1463, 37, 523, 1009, 1495, 41, 527, 48, 11, 497, 78, 18, 8, 6]
63,5,13,[493, 46, 25, 10, 7]
64,5,6,[493, 46, 25, 10, 7]
65,17,17,[8, 6, 5, 491, 977, 1463, 37, 523, 1009, 1495, 41, 527, 48, 11, 497, 78, 18]
66,17,18,[6, 5, 491, 977, 1463, 37, 523, 1009, 1495, 41, 527, 48, 11, 497, 78, 18, 8]
67,17,20,[497, 78, 18, 8, 6, 5, 491, 977, 1463, 37, 523, 1009, 1495, 41, 527, 48, 11]
68,5,6,[7, 493, 46, 25, 10]
69,17,19,[6, 5, 491, 977, 1463, 37, 523, 1009, 1495, 41, 527, 48, 11, 497, 78, 18, 8]
70,17,19,[5, 491, 977, 1463, 37, 523, 1009, 1495, 41, 527, 48, 11, 497, 78, 18, 8, 6]
71,17,22,[5, 491, 977, 1463, 37, 523, 1009, 1495, 41, 527, 48, 11, 497, 78, 18, 8, 6]
72,5,6,[493, 46, 25, 10, 7]
73,5,15,[493, 46, 25, 10, 7]
74,17,19,[6, 5, 491, 977, 1463, 37, 523, 1009, 1495, 41, 527, 48, 11, 497, 78, 18, 8]
75,5,13,[493, 46, 25, 10, 7]
76,17,23,[5, 491, 977, 1463, 37, 523, 1009, 1495, 41, 527, 48, 11, 497, 78, 18, 8, 6]
77,17,17,[8, 6, 5, 491, 977, 1463, 37, 523, 1009, 1495, 41, 527, 48, 11, 497, 78, 18]
78,17,16,[18, 8, 6, 5, 491, 977, 1463, 37, 523, 1009, 1495, 41, 527, 48, 11, 497, 78]
79,17,24,[497, 78, 18, 8, 6, 5, 491, 977, 1463, 37, 523, 1009, 1495, 41, 527, 48, 11]
80,5,13,[493, 46, 25, 10, 7]
81,5,6,[493, 46, 25, 10, 7]
82,5,7,[25, 10, 7, 493, 46]
83,17,21,[6, 5, 491, 977, 1463, 37, 523, 1009, 1495, 41, 527, 48, 11, 497, 78, 18, 8]
84,17,19,[5, 491, 977, 1463, 37, 523, 1009, 1495, 41, 527, 48, 11, 497, 78, 18, 8, 6]
85,5,14,[493, 46, 25, 10, 7]
86,17,18,[497, 78, 18, 8, 6, 5, 491, 977, 1463, 37, 523, 1009, 1495, 41, 527, 48, 11]
87,5,6,[7, 493, 46, 25, 10]
88,17,22,[6, 5, 491, 977, 1463, 37, 523, 1009, 1495, 41, 527, 48, 11, 497, 78, 18, 8]
89,17,21,[5, 491, 977, 1463, 37, 523, 1009, 1495, 41, 527, 48, 11, 497, 78, 18, 8, 6]
90,5,13,[493, 46, 25, 10, 7]
91,17,19,[5, 491, 977, 1463, 37, 523, 1009, 1495, 41, 527, 48, 11, 497, 78, 18, 8, 6]
92,17,19,[5, 491, 977, 1463, 37, 523, 1009, 1495, 41, 527, 48, 11, 497, 78, 18, 8, 6]
93,17,23,[6, 5, 491, 977, 1463, 37, 523, 1009, 1495, 41, 527, 48, 11, 497, 78, 18, 8]
94,17,20,[5, 491, 977, 1463, 37, 523, 1009, 1495, 41, 527, 48, 11, 497, 78, 18, 8, 6]
95,17,19,[5, 491, 977, 1463, 37, 523, 1009, 1495, 41, 527, 48, 11, 497, 78, 18, 8, 6]
96,5,13,[493, 46, 25, 10, 7]
97,5,8,[493, 46, 25, 10, 7]
98,17,18,[6, 5, 491, 977, 1463, 37, 523, 1009, 1495, 41, 527, 48, 11, 497, 78, 18, 8]
99,17,22,[6, 5, 491, 977, 1463, 37, 523, 1009, 1495, 41, 527, 48, 11, 497, 78, 18, 8]
100,17,19,[5, 491, 977, 1463, 37, 523, 1009, 1495, 41, 527, 48, 11, 497, 78, 18, 8, 6]
101,17,21,[6, 5, 491, 977, 1463, 37, 523, 1009, 1495, 41, 527, 48, 11, 497, 78, 18, 8]
102,5,14,[493, 46, 25, 10, 7]
103,5,8,[493, 46, 25, 10, 7]
104,17,22,[6, 5, 491, 977, 1463, 37, 523, 1009, 1495, 41, 527, 48, 11, 497, 78, 18, 8]
105,17,18,[6, 5, 491, 977, 1463, 37, 523, 1009, 1495, 41, 527, 48, 11, 497, 78, 18, 8]
106,17,19,[6, 5, 491, 977, 1463, 37, 523, 1009, 1495, 41, 527, 48, 11, 497, 78, 18, 8]
107,5,16,[493, 46, 25, 10, 7]
108,5,13,[493, 46, 25, 10, 7]
109,5,17,[493, 46, 25, 10, 7]
110,17,17,[8, 6, 5, 491, 977, 1463, 37, 523, 1009, 1495, 41, 527, 48, 11, 497, 78, 18]
111,17,18,[497, 78, 18, 8, 6, 5, 491, 977, 1463, 37, 523, 1009, 1495, 41, 527, 48, 11]
112,17,18,[6, 5, 491, 977, 1463, 37, 523, 1009, 1495, 41, 527, 48, 11, 497, 78, 18, 8]
113,5,9,[25, 10, 7, 493, 46]
114,17,19,[5, 491, 977, 1463, 37, 523, 1009, 1495, 41, 527, 48, 11, 497, 78, 18, 8, 6]
115,17,18,[497, 78, 18, 8, 6, 5, 491, 977, 1463, 37, 523, 1009, 1495, 41, 527, 48, 11]
116,17,20,[5, 491, 977, 1463, 37, 523, 1009, 1495, 41, 527, 48, 11, 497, 78, 18, 8, 6]
117,17,22,[6, 5, 491, 977, 1463, 37, 523, 1009, 1495, 41, 527, 48, 11, 497, 78, 18, 8]
118,17,22,[497, 78, 18, 8, 6, 5, 491, 977, 1463, 37, 523, 1009, 1495, 41, 527, 48, 11]
119,17,19,[5, 491, 977, 1463, 37, 523, 1009, 1495, 41, 527, 48, 11, 497, 78, 18, 8, 6]
120,17,19,[5, 491, 977, 1463, 37, 523, 1009, 1495, 41, 527, 48, 11, 497, 78, 18, 8, 6]
121,5,14,[493, 46, 25, 10, 7]
122,5,14,[493, 46, 25, 10, 7]
123,17,19,[6, 5, 491, 977, 1463, 37, 523, 1009, 1495, 41, 527, 48, 11, 497, 78, 18, 8]
124,5,7,[493, 46, 25, 10, 7]
125,17,18,[6, 5, 491, 977, 1463, 37, 523, 1009, 1495, 41, 527, 48, 11, 497, 78, 18, 8]
126,17,18,[6, 5, 491, 977, 1463, 37, 523, 1009, 1495, 41, 527, 48, 11, 497, 78, 18, 8]
127,17,21,[497, 78, 18, 8, 6, 5, 491, 977, 1463, 37, 523, 1009, 1495, 41, 527, 48, 11]
128,17,19,[5, 491, 977, 1463, 37, 523, 1009, 1495, 41, 527, 48, 11, 497, 78, 18, 8, 6]
129,5,5,[25, 10, 7, 493, 46]
130,17,19,[5, 491, 977, 1463, 37, 523, 1009, 1495, 41, 527, 48, 11, 497, 78, 18, 8, 6]
131,5,10,[7, 493, 46, 25, 10]
132,17,17,[8, 6, 5, 491, 977, 1463, 37, 523, 1009, 1495, 41, 527, 48, 11, 497, 78, 18]
133,17,19,[6, 5, 491, 977, 1463, 37, 523, 1009, 1495, 41, 527, 48, 11, 497, 78, 18, 8]
134,17,20,[6, 5, 491, 977, 1463, 37, 523, 1009, 1495, 41, 527, 48, 11, 497, 78, 18, 8]
135,17,19,[5, 491, 977, 1463, 37, 523, 1009, 1495, 41, 527, 48, 11, 497, 78, 18, 8, 6]
136,17,23,[5, 491, 977, 1463, 37, 523, 1009, 1495, 41, 527, 48, 11, 497, 78, 18, 8, 6]
137,5,15,[493, 46, 25, 10, 7]
138,17,18,[497, 78, 18, 8, 6, 5, 491, 977, 1463, 37, 523, 1009, 1495, 41, 527, 48, 11]
139,17,20,[5, 491, 977, 1463, 37, 523, 1009, 1495, 41, 527, 48, 11, 497, 78, 18, 8, 6]
140,17,18,[6, 5, 491, 977, 1463, 37, 523, 1009, 1495, 41, 527, 48, 11, 497, 78, 18, 8]
141,5,7,[493, 46, 25, 10, 7]
142,5,16,[493, 46, 25, 10, 7]
143,17,19,[5, 491, 977, 1463, 37, 523, 1009, 1495, 41, 527, 48, 11, 497, 78, 18, 8, 6]
144,17,19,[5, 491, 977, 1463, 37, 523, 1009, 1495, 41, 527, 48, 11, 497, 78, 18, 8, 6]
145,17,23,[6, 5, 491, 977, 1463, 37, 523, 1009, 1495, 41, 527, 48, 11, 497, 78, 18, 8]
146,5,14,[493, 46, 25, 10, 7]
147,17,22,[6, 5, 491, 977, 1463, 37, 523, 1009, 1495, 41, 527, 48, 11, 497, 78, 18, 8]
148,17,17,[527, 48, 11, 497, 78, 18, 8, 6, 5, 491, 977, 1463, 37, 523, 1009, 1495, 41]
149,17,19,[8, 6, 5, 491, 977, 1463, 37, 523, 1009, 1495, 41, 527, 48, 11, 497, 78, 18]
150,17,18,[6, 5, 491, 977, 1463, 37, 523, 1009, 1495, 41, 527, 48, 11, 497, 78, 18, 8]
151,17,20,[5, 491, 977, 1463, 37, 523, 1009, 1495, 41, 527, 48, 11, 497, 78, 18, 8, 6]
152,5,5,[10, 7, 493, 46, 25]
153,17,23,[5, 491, 977, 1463, 37, 523, 1009, 1495, 41, 527, 48, 11, 497, 78, 18, 8, 6]
154,17,19,[5, 491, 977, 1463, 37, 523, 1009, 1495, 41, 527, 48, 11, 497, 78, 18, 8, 6]
155,5,6,[7, 493, 46, 25, 10]
156,17,19,[5, 491, 977, 1463, 37, 523, 1009, 1495, 41, 527, 48, 11, 497, 78, 18, 8, 6]
157,17,20,[527, 48, 11, 497, 78, 18, 8, 6, 5, 491, 977, 1463, 37, 523, 1009, 1495, 41]
158,5,7,[493, 46, 25, 10, 7]
159,5,14,[493, 46, 25, 10, 7]
160,17,18,[6, 5, 491, 977, 1463, 37, 523, 1009, 1495, 41, 527, 48, 11, 497, 78, 18, 8]
161,5,6,[7, 493, 46, 25, 10]
162,17,19,[5, 491, 977, 1463, 37, 523, 1009, 1495, 41, 527, 48, 11, 497, 78, 18, 8, 6]
163,17,21,[5, 491, 977, 1463, 37, 523, 1009, 1495, 41, 527, 48, 11, 497, 78, 18, 8, 6]
164,17,18,[497, 78, 18, 8, 6, 5, 491, 977, 1463, 37, 523, 1009, 1495, 41, 527, 48, 11]
165,17,22,[6, 5, 491, 977, 1463, 37, 523, 1009, 1495, 41, 527, 48, 11, 497, 78, 18, 8]
166,5,15,[493, 46, 25, 10, 7]
167,17,22,[5, 491, 977, 1463, 37, 523, 1009, 1495, 41, 527, 48, 11, 497, 78, 18, 8, 6]
168,17,18,[6, 5, 491, 977, 1463, 37, 523, 1009, 1495, 41, 527, 48, 11, 497, 78, 18, 8]
169,17,19,[6, 5, 491, 977, 1463, 37, 523, 1009, 1495, 41, 527, 48, 11, 497, 78, 18, 8]
170,17,19,[5, 491, 977, 1463, 37, 523, 1009, 1495, 41, 527, 48, 11, 497, 78, 18, 8, 6]
171,5,5,[10, 7, 493, 46, 25]
172,17,20,[497, 78, 18, 8, 6, 5, 491, 977, 1463, 37, 523, 1009, 1495, 41, 527, 48, 11]
173,5,9,[7, 493, 46, 25, 10]
174,17,23,[6, 5, 491, 977, 1463, 37, 523, 1009, 1495, 41, 527, 48, 11, 497, 78, 18, 8]
175,17,22,[6, 5, 491, 977, 1463, 37, 523, 1009, 1495, 41, 527, 48, 11, 497, 78, 18, 8]
176,17,22,[6, 5, 491, 977, 1463, 37, 523, 1009, 1495, 41, 527, 48, 11, 497, 78, 18, 8]
177,17,21,[5, 491, 977, 1463, 37, 523, 1009, 1495, 41, 527, 48, 11, 497, 78, 18, 8, 6]
178,17,20,[5, 491, 977, 1463, 37, 523, 1009, 1495, 41, 527, 48, 11, 497, 78, 18, 8, 6]
179,3,4,[517, 58, 31]
180,17,18,[6, 5, 491, 977, 1463, 37, 523, 1009, 1495, 41, 527, 48, 11, 497, 78, 18, 8]
181,17,24,[6, 5, 491, 977, 1463, 37, 523, 1009, 1495, 41, 527, 48, 11, 497, 78, 18, 8]
182,5,14,[493, 46, 25, 10, 7]
183,5,7,[493, 46, 25, 10, 7]
184,5,16,[493, 46, 25, 10, 7]
185,5,7,[493, 46, 25, 10, 7]
186,5,6,[7, 493, 46, 25, 10]
187,17,18,[497, 78, 18, 8, 6, 5, 491, 977, 1463, 37, 523, 1009, 1495, 41, 527, 48, 11]
188,17,20,[5, 491, 977, 1463, 37, 523, 1009, 1495, 41, 527, 48, 11, 497, 78, 18, 8, 6]
189,17,18,[6, 5, 491, 977, 1463, 37, 523, 1009, 1495, 41, 527, 48, 11, 497, 78, 18, 8]
190,17,19,[6, 5, 491, 977, 1463, 37, 523, 1009, 1495, 41, 527, 48, 11, 497, 78, 18, 8]
191,17,23,[5, 491, 977, 1463, 37, 523, 1009, 1495, 41, 527, 48, 11, 497, 78, 18, 8, 6]
192,17,18,[6, 5, 491, 977, 1463, 37, 523, 1009, 1495, 41, 527, 48, 11, 497, 78, 18, 8]
193,17,24,[6, 5, 491, 977, 1463, 37, 523, 1009, 1495, 41, 527, 48, 11, 497, 78, 18, 8]
194,17,23,[6, 5, 491, 977, 1463, 37, 523, 1009, 1495, 41, 527, 48, 11, 497, 78, 18, 8]
195,5,6,[7, 493, 46, 25, 10]
196,17,17,[8, 6, 5, 491, 977, 1463, 37, 523, 1009, 1495, 41, 527, 48, 11, 497, 78, 18]
197,17,26,[6, 5, 491, 977, 1463, 37, 523, 1009, 1495, 41, 527, 48, 11, 497, 78, 18, 8]
198,17,22,[6, 5, 491, 977, 1463, 37, 523, 1009, 1495, 41, 527, 48, 11, 497, 78, 18, 8]
199,5,18,[493, 46, 25, 10, 7]
200,17,18,[6, 5, 491, 977, 1463, 37, 523, 1009, 1495, 41, 527, 48, 11, 497, 78, 18, 8]
