1,1,0,[1],[0]
2,5,9,[5, 6, 8, 15, 105],[1, 0, 0, 0, 0]
3,8,4,[7, 10, 25, 29, 46, 107, 129, 207],[1, 0, 0, 1, 0, 1, 0, 0]
4,1,0,[4],[0]
5,5,0,[5, 6, 8, 15, 105],[1, 0, 0, 0, 0]
6,5,0,[5, 6, 8, 15, 105],[1, 0, 0, 0, 0]
7,8,0,[7, 10, 25, 29, 46, 107, 129, 207],[1, 0, 0, 1, 0, 1, 0, 0]
8,5,0,[5, 6, 8, 15, 105],[1, 0, 0, 0, 0]
9,5,1,[5, 6, 8, 15, 105],[1, 0, 0, 0, 0]
10,8,0,[7, 10, 25, 29, 46, 107, 129, 207],[1, 0, 0, 1, 0, 1, 0, 0]
11,3,0,[11, 40, 111],[1, 0, 0]
12,8,1,[7, 10, 25, 29, 46, 107, 129, 207],[1, 0, 0, 1, 0, 1, 0, 0]
13,5,6,[5, 6, 8, 15, 105],[1, 0, 0, 0, 0]
14,5,2,[5, 6, 8, 15, 105],[1, 0, 0, 0, 0]
15,5,0,[5, 6, 8, 15, 105],[1, 0, 0, 0, 0]
16,5,1,[5, 6, 8, 15, 105],[1, 0, 0, 0, 0]
17,5,6,[5, 6, 8, 15, 105],[1, 0, 0, 0, 0]
18,5,1,[5, 6, 8, 15, 105],[1, 0, 0, 0, 0]
19,5,4,[5, 6, 8, 15, 105],[1, 0, 0, 0, 0]
20,5,2,[5, 6, 8, 15, 105],[1, 0, 0, 0, 0]
21,8,1,[7, 10, 25, 29, 46, 107, 129, 207],[1, 0, 0, 1, 0, 1, 0, 0]
22,5,7,[5, 6, 8, 15, 105],[1, 0, 0, 0, 0]
23,5,3,[5, 6, 8, 15, 105],[1, 0, 0, 0, 0]
24,5,2,[5, 6, 8, 15, 105],[1, 0, 0, 0, 0]
25,8,0,[7, 10, 25, 29, 46, 107, 129, 207],[1, 0, 0, 1, 0, 1, 0, 0]
26,5,1,[5, 6, 8, 15, 105],[1, 0, 0, 0, 0]
27,5,2,[5, 6, 8, 15, 105],[1, 0, 0, 0, 0]
28,3,1,[11, 40, 111],[1, 0, 0]
29,8,0,[7, 10, 25, 29, 46, 107, 129, 207],[1, 0, 0, 1, 0, 1, 0, 0]
30,8,1,[7, 10, 25, 29, 46, 107, 129, 207],[1, 0, 0, 1, 0, 1, 0, 0]
31,8,4,[7, 10, 25, 29, 46, 107, 129, 207],[1, 0, 0, 1, 0, 1, 0, 0]
32,8,1,[7, 10, 25, 29, 46, 107, 129, 207],[1, 0, 0, 1, 0, 1, 0, 0]
33,5,3,[5, 6, 8, 15, 105],[1, 0, 0, 0, 0]
34,5,5,[5, 6, 8, 15, 105],[1, 0, 0, 0, 0]
35,8,2,[7, 10, 25, 29, 46, 107, 129, 207],[1, 0, 0, 1, 0, 1, 0, 0]
36,8,1,[7, 10, 25, 29, 46, 107, 129, 207],[1, 0, 0, 1, 0, 1, 0, 0]
37,5,8,[5, 6, 8, 15, 105],[1, 0, 0, 0, 0]
38,8,2,[7, 10, 25, 29, 46, 107, 129, 207],[1, 0, 0, 1, 0, 1, 0, 0]
39,5,2,[5, 6, 8, 15, 105],[1, 0, 0, 0, 0]
40,3,0,[11, 40, 111],[1, 0, 0]
41,8,4,[7, 10, 25, 29, 46, 107, 129, 207],[1, 0, 0, 1, 0, 1, 0, 0]
42,8,2,[7, 10, 25, 29, 46, 107, 129, 207],[1, 0, 0, 1, 0, 1, 0, 0]
43,5,4,[5, 6, 8, 15, 105],[1, 0, 0, 0, 0]
44,5,1,[5, 6, 8, 15, 105],[1, 0, 0, 0, 0]
45,3,1,[11, 40, 111],[1, 0, 0]
46,8,0,[7, 10, 25, 29, 46, 107, 129, 207],[1, 0, 0, 1, 0, 1, 0, 0]
47,5,8,[5, 6, 8, 15, 105],[1, 0, 0, 0, 0]
48,3,1,[11, 40, 111],[1, 0, 0]
49,5,3,[5, 6, 8, 15, 105],[1, 0, 0, 0, 0]
50,8,2,[7, 10, 25, 29, 46, 107, 129, 207],[1, 0, 0, 1, 0, 1, 0, 0]
51,5,3,[5, 6, 8, 15, 105],[1, 0, 0, 0, 0]
52,5,7,[5, 6, 8, 15, 105],[1, 0, 0, 0, 0]
53,5,5,[5, 6, 8, 15, 105],[1, 0, 0, 0, 0]
54,3,1,[11, 40, 111],[1, 0, 0]
55,5,2,[5, 6, 8, 15, 105],[1, 0, 0, 0, 0]
56,5,7,[5, 6, 8, 15, 105],[1, 0, 0, 0, 0]
57,5,8,[5, 6, 8, 15, 105],[1, 0, 0, 0, 0]
58,8,5,[7, 10, 25, 29, 46, 107, 129, 207],[1, 0, 0, 1, 0, 1, 0, 0]
59,5,9,[5, 6, 8, 15, 105],[1, 0, 0, 0, 0]
60,8,2,[7, 10, 25, 29, 46, 107, 129, 207],[1, 0, 0, 1, 0, 1, 0, 0]
61,8,3,[7, 10, 25, 29, 46, 107, 129, 207],[1, 0, 0, 1, 0, 1, 0, 0]
62,5,4,[5, 6, 8, 15, 105],[1, 0, 0, 0, 0]
63,5,7,[5, 6, 8, 15, 105],[1, 0, 0, 0, 0]
64,8,2,[7, 10, 25, 29, 46, 107, 129, 207],[1, 0, 0, 1, 0, 1, 0, 0]
65,5,2,[5, 6, 8, 15, 105],[1, 0, 0, 0, 0]
66,5,2,[5, 6, 8, 15, 105],[1, 0, 0, 0, 0]
67,5,6,[5, 6, 8, 15, 105],[1, 0, 0, 0, 0]
68,8,2,[7, 10, 25, 29, 46, 107, 129, 207],[1, 0, 0, 1, 0, 1, 0, 0]
69,5,2,[5, 6, 8, 15, 105],[1, 0, 0, 0, 0]
70,5,3,[5, 6, 8, 15, 105],[1, 0, 0, 0, 0]
71,8,2,[7, 10, 25, 29, 46, 107, 129, 207],[1, 0, 0, 1, 0, 1, 0, 0]
72,8,2,[7, 10, 25, 29, 46, 107, 129, 207],[1, 0, 0, 1, 0, 1, 0, 0]
73,5,6,[5, 6, 8, 15, 105],[1, 0, 0, 0, 0]
74,5,3,[5, 6, 8, 15, 105],[1, 0, 0, 0, 0]
75,5,7,[5, 6, 8, 15, 105],[1, 0, 0, 0, 0]
76,5,4,[5, 6, 8, 15, 105],[1, 0, 0, 0, 0]
77,5,2,[5, 6, 8, 15, 105],[1, 0, 0, 0, 0]
78,5,2,[5, 6, 8, 15, 105],[1, 0, 0, 0, 0]
79,5,11,[5, 6, 8, 15, 105],[1, 0, 0, 0, 0]
80,5,7,[5, 6, 8, 15, 105],[1, 0, 0, 0, 0]
81,8,2,[7, 10, 25, 29, 46, 107, 129, 207],[1, 0, 0, 1, 0, 1, 0, 0]
82,5,5,[5, 6, 8, 15, 105],[1, 0, 0, 0, 0]
83,8,4,[7, 10, 25, 29, 46, 107, 129, 207],[1, 0, 0, 1, 0, 1, 0, 0]
84,5,3,[5, 6, 8, 15, 105],[1, 0, 0, 0, 0]
85,5,8,[5, 6, 8, 15, 105],[1, 0, 0, 0, 0]
86,3,2,[11, 40, 111],[1, 0, 0]
87,8,2,[7, 10, 25, 29, 46, 107, 129, 207],[1, 0, 0, 1, 0, 1, 0, 0]
88,5,7,[5, 6, 8, 15, 105],[1, 0, 0, 0, 0]
89,5,3,[5, 6, 8, 15, 105],[1, 0, 0, 0, 0]
90,5,7,[5, 6, 8, 15, 105],[1, 0, 0, 0, 0]
91,5,3,[5, 6, 8, 15, 105],[1, 0, 0, 0, 0]
92,5,3,[5, 6, 8, 15, 105],[1, 0, 0, 0, 0]
93,5,6,[5, 6, 8, 15, 105],[1, 0, 0, 0, 0]
94,5,4,[5, 6, 8, 15, 105],[1, 0, 0, 0, 0]
95,5,3,[5, 6, 8, 15, 105],[1, 0, 0, 0, 0]
96,5,7,[5, 6, 8, 15, 105],[1, 0, 0, 0, 0]
97,5,5,[5, 6, 8, 15, 105],[1, 0, 0, 0, 0]
98,5,2,[5, 6, 8, 15, 105],[1, 0, 0, 0, 0]
99,5,7,[5, 6, 8, 15, 105],[1, 0, 0, 0, 0]
100,5,3,[5, 6, 8, 15, 105],[1, 0, 0, 0, 0]
