1,1,0,[1]
2,3,10,[11, 434, 40]
3,3,14,[11, 434, 40]
4,1,0,[4]
5,3,5,[11, 434, 40]
6,3,6,[11, 434, 40]
7,4,3,[430, 50, 12, 7]
8,3,7,[11, 434, 40]
9,3,7,[11, 434, 40]
10,4,4,[430, 50, 12, 7]
11,3,2,[434, 40, 11]
12,4,3,[7, 430, 50, 12]
13,3,15,[11, 434, 40]
14,3,8,[11, 434, 40]
15,3,8,[11, 434, 40]
16,3,8,[11, 434, 40]
17,3,18,[11, 434, 40]
18,3,8,[11, 434, 40]
19,4,7,[430, 50, 12, 7]
20,3,8,[11, 434, 40]
21,4,5,[430, 50, 12, 7]
22,3,16,[11, 434, 40]
23,3,11,[11, 434, 40]
24,3,8,[11, 434, 40]
25,4,5,[430, 50, 12, 7]
26,3,9,[11, 434, 40]
27,3,8,[11, 434, 40]
28,3,3,[434, 40, 11]
29,4,10,[430, 50, 12, 7]
30,4,5,[430, 50, 12, 7]
31,3,15,[11, 434, 40]
32,4,5,[430, 50, 12, 7]
33,3,9,[11, 434, 40]
34,4,8,[430, 50, 12, 7]
35,4,4,[7, 430, 50, 12]
36,4,5,[430, 50, 12, 7]
37,4,7,[430, 50, 12, 7]
38,4,6,[430, 50, 12, 7]
39,3,9,[11, 434, 40]
40,3,2,[11, 434, 40]
41,4,9,[430, 50, 12, 7]
42,4,4,[7, 430, 50, 12]
43,3,22,[11, 434, 40]
44,3,9,[11, 434, 40]
45,3,3,[434, 40, 11]
46,4,6,[430, 50, 12, 7]
47,3,5,[434, 40, 11]
48,3,3,[434, 40, 11]
49,3,9,[11, 434, 40]
50,4,3,[12, 7, 430, 50]
51,3,9,[11, 434, 40]
52,3,19,[11, 434, 40]
53,3,5,[434, 40, 11]
54,3,3,[434, 40, 11]
55,3,9,[11, 434, 40]
56,3,16,[11, 434, 40]
57,3,17,[11, 434, 40]
58,3,16,[11, 434, 40]
59,3,11,[11, 434, 40]
60,4,4,[7, 430, 50, 12]
61,3,11,[11, 434, 40]
62,3,10,[11, 434, 40]
63,3,16,[11, 434, 40]
64,4,4,[7, 430, 50, 12]
65,3,9,[11, 434, 40]
66,3,9,[11, 434, 40]
67,4,7,[430, 50, 12, 7]
68,4,6,[430, 50, 12, 7]
69,3,10,[11, 434, 40]
70,3,9,[11, 434, 40]
71,4,10,[430, 50, 12, 7]
72,4,4,[7, 430, 50, 12]
73,3,11,[11, 434, 40]
74,3,10,[11, 434, 40]
75,3,16,[11, 434, 40]
76,3,12,[11, 434, 40]
77,3,9,[11, 434, 40]
78,3,9,[11, 434, 40]
79,4,11,[430, 50, 12, 7]
80,3,16,[11, 434, 40]
81,4,4,[7, 430, 50, 12]
82,3,23,[11, 434, 40]
83,4,7,[430, 50, 12, 7]
84,3,9,[11, 434, 40]
85,3,17,[11, 434, 40]
86,3,4,[434, 40, 11]
87,4,6,[430, 50, 12, 7]
88,3,19,[11, 434, 40]
89,3,10,[11, 434, 40]
90,3,16,[11, 434, 40]
91,3,9,[11, 434, 40]
92,3,9,[11, 434, 40]
93,4,9,[430, 50, 12, 7]
94,3,10,[11, 434, 40]
95,3,9,[11, 434, 40]
96,3,16,[11, 434, 40]
97,3,10,[11, 434, 40]
98,3,9,[11, 434, 40]
99,3,19,[11, 434, 40]
100,3,9,[11, 434, 40]
101,3,11,[11, 434, 40]
102,3,17,[11, 434, 40]
103,3,19,[11, 434, 40]
104,4,8,[430, 50, 12, 7]
105,3,9,[11, 434, 40]
106,3,10,[11, 434, 40]
107,4,6,[7, 430, 50, 12]
108,3,16,[11, 434, 40]
109,4,7,[430, 50, 12, 7]
110,3,9,[11, 434, 40]
111,3,3,[11, 434, 40]
112,3,9,[11, 434, 40]
113,3,13,[11, 434, 40]
114,3,9,[11, 434, 40]
115,3,4,[434, 40, 11]
116,3,10,[11, 434, 40]
117,4,8,[430, 50, 12, 7]
118,3,12,[11, 434, 40]
119,3,9,[11, 434, 40]
120,3,9,[11, 434, 40]
121,3,17,[11, 434, 40]
122,3,17,[11, 434, 40]
123,3,10,[11, 434, 40]
124,4,5,[7, 430, 50, 12]
125,3,9,[11, 434, 40]
126,3,9,[11, 434, 40]
127,3,13,[11, 434, 40]
128,3,9,[11, 434, 40]
129,4,7,[430, 50, 12, 7]
130,3,9,[11, 434, 40]
131,4,10,[430, 50, 12, 7]
132,3,9,[11, 434, 40]
133,3,10,[11, 434, 40]
134,3,11,[11, 434, 40]
135,3,9,[11, 434, 40]
136,3,12,[11, 434, 40]
137,3,10,[11, 434, 40]
138,3,4,[434, 40, 11]
139,3,17,[11, 434, 40]
140,3,9,[11, 434, 40]
141,4,4,[12, 7, 430, 50]
142,3,12,[11, 434, 40]
143,3,9,[11, 434, 40]
144,3,9,[11, 434, 40]
145,4,9,[430, 50, 12, 7]
146,3,17,[11, 434, 40]
147,3,19,[11, 434, 40]
148,4,10,[430, 50, 12, 7]
149,3,5,[434, 40, 11]
150,3,9,[11, 434, 40]
151,4,5,[12, 7, 430, 50]
152,4,6,[430, 50, 12, 7]
153,3,12,[11, 434, 40]
154,3,9,[11, 434, 40]
155,4,6,[430, 50, 12, 7]
156,3,9,[11, 434, 40]
157,4,8,[430, 50, 12, 7]
158,4,5,[7, 430, 50, 12]
159,3,17,[11, 434, 40]
160,3,9,[11, 434, 40]
161,4,6,[430, 50, 12, 7]
162,3,9,[11, 434, 40]
163,4,7,[7, 430, 50, 12]
164,3,4,[434, 40, 11]
165,4,8,[430, 50, 12, 7]
166,3,18,[11, 434, 40]
167,3,11,[11, 434, 40]
168,3,9,[11, 434, 40]
169,3,10,[11, 434, 40]
170,3,9,[11, 434, 40]
171,4,6,[430, 50, 12, 7]
172,3,6,[434, 40, 11]
173,3,14,[11, 434, 40]
174,4,9,[430, 50, 12, 7]
175,3,19,[11, 434, 40]
176,4,8,[430, 50, 12, 7]
177,3,11,[11, 434, 40]
178,3,10,[11, 434, 40]
179,3,21,[11, 434, 40]
180,3,9,[11, 434, 40]
181,4,8,[430, 50, 12, 7]
182,3,17,[11, 434, 40]
183,4,5,[7, 430, 50, 12]
184,4,11,[430, 50, 12, 7]
185,4,5,[7, 430, 50, 12]
186,4,6,[430, 50, 12, 7]
187,3,4,[434, 40, 11]
188,3,10,[11, 434, 40]
189,3,9,[11, 434, 40]
190,3,10,[11, 434, 40]
191,3,13,[11, 434, 40]
192,3,9,[11, 434, 40]
193,3,10,[11, 434, 40]
194,3,20,[11, 434, 40]
195,4,6,[430, 50, 12, 7]
196,3,9,[11, 434, 40]
197,3,4,[11, 434, 40]
198,4,8,[430, 50, 12, 7]
199,3,13,[11, 434, 40]
200,3,9,[11, 434, 40]
