1,1,0,[1],[0]
2,5,7,[7, 10, 21, 38, 598],[1, 0, 0, 0, 0]
3,5,7,[7, 10, 21, 38, 598],[1, 0, 0, 0, 0]
4,1,0,[4],[0]
5,11,0,[5, 6, 8, 16, 23, 55, 106, 153, 309, 596, 614],[1, 0, 0, 0, 1, 0, 0, 0, 0, 0, 0]
6,11,0,[5, 6, 8, 16, 23, 55, 106, 153, 309, 596, 614],[1, 0, 0, 0, 1, 0, 0, 0, 0, 0, 0]
7,5,0,[7, 10, 21, 38, 598],[1, 0, 0, 0, 0]
8,11,0,[5, 6, 8, 16, 23, 55, 106, 153, 309, 596, 614],[1, 0, 0, 0, 1, 0, 0, 0, 0, 0, 0]
9,11,1,[5, 6, 8, 16, 23, 55, 106, 153, 309, 596, 614],[1, 0, 0, 0, 1, 0, 0, 0, 0, 0, 0]
10,5,0,[7, 10, 21, 38, 598],[1, 0, 0, 0, 0]
11,8,0,[11, 17, 29, 40, 52, 602, 608, 620],[1, 1, 1, 0, 0, 0, 0, 0]
12,5,1,[7, 10, 21, 38, 598],[1, 0, 0, 0, 0]
13,5,4,[7, 10, 21, 38, 598],[1, 0, 0, 0, 0]
14,11,2,[5, 6, 8, 16, 23, 55, 106, 153, 309, 596, 614],[1, 0, 0, 0, 1, 0, 0, 0, 0, 0, 0]
15,11,1,[5, 6, 8, 16, 23, 55, 106, 153, 309, 596, 614],[1, 0, 0, 0, 1, 0, 0, 0, 0, 0, 0]
16,11,0,[5, 6, 8, 16, 23, 55, 106, 153, 309, 596, 614],[1, 0, 0, 0, 1, 0, 0, 0, 0, 0, 0]
17,8,0,[11, 17, 29, 40, 52, 602, 608, 620],[1, 1, 1, 0, 0, 0, 0, 0]
18,11,1,[5, 6, 8, 16, 23, 55, 106, 153, 309, 596, 614],[1, 0, 0, 0, 1, 0, 0, 0, 0, 0, 0]
19,5,3,[7, 10, 21, 38, 598],[1, 0, 0, 0, 0]
20,11,2,[5, 6, 8, 16, 23, 55, 106, 153, 309, 596, 614],[1, 0, 0, 0, 1, 0, 0, 0, 0, 0, 0]
21,5,0,[7, 10, 21, 38, 598],[1, 0, 0, 0, 0]
22,5,5,[7, 10, 21, 38, 598],[1, 0, 0, 0, 0]
23,11,0,[5, 6, 8, 16, 23, 55, 106, 153, 309, 596, 614],[1, 0, 0, 0, 1, 0, 0, 0, 0, 0, 0]
24,11,2,[5, 6, 8, 16, 23, 55, 106, 153, 309, 596, 614],[1, 0, 0, 0, 1, 0, 0, 0, 0, 0, 0]
25,5,1,[7, 10, 21, 38, 598],[1, 0, 0, 0, 0]
26,11,2,[5, 6, 8, 16, 23, 55, 106, 153, 309, 596, 614],[1, 0, 0, 0, 1, 0, 0, 0, 0, 0, 0]
27,11,2,[5, 6, 8, 16, 23, 55, 106, 153, 309, 596, 614],[1, 0, 0, 0, 1, 0, 0, 0, 0, 0, 0]
28,8,1,[11, 17, 29, 40, 52, 602, 608, 620],[1, 1, 1, 0, 0, 0, 0, 0]
29,8,0,[11, 17, 29, 40, 52, 602, 608, 620],[1, 1, 1, 0, 0, 0, 0, 0]
30,5,1,[7, 10, 21, 38, 598],[1, 0, 0, 0, 0]
31,11,7,[5, 6, 8, 16, 23, 55, 106, 153, 309, 596, 614],[1, 0, 0, 0, 1, 0, 0, 0, 0, 0, 0]
32,5,1,[7, 10, 21, 38, 598],[1, 0, 0, 0, 0]
33,11,3,[5, 6, 8, 16, 23, 55, 106, 153, 309, 596, 614],[1, 0, 0, 0, 1, 0, 0, 0, 0, 0, 0]
34,5,4,[7, 10, 21, 38, 598],[1, 0, 0, 0, 0]
35,5,2,[7, 10, 21, 38, 598],[1, 0, 0, 0, 0]
36,5,1,[7, 10, 21, 38, 598],[1, 0, 0, 0, 0]
37,5,4,[7, 10, 21, 38, 598],[1, 0, 0, 0, 0]
38,5,0,[7, 10, 21, 38, 598],[1, 0, 0, 0, 0]
39,11,1,[5, 6, 8, 16, 23, 55, 106, 153, 309, 596, 614],[1, 0, 0, 0, 1, 0, 0, 0, 0, 0, 0]
40,8,0,[11, 17, 29, 40, 52, 602, 608, 620],[1, 1, 1, 0, 0, 0, 0, 0]
41,5,8,[7, 10, 21, 38, 598],[1, 0, 0, 0, 0]
42,5,2,[7, 10, 21, 38, 598],[1, 0, 0, 0, 0]
43,8,3,[11, 17, 29, 40, 52, 602, 608, 620],[1, 1, 1, 0, 0, 0, 0, 0]
44,11,2,[5, 6, 8, 16, 23, 55, 106, 153, 309, 596, 614],[1, 0, 0, 0, 1, 0, 0, 0, 0, 0, 0]
45,8,1,[11, 17, 29, 40, 52, 602, 608, 620],[1, 1, 1, 0, 0, 0, 0, 0]
46,5,2,[7, 10, 21, 38, 598],[1, 0, 0, 0, 0]
47,5,4,[7, 10, 21, 38, 598],[1, 0, 0, 0, 0]
48,8,1,[11, 17, 29, 40, 52, 602, 608, 620],[1, 1, 1, 0, 0, 0, 0, 0]
49,11,3,[5, 6, 8, 16, 23, 55, 106, 153, 309, 596, 614],[1, 0, 0, 0, 1, 0, 0, 0, 0, 0, 0]
50,5,2,[7, 10, 21, 38, 598],[1, 0, 0, 0, 0]
51,11,3,[5, 6, 8, 16, 23, 55, 106, 153, 309, 596, 614],[1, 0, 0, 0, 1, 0, 0, 0, 0, 0, 0]
52,8,0,[11, 17, 29, 40, 52, 602, 608, 620],[1, 1, 1, 0, 0, 0, 0, 0]
53,5,6,[7, 10, 21, 38, 598],[1, 0, 0, 0, 0]
54,8,1,[11, 17, 29, 40, 52, 602, 608, 620],[1, 1, 1, 0, 0, 0, 0, 0]
55,11,0,[5, 6, 8, 16, 23, 55, 106, 153, 309, 596, 614],[1, 0, 0, 0, 1, 0, 0, 0, 0, 0, 0]
56,5,5,[7, 10, 21, 38, 598],[1, 0, 0, 0, 0]
57,5,6,[7, 10, 21, 38, 598],[1, 0, 0, 0, 0]
58,11,8,[5, 6, 8, 16, 23, 55, 106, 153, 309, 596, 614],[1, 0, 0, 0, 1, 0, 0, 0, 0, 0, 0]
59,5,3,[7, 10, 21, 38, 598],[1, 0, 0, 0, 0]
60,5,2,[7, 10, 21, 38, 598],[1, 0, 0, 0, 0]
61,11,8,[5, 6, 8, 16, 23, 55, 106, 153, 309, 596, 614],[1, 0, 0, 0, 1, 0, 0, 0, 0, 0, 0]
62,11,4,[5, 6, 8, 16, 23, 55, 106, 153, 309, 596, 614],[1, 0, 0, 0, 1, 0, 0, 0, 0, 0, 0]
63,5,5,[7, 10, 21, 38, 598],[1, 0, 0, 0, 0]
64,5,2,[7, 10, 21, 38, 598],[1, 0, 0, 0, 0]
65,11,2,[5, 6, 8, 16, 23, 55, 106, 153, 309, 596, 614],[1, 0, 0, 0, 1, 0, 0, 0, 0, 0, 0]
66,11,1,[5, 6, 8, 16, 23, 55, 106, 153, 309, 596, 614],[1, 0, 0, 0, 1, 0, 0, 0, 0, 0, 0]
67,5,7,[7, 10, 21, 38, 598],[1, 0, 0, 0, 0]
68,5,1,[7, 10, 21, 38, 598],[1, 0, 0, 0, 0]
69,11,3,[5, 6, 8, 16, 23, 55, 106, 153, 309, 596, 614],[1, 0, 0, 0, 1, 0, 0, 0, 0, 0, 0]
70,11,3,[5, 6, 8, 16, 23, 55, 106, 153, 309, 596, 614],[1, 0, 0, 0, 1, 0, 0, 0, 0, 0, 0]
71,8,6,[11, 17, 29, 40, 52, 602, 608, 620],[1, 1, 1, 0, 0, 0, 0, 0]
72,5,2,[7, 10, 21, 38, 598],[1, 0, 0, 0, 0]
73,8,5,[11, 17, 29, 40, 52, 602, 608, 620],[1, 1, 1, 0, 0, 0, 0, 0]
74,11,2,[5, 6, 8, 16, 23, 55, 106, 153, 309, 596, 614],[1, 0, 0, 0, 1, 0, 0, 0, 0, 0, 0]
75,5,5,[7, 10, 21, 38, 598],[1, 0, 0, 0, 0]
76,11,1,[5, 6, 8, 16, 23, 55, 106, 153, 309, 596, 614],[1, 0, 0, 0, 1, 0, 0, 0, 0, 0, 0]
77,11,2,[5, 6, 8, 16, 23, 55, 106, 153, 309, 596, 614],[1, 0, 0, 0, 1, 0, 0, 0, 0, 0, 0]
78,11,2,[5, 6, 8, 16, 23, 55, 106, 153, 309, 596, 614],[1, 0, 0, 0, 1, 0, 0, 0, 0, 0, 0]
79,11,4,[5, 6, 8, 16, 23, 55, 106, 153, 309, 596, 614],[1, 0, 0, 0, 1, 0, 0, 0, 0, 0, 0]
80,5,5,[7, 10, 21, 38, 598],[1, 0, 0, 0, 0]
81,5,2,[7, 10, 21, 38, 598],[1, 0, 0, 0, 0]
82,8,4,[11, 17, 29, 40, 52, 602, 608, 620],[1, 1, 1, 0, 0, 0, 0, 0]
83,11,7,[5, 6, 8, 16, 23, 55, 106, 153, 309, 596, 614],[1, 0, 0, 0, 1, 0, 0, 0, 0, 0, 0]
84,11,3,[5, 6, 8, 16, 23, 55, 106, 153, 309, 596, 614],[1, 0, 0, 0, 1, 0, 0, 0, 0, 0, 0]
85,5,6,[7, 10, 21, 38, 598],[1, 0, 0, 0, 0]
86,8,2,[11, 17, 29, 40, 52, 602, 608, 620],[1, 1, 1, 0, 0, 0, 0, 0]
87,5,2,[7, 10, 21, 38, 598],[1, 0, 0, 0, 0]
88,8,1,[11, 17, 29, 40, 52, 602, 608, 620],[1, 1, 1, 0, 0, 0, 0, 0]
89,8,3,[11, 17, 29, 40, 52, 602, 608, 620],[1, 1, 1, 0, 0, 0, 0, 0]
90,5,5,[7, 10, 21, 38, 598],[1, 0, 0, 0, 0]
91,11,3,[5, 6, 8, 16, 23, 55, 106, 153, 309, 596, 614],[1, 0, 0, 0, 1, 0, 0, 0, 0, 0, 0]
92,11,3,[5, 6, 8, 16, 23, 55, 106, 153, 309, 596, 614],[1, 0, 0, 0, 1, 0, 0, 0, 0, 0, 0]
93,5,5,[7, 10, 21, 38, 598],[1, 0, 0, 0, 0]
94,11,4,[5, 6, 8, 16, 23, 55, 106, 153, 309, 596, 614],[1, 0, 0, 0, 1, 0, 0, 0, 0, 0, 0]
95,11,3,[5, 6, 8, 16, 23, 55, 106, 153, 309, 596, 614],[1, 0, 0, 0, 1, 0, 0, 0, 0, 0, 0]
96,5,5,[7, 10, 21, 38, 598],[1, 0, 0, 0, 0]
97,11,5,[5, 6, 8, 16, 23, 55, 106, 153, 309, 596, 614],[1, 0, 0, 0, 1, 0, 0, 0, 0, 0, 0]
98,11,1,[5, 6, 8, 16, 23, 55, 106, 153, 309, 596, 614],[1, 0, 0, 0, 1, 0, 0, 0, 0, 0, 0]
99,8,1,[11, 17, 29, 40, 52, 602, 608, 620],[1, 1, 1, 0, 0, 0, 0, 0]
100,11,3,[5, 6, 8, 16, 23, 55, 106, 153, 309, 596, 614],[1, 0, 0, 0, 1, 0, 0, 0, 0, 0, 0]
