1,1,0,[1]
2,6,15,[7, 347, 687, 232, 35, 12]
3,6,9,[347, 687, 232, 35, 12, 7]
4,1,0,[4]
5,6,10,[7, 347, 687, 232, 35, 12]
6,6,11,[7, 347, 687, 232, 35, 12]
7,6,5,[347, 687, 232, 35, 12, 7]
8,6,12,[7, 347, 687, 232, 35, 12]
9,6,12,[7, 347, 687, 232, 35, 12]
10,6,6,[347, 687, 232, 35, 12, 7]
11,6,19,[7, 347, 687, 232, 35, 12]
12,6,5,[7, 347, 687, 232, 35, 12]
13,6,16,[7, 347, 687, 232, 35, 12]
14,6,13,[7, 347, 687, 232, 35, 12]
15,6,13,[7, 347, 687, 232, 35, 12]
16,6,13,[7, 347, 687, 232, 35, 12]
17,6,15,[7, 347, 687, 232, 35, 12]
18,6,13,[7, 347, 687, 232, 35, 12]
19,6,21,[7, 347, 687, 232, 35, 12]
20,6,13,[7, 347, 687, 232, 35, 12]
21,6,7,[347, 687, 232, 35, 12, 7]
22,6,17,[7, 347, 687, 232, 35, 12]
23,6,9,[347, 687, 232, 35, 12, 7]
24,6,13,[7, 347, 687, 232, 35, 12]
25,6,7,[347, 687, 232, 35, 12, 7]
26,6,14,[7, 347, 687, 232, 35, 12]
27,6,13,[7, 347, 687, 232, 35, 12]
28,6,20,[7, 347, 687, 232, 35, 12]
29,6,18,[7, 347, 687, 232, 35, 12]
30,6,7,[347, 687, 232, 35, 12, 7]
31,6,8,[7, 347, 687, 232, 35, 12]
32,6,7,[347, 687, 232, 35, 12, 7]
33,6,14,[7, 347, 687, 232, 35, 12]
34,6,22,[7, 347, 687, 232, 35, 12]
35,6,5,[12, 7, 347, 687, 232, 35]
36,6,7,[347, 687, 232, 35, 12, 7]
37,6,8,[7, 347, 687, 232, 35, 12]
38,6,8,[347, 687, 232, 35, 12, 7]
39,6,14,[7, 347, 687, 232, 35, 12]
40,6,20,[7, 347, 687, 232, 35, 12]
41,6,16,[7, 347, 687, 232, 35, 12]
42,6,6,[7, 347, 687, 232, 35, 12]
43,6,18,[7, 347, 687, 232, 35, 12]
44,6,14,[7, 347, 687, 232, 35, 12]
45,6,20,[7, 347, 687, 232, 35, 12]
46,6,8,[347, 687, 232, 35, 12, 7]
47,6,16,[7, 347, 687, 232, 35, 12]
48,6,20,[7, 347, 687, 232, 35, 12]
49,6,14,[7, 347, 687, 232, 35, 12]
50,6,6,[7, 347, 687, 232, 35, 12]
51,6,14,[7, 347, 687, 232, 35, 12]
52,6,16,[7, 347, 687, 232, 35, 12]
53,6,18,[7, 347, 687, 232, 35, 12]
54,6,20,[7, 347, 687, 232, 35, 12]
55,6,14,[7, 347, 687, 232, 35, 12]
56,6,17,[7, 347, 687, 232, 35, 12]
57,6,18,[7, 347, 687, 232, 35, 12]
58,6,9,[7, 347, 687, 232, 35, 12]
59,6,20,[7, 347, 687, 232, 35, 12]
60,6,6,[7, 347, 687, 232, 35, 12]
61,6,8,[12, 7, 347, 687, 232, 35]
62,6,15,[7, 347, 687, 232, 35, 12]
63,6,17,[7, 347, 687, 232, 35, 12]
64,6,6,[7, 347, 687, 232, 35, 12]
65,6,14,[7, 347, 687, 232, 35, 12]
66,6,14,[7, 347, 687, 232, 35, 12]
67,6,22,[7, 347, 687, 232, 35, 12]
68,6,8,[347, 687, 232, 35, 12, 7]
69,6,15,[7, 347, 687, 232, 35, 12]
70,6,14,[7, 347, 687, 232, 35, 12]
71,6,16,[7, 347, 687, 232, 35, 12]
72,6,6,[7, 347, 687, 232, 35, 12]
73,6,16,[7, 347, 687, 232, 35, 12]
74,6,15,[7, 347, 687, 232, 35, 12]
75,6,17,[7, 347, 687, 232, 35, 12]
76,6,10,[347, 687, 232, 35, 12, 7]
77,6,14,[7, 347, 687, 232, 35, 12]
78,6,14,[7, 347, 687, 232, 35, 12]
79,6,11,[7, 347, 687, 232, 35, 12]
80,6,17,[7, 347, 687, 232, 35, 12]
81,6,6,[7, 347, 687, 232, 35, 12]
82,6,19,[7, 347, 687, 232, 35, 12]
83,6,20,[7, 347, 687, 232, 35, 12]
84,6,14,[7, 347, 687, 232, 35, 12]
85,6,18,[7, 347, 687, 232, 35, 12]
86,6,21,[7, 347, 687, 232, 35, 12]
87,6,8,[347, 687, 232, 35, 12, 7]
88,6,16,[7, 347, 687, 232, 35, 12]
89,6,15,[7, 347, 687, 232, 35, 12]
90,6,17,[7, 347, 687, 232, 35, 12]
91,6,14,[7, 347, 687, 232, 35, 12]
92,6,14,[7, 347, 687, 232, 35, 12]
93,6,23,[7, 347, 687, 232, 35, 12]
94,6,15,[7, 347, 687, 232, 35, 12]
95,6,14,[7, 347, 687, 232, 35, 12]
96,6,17,[7, 347, 687, 232, 35, 12]
97,6,8,[7, 347, 687, 232, 35, 12]
98,6,14,[7, 347, 687, 232, 35, 12]
99,6,16,[7, 347, 687, 232, 35, 12]
100,6,14,[7, 347, 687, 232, 35, 12]
101,6,15,[7, 347, 687, 232, 35, 12]
102,6,18,[7, 347, 687, 232, 35, 12]
103,6,11,[347, 687, 232, 35, 12, 7]
104,6,22,[7, 347, 687, 232, 35, 12]
105,6,14,[7, 347, 687, 232, 35, 12]
106,6,15,[7, 347, 687, 232, 35, 12]
107,6,10,[347, 687, 232, 35, 12, 7]
108,6,17,[7, 347, 687, 232, 35, 12]
109,6,24,[7, 347, 687, 232, 35, 12]
110,6,14,[7, 347, 687, 232, 35, 12]
111,6,21,[7, 347, 687, 232, 35, 12]
112,6,14,[7, 347, 687, 232, 35, 12]
113,6,16,[7, 347, 687, 232, 35, 12]
114,6,14,[7, 347, 687, 232, 35, 12]
115,6,21,[7, 347, 687, 232, 35, 12]
116,6,15,[7, 347, 687, 232, 35, 12]
117,6,22,[7, 347, 687, 232, 35, 12]
118,6,9,[12, 7, 347, 687, 232, 35]
119,6,14,[7, 347, 687, 232, 35, 12]
120,6,14,[7, 347, 687, 232, 35, 12]
121,6,18,[7, 347, 687, 232, 35, 12]
122,6,18,[7, 347, 687, 232, 35, 12]
123,6,15,[7, 347, 687, 232, 35, 12]
124,6,6,[12, 7, 347, 687, 232, 35]
125,6,14,[7, 347, 687, 232, 35, 12]
126,6,14,[7, 347, 687, 232, 35, 12]
127,6,11,[347, 687, 232, 35, 12, 7]
128,6,14,[7, 347, 687, 232, 35, 12]
129,6,9,[347, 687, 232, 35, 12, 7]
130,6,14,[7, 347, 687, 232, 35, 12]
131,6,16,[7, 347, 687, 232, 35, 12]
132,6,14,[7, 347, 687, 232, 35, 12]
133,6,15,[7, 347, 687, 232, 35, 12]
134,6,16,[7, 347, 687, 232, 35, 12]
135,6,14,[7, 347, 687, 232, 35, 12]
136,6,10,[347, 687, 232, 35, 12, 7]
137,6,22,[7, 347, 687, 232, 35, 12]
138,6,21,[7, 347, 687, 232, 35, 12]
139,6,17,[7, 347, 687, 232, 35, 12]
140,6,14,[7, 347, 687, 232, 35, 12]
141,6,7,[7, 347, 687, 232, 35, 12]
142,6,17,[7, 347, 687, 232, 35, 12]
143,6,14,[7, 347, 687, 232, 35, 12]
144,6,14,[7, 347, 687, 232, 35, 12]
145,6,23,[7, 347, 687, 232, 35, 12]
146,6,18,[7, 347, 687, 232, 35, 12]
147,6,16,[7, 347, 687, 232, 35, 12]
148,6,17,[7, 347, 687, 232, 35, 12]
149,6,21,[7, 347, 687, 232, 35, 12]
150,6,14,[7, 347, 687, 232, 35, 12]
151,6,17,[7, 347, 687, 232, 35, 12]
152,6,8,[347, 687, 232, 35, 12, 7]
153,6,10,[347, 687, 232, 35, 12, 7]
154,6,14,[7, 347, 687, 232, 35, 12]
155,6,8,[347, 687, 232, 35, 12, 7]
156,6,14,[7, 347, 687, 232, 35, 12]
157,6,16,[7, 347, 687, 232, 35, 12]
158,6,7,[7, 347, 687, 232, 35, 12]
159,6,18,[7, 347, 687, 232, 35, 12]
160,6,14,[7, 347, 687, 232, 35, 12]
161,6,8,[347, 687, 232, 35, 12, 7]
162,6,14,[7, 347, 687, 232, 35, 12]
163,6,21,[7, 347, 687, 232, 35, 12]
164,6,21,[7, 347, 687, 232, 35, 12]
165,6,22,[7, 347, 687, 232, 35, 12]
166,6,19,[7, 347, 687, 232, 35, 12]
167,6,20,[7, 347, 687, 232, 35, 12]
168,6,14,[7, 347, 687, 232, 35, 12]
169,6,15,[7, 347, 687, 232, 35, 12]
170,6,14,[7, 347, 687, 232, 35, 12]
171,6,8,[347, 687, 232, 35, 12, 7]
172,6,17,[7, 347, 687, 232, 35, 12]
173,6,22,[7, 347, 687, 232, 35, 12]
174,6,23,[7, 347, 687, 232, 35, 12]
175,6,16,[7, 347, 687, 232, 35, 12]
176,6,22,[7, 347, 687, 232, 35, 12]
177,6,16,[7, 347, 687, 232, 35, 12]
178,6,15,[7, 347, 687, 232, 35, 12]
179,6,24,[7, 347, 687, 232, 35, 12]
180,6,14,[7, 347, 687, 232, 35, 12]
181,6,17,[7, 347, 687, 232, 35, 12]
182,6,18,[7, 347, 687, 232, 35, 12]
183,6,7,[7, 347, 687, 232, 35, 12]
184,6,19,[7, 347, 687, 232, 35, 12]
185,6,7,[7, 347, 687, 232, 35, 12]
186,6,8,[347, 687, 232, 35, 12, 7]
187,6,21,[7, 347, 687, 232, 35, 12]
188,6,15,[7, 347, 687, 232, 35, 12]
189,6,14,[7, 347, 687, 232, 35, 12]
190,6,15,[7, 347, 687, 232, 35, 12]
191,6,16,[7, 347, 687, 232, 35, 12]
192,6,14,[7, 347, 687, 232, 35, 12]
193,6,22,[7, 347, 687, 232, 35, 12]
194,6,17,[7, 347, 687, 232, 35, 12]
195,6,8,[347, 687, 232, 35, 12, 7]
196,6,14,[7, 347, 687, 232, 35, 12]
197,6,20,[7, 347, 687, 232, 35, 12]
198,6,22,[7, 347, 687, 232, 35, 12]
199,6,9,[347, 687, 232, 35, 12, 7]
200,6,14,[7, 347, 687, 232, 35, 12]
