1,1,0,[1],[0]
2,5,2,[5, 6, 8, 18, 378],[1, 0, 0, 0, 0]
3,11,5,[7, 10, 11, 17, 21, 23, 28, 380, 384, 390, 396],[1, 0, 1, 1, 0, 1, 0, 0, 0, 0, 0]
4,1,0,[4],[0]
5,5,0,[5, 6, 8, 18, 378],[1, 0, 0, 0, 0]
6,5,0,[5, 6, 8, 18, 378],[1, 0, 0, 0, 0]
7,11,0,[7, 10, 11, 17, 21, 23, 28, 380, 384, 390, 396],[1, 0, 1, 1, 0, 1, 0, 0, 0, 0, 0]
8,5,0,[5, 6, 8, 18, 378],[1, 0, 0, 0, 0]
9,5,1,[5, 6, 8, 18, 378],[1, 0, 0, 0, 0]
10,11,0,[7, 10, 11, 17, 21, 23, 28, 380, 384, 390, 396],[1, 0, 1, 1, 0, 1, 0, 0, 0, 0, 0]
11,11,0,[7, 10, 11, 17, 21, 23, 28, 380, 384, 390, 396],[1, 0, 1, 1, 0, 1, 0, 0, 0, 0, 0]
12,11,1,[7, 10, 11, 17, 21, 23, 28, 380, 384, 390, 396],[1, 0, 1, 1, 0, 1, 0, 0, 0, 0, 0]
13,11,3,[7, 10, 11, 17, 21, 23, 28, 380, 384, 390, 396],[1, 0, 1, 1, 0, 1, 0, 0, 0, 0, 0]
14,5,2,[5, 6, 8, 18, 378],[1, 0, 0, 0, 0]
15,5,1,[5, 6, 8, 18, 378],[1, 0, 0, 0, 0]
16,5,1,[5, 6, 8, 18, 378],[1, 0, 0, 0, 0]
17,11,0,[7, 10, 11, 17, 21, 23, 28, 380, 384, 390, 396],[1, 0, 1, 1, 0, 1, 0, 0, 0, 0, 0]
18,5,0,[5, 6, 8, 18, 378],[1, 0, 0, 0, 0]
19,5,4,[5, 6, 8, 18, 378],[1, 0, 0, 0, 0]
20,5,2,[5, 6, 8, 18, 378],[1, 0, 0, 0, 0]
21,11,0,[7, 10, 11, 17, 21, 23, 28, 380, 384, 390, 396],[1, 0, 1, 1, 0, 1, 0, 0, 0, 0, 0]
22,11,4,[7, 10, 11, 17, 21, 23, 28, 380, 384, 390, 396],[1, 0, 1, 1, 0, 1, 0, 0, 0, 0, 0]
23,11,0,[7, 10, 11, 17, 21, 23, 28, 380, 384, 390, 396],[1, 0, 1, 1, 0, 1, 0, 0, 0, 0, 0]
24,5,2,[5, 6, 8, 18, 378],[1, 0, 0, 0, 0]
25,11,1,[7, 10, 11, 17, 21, 23, 28, 380, 384, 390, 396],[1, 0, 1, 1, 0, 1, 0, 0, 0, 0, 0]
26,5,2,[5, 6, 8, 18, 378],[1, 0, 0, 0, 0]
27,5,2,[5, 6, 8, 18, 378],[1, 0, 0, 0, 0]
28,11,0,[7, 10, 11, 17, 21, 23, 28, 380, 384, 390, 396],[1, 0, 1, 1, 0, 1, 0, 0, 0, 0, 0]
29,11,4,[7, 10, 11, 17, 21, 23, 28, 380, 384, 390, 396],[1, 0, 1, 1, 0, 1, 0, 0, 0, 0, 0]
30,11,1,[7, 10, 11, 17, 21, 23, 28, 380, 384, 390, 396],[1, 0, 1, 1, 0, 1, 0, 0, 0, 0, 0]
31,5,4,[5, 6, 8, 18, 378],[1, 0, 0, 0, 0]
32,11,1,[7, 10, 11, 17, 21, 23, 28, 380, 384, 390, 396],[1, 0, 1, 1, 0, 1, 0, 0, 0, 0, 0]
33,5,3,[5, 6, 8, 18, 378],[1, 0, 0, 0, 0]
34,5,5,[5, 6, 8, 18, 378],[1, 0, 0, 0, 0]
35,11,2,[7, 10, 11, 17, 21, 23, 28, 380, 384, 390, 396],[1, 0, 1, 1, 0, 1, 0, 0, 0, 0, 0]
36,11,1,[7, 10, 11, 17, 21, 23, 28, 380, 384, 390, 396],[1, 0, 1, 1, 0, 1, 0, 0, 0, 0, 0]
37,11,3,[7, 10, 11, 17, 21, 23, 28, 380, 384, 390, 396],[1, 0, 1, 1, 0, 1, 0, 0, 0, 0, 0]
38,11,1,[7, 10, 11, 17, 21, 23, 28, 380, 384, 390, 396],[1, 0, 1, 1, 0, 1, 0, 0, 0, 0, 0]
39,5,2,[5, 6, 8, 18, 378],[1, 0, 0, 0, 0]
40,11,1,[7, 10, 11, 17, 21, 23, 28, 380, 384, 390, 396],[1, 0, 1, 1, 0, 1, 0, 0, 0, 0, 0]
41,5,6,[5, 6, 8, 18, 378],[1, 0, 0, 0, 0]
42,11,2,[7, 10, 11, 17, 21, 23, 28, 380, 384, 390, 396],[1, 0, 1, 1, 0, 1, 0, 0, 0, 0, 0]
43,11,2,[7, 10, 11, 17, 21, 23, 28, 380, 384, 390, 396],[1, 0, 1, 1, 0, 1, 0, 0, 0, 0, 0]
44,5,2,[5, 6, 8, 18, 378],[1, 0, 0, 0, 0]
45,11,1,[7, 10, 11, 17, 21, 23, 28, 380, 384, 390, 396],[1, 0, 1, 1, 0, 1, 0, 0, 0, 0, 0]
46,11,2,[7, 10, 11, 17, 21, 23, 28, 380, 384, 390, 396],[1, 0, 1, 1, 0, 1, 0, 0, 0, 0, 0]
47,5,6,[5, 6, 8, 18, 378],[1, 0, 0, 0, 0]
48,11,1,[7, 10, 11, 17, 21, 23, 28, 380, 384, 390, 396],[1, 0, 1, 1, 0, 1, 0, 0, 0, 0, 0]
49,5,3,[5, 6, 8, 18, 378],[1, 0, 0, 0, 0]
50,11,2,[7, 10, 11, 17, 21, 23, 28, 380, 384, 390, 396],[1, 0, 1, 1, 0, 1, 0, 0, 0, 0, 0]
51,5,3,[5, 6, 8, 18, 378],[1, 0, 0, 0, 0]
52,11,1,[7, 10, 11, 17, 21, 23, 28, 380, 384, 390, 396],[1, 0, 1, 1, 0, 1, 0, 0, 0, 0, 0]
53,11,3,[7, 10, 11, 17, 21, 23, 28, 380, 384, 390, 396],[1, 0, 1, 1, 0, 1, 0, 0, 0, 0, 0]
54,11,1,[7, 10, 11, 17, 21, 23, 28, 380, 384, 390, 396],[1, 0, 1, 1, 0, 1, 0, 0, 0, 0, 0]
55,5,2,[5, 6, 8, 18, 378],[1, 0, 0, 0, 0]
56,11,4,[7, 10, 11, 17, 21, 23, 28, 380, 384, 390, 396],[1, 0, 1, 1, 0, 1, 0, 0, 0, 0, 0]
57,11,5,[7, 10, 11, 17, 21, 23, 28, 380, 384, 390, 396],[1, 0, 1, 1, 0, 1, 0, 0, 0, 0, 0]
58,5,5,[5, 6, 8, 18, 378],[1, 0, 0, 0, 0]
59,11,2,[7, 10, 11, 17, 21, 23, 28, 380, 384, 390, 396],[1, 0, 1, 1, 0, 1, 0, 0, 0, 0, 0]
60,11,2,[7, 10, 11, 17, 21, 23, 28, 380, 384, 390, 396],[1, 0, 1, 1, 0, 1, 0, 0, 0, 0, 0]
61,11,3,[7, 10, 11, 17, 21, 23, 28, 380, 384, 390, 396],[1, 0, 1, 1, 0, 1, 0, 0, 0, 0, 0]
62,5,4,[5, 6, 8, 18, 378],[1, 0, 0, 0, 0]
63,11,4,[7, 10, 11, 17, 21, 23, 28, 380, 384, 390, 396],[1, 0, 1, 1, 0, 1, 0, 0, 0, 0, 0]
64,11,2,[7, 10, 11, 17, 21, 23, 28, 380, 384, 390, 396],[1, 0, 1, 1, 0, 1, 0, 0, 0, 0, 0]
65,5,1,[5, 6, 8, 18, 378],[1, 0, 0, 0, 0]
66,5,2,[5, 6, 8, 18, 378],[1, 0, 0, 0, 0]
67,11,6,[7, 10, 11, 17, 21, 23, 28, 380, 384, 390, 396],[1, 0, 1, 1, 0, 1, 0, 0, 0, 0, 0]
68,11,1,[7, 10, 11, 17, 21, 23, 28, 380, 384, 390, 396],[1, 0, 1, 1, 0, 1, 0, 0, 0, 0, 0]
69,5,3,[5, 6, 8, 18, 378],[1, 0, 0, 0, 0]
70,5,3,[5, 6, 8, 18, 378],[1, 0, 0, 0, 0]
71,5,4,[5, 6, 8, 18, 378],[1, 0, 0, 0, 0]
72,11,2,[7, 10, 11, 17, 21, 23, 28, 380, 384, 390, 396],[1, 0, 1, 1, 0, 1, 0, 0, 0, 0, 0]
73,5,4,[5, 6, 8, 18, 378],[1, 0, 0, 0, 0]
74,5,3,[5, 6, 8, 18, 378],[1, 0, 0, 0, 0]
75,11,4,[7, 10, 11, 17, 21, 23, 28, 380, 384, 390, 396],[1, 0, 1, 1, 0, 1, 0, 0, 0, 0, 0]
76,11,1,[7, 10, 11, 17, 21, 23, 28, 380, 384, 390, 396],[1, 0, 1, 1, 0, 1, 0, 0, 0, 0, 0]
77,5,1,[5, 6, 8, 18, 378],[1, 0, 0, 0, 0]
78,5,1,[5, 6, 8, 18, 378],[1, 0, 0, 0, 0]
79,5,7,[5, 6, 8, 18, 378],[1, 0, 0, 0, 0]
80,11,4,[7, 10, 11, 17, 21, 23, 28, 380, 384, 390, 396],[1, 0, 1, 1, 0, 1, 0, 0, 0, 0, 0]
81,11,2,[7, 10, 11, 17, 21, 23, 28, 380, 384, 390, 396],[1, 0, 1, 1, 0, 1, 0, 0, 0, 0, 0]
82,11,3,[7, 10, 11, 17, 21, 23, 28, 380, 384, 390, 396],[1, 0, 1, 1, 0, 1, 0, 0, 0, 0, 0]
83,11,2,[7, 10, 11, 17, 21, 23, 28, 380, 384, 390, 396],[1, 0, 1, 1, 0, 1, 0, 0, 0, 0, 0]
84,5,3,[5, 6, 8, 18, 378],[1, 0, 0, 0, 0]
85,11,5,[7, 10, 11, 17, 21, 23, 28, 380, 384, 390, 396],[1, 0, 1, 1, 0, 1, 0, 0, 0, 0, 0]
86,11,2,[7, 10, 11, 17, 21, 23, 28, 380, 384, 390, 396],[1, 0, 1, 1, 0, 1, 0, 0, 0, 0, 0]
87,11,2,[7, 10, 11, 17, 21, 23, 28, 380, 384, 390, 396],[1, 0, 1, 1, 0, 1, 0, 0, 0, 0, 0]
88,11,1,[7, 10, 11, 17, 21, 23, 28, 380, 384, 390, 396],[1, 0, 1, 1, 0, 1, 0, 0, 0, 0, 0]
89,11,2,[7, 10, 11, 17, 21, 23, 28, 380, 384, 390, 396],[1, 0, 1, 1, 0, 1, 0, 0, 0, 0, 0]
90,11,4,[7, 10, 11, 17, 21, 23, 28, 380, 384, 390, 396],[1, 0, 1, 1, 0, 1, 0, 0, 0, 0, 0]
91,5,3,[5, 6, 8, 18, 378],[1, 0, 0, 0, 0]
92,5,3,[5, 6, 8, 18, 378],[1, 0, 0, 0, 0]
93,5,6,[5, 6, 8, 18, 378],[1, 0, 0, 0, 0]
94,5,4,[5, 6, 8, 18, 378],[1, 0, 0, 0, 0]
95,5,3,[5, 6, 8, 18, 378],[1, 0, 0, 0, 0]
96,11,4,[7, 10, 11, 17, 21, 23, 28, 380, 384, 390, 396],[1, 0, 1, 1, 0, 1, 0, 0, 0, 0, 0]
97,11,3,[7, 10, 11, 17, 21, 23, 28, 380, 384, 390, 396],[1, 0, 1, 1, 0, 1, 0, 0, 0, 0, 0]
98,5,2,[5, 6, 8, 18, 378],[1, 0, 0, 0, 0]
99,11,1,[7, 10, 11, 17, 21, 23, 28, 380, 384, 390, 396],[1, 0, 1, 1, 0, 1, 0, 0, 0, 0, 0]
100,5,3,[5, 6, 8, 18, 378],[1, 0, 0, 0, 0]
