1,1,0,[1]
2,7,9,[9, 6, 5, 398, 201, 70, 14]
3,7,14,[5, 398, 201, 70, 14, 9, 6]
4,1,0,[4]
5,7,6,[398, 201, 70, 14, 9, 6, 5]
6,7,6,[5, 398, 201, 70, 14, 9, 6]
7,7,10,[5, 398, 201, 70, 14, 9, 6]
8,7,7,[5, 398, 201, 70, 14, 9, 6]
9,7,6,[6, 5, 398, 201, 70, 14, 9]
10,7,11,[5, 398, 201, 70, 14, 9, 6]
11,7,11,[5, 398, 201, 70, 14, 9, 6]
12,7,11,[5, 398, 201, 70, 14, 9, 6]
13,7,15,[5, 398, 201, 70, 14, 9, 6]
14,7,6,[9, 6, 5, 398, 201, 70, 14]
15,7,8,[5, 398, 201, 70, 14, 9, 6]
16,7,8,[5, 398, 201, 70, 14, 9, 6]
17,7,14,[5, 398, 201, 70, 14, 9, 6]
18,7,8,[5, 398, 201, 70, 14, 9, 6]
19,4,3,[412, 107, 500, 19]
20,7,7,[6, 5, 398, 201, 70, 14, 9]
21,7,12,[5, 398, 201, 70, 14, 9, 6]
22,7,16,[5, 398, 201, 70, 14, 9, 6]
23,2,1,[416, 23]
24,7,7,[6, 5, 398, 201, 70, 14, 9]
25,7,12,[5, 398, 201, 70, 14, 9, 6]
26,7,9,[5, 398, 201, 70, 14, 9, 6]
27,7,7,[6, 5, 398, 201, 70, 14, 9]
28,7,12,[5, 398, 201, 70, 14, 9, 6]
29,7,13,[5, 398, 201, 70, 14, 9, 6]
30,7,12,[5, 398, 201, 70, 14, 9, 6]
31,4,8,[412, 107, 500, 19]
32,7,12,[5, 398, 201, 70, 14, 9, 6]
33,7,7,[9, 6, 5, 398, 201, 70, 14]
34,4,4,[412, 107, 500, 19]
35,7,12,[5, 398, 201, 70, 14, 9, 6]
36,7,12,[5, 398, 201, 70, 14, 9, 6]
37,7,14,[5, 398, 201, 70, 14, 9, 6]
38,7,13,[5, 398, 201, 70, 14, 9, 6]
39,7,9,[5, 398, 201, 70, 14, 9, 6]
40,7,12,[5, 398, 201, 70, 14, 9, 6]
41,7,14,[5, 398, 201, 70, 14, 9, 6]
42,7,12,[5, 398, 201, 70, 14, 9, 6]
43,7,16,[5, 398, 201, 70, 14, 9, 6]
44,7,9,[5, 398, 201, 70, 14, 9, 6]
45,7,12,[5, 398, 201, 70, 14, 9, 6]
46,7,13,[5, 398, 201, 70, 14, 9, 6]
47,7,18,[5, 398, 201, 70, 14, 9, 6]
48,7,12,[5, 398, 201, 70, 14, 9, 6]
49,7,7,[9, 6, 5, 398, 201, 70, 14]
50,7,12,[5, 398, 201, 70, 14, 9, 6]
51,7,8,[6, 5, 398, 201, 70, 14, 9]
52,7,15,[5, 398, 201, 70, 14, 9, 6]
53,7,11,[5, 398, 201, 70, 14, 9, 6]
54,7,12,[5, 398, 201, 70, 14, 9, 6]
55,7,9,[5, 398, 201, 70, 14, 9, 6]
56,7,16,[5, 398, 201, 70, 14, 9, 6]
57,7,17,[5, 398, 201, 70, 14, 9, 6]
58,4,9,[412, 107, 500, 19]
59,4,6,[412, 107, 500, 19]
60,7,12,[5, 398, 201, 70, 14, 9, 6]
61,2,9,[416, 23]
62,7,8,[9, 6, 5, 398, 201, 70, 14]
63,7,16,[5, 398, 201, 70, 14, 9, 6]
64,7,12,[5, 398, 201, 70, 14, 9, 6]
65,7,9,[5, 398, 201, 70, 14, 9, 6]
66,7,9,[5, 398, 201, 70, 14, 9, 6]
67,7,14,[5, 398, 201, 70, 14, 9, 6]
68,7,13,[5, 398, 201, 70, 14, 9, 6]
69,7,10,[5, 398, 201, 70, 14, 9, 6]
70,7,6,[14, 9, 6, 5, 398, 201, 70]
71,7,16,[5, 398, 201, 70, 14, 9, 6]
72,7,12,[5, 398, 201, 70, 14, 9, 6]
73,7,18,[5, 398, 201, 70, 14, 9, 6]
74,7,10,[5, 398, 201, 70, 14, 9, 6]
75,7,16,[5, 398, 201, 70, 14, 9, 6]
76,2,2,[416, 23]
77,7,9,[5, 398, 201, 70, 14, 9, 6]
78,7,9,[5, 398, 201, 70, 14, 9, 6]
79,7,11,[5, 398, 201, 70, 14, 9, 6]
80,7,16,[5, 398, 201, 70, 14, 9, 6]
81,7,12,[5, 398, 201, 70, 14, 9, 6]
82,7,17,[5, 398, 201, 70, 14, 9, 6]
83,7,14,[5, 398, 201, 70, 14, 9, 6]
84,7,7,[9, 6, 5, 398, 201, 70, 14]
85,7,17,[5, 398, 201, 70, 14, 9, 6]
86,7,13,[5, 398, 201, 70, 14, 9, 6]
87,7,13,[5, 398, 201, 70, 14, 9, 6]
88,7,15,[5, 398, 201, 70, 14, 9, 6]
89,7,11,[5, 398, 201, 70, 14, 9, 6]
90,7,16,[5, 398, 201, 70, 14, 9, 6]
91,7,8,[6, 5, 398, 201, 70, 14, 9]
92,7,8,[6, 5, 398, 201, 70, 14, 9]
93,4,5,[412, 107, 500, 19]
94,7,8,[9, 6, 5, 398, 201, 70, 14]
95,7,8,[6, 5, 398, 201, 70, 14, 9]
96,7,16,[5, 398, 201, 70, 14, 9, 6]
97,7,14,[5, 398, 201, 70, 14, 9, 6]
98,7,9,[5, 398, 201, 70, 14, 9, 6]
99,7,15,[5, 398, 201, 70, 14, 9, 6]
100,7,7,[9, 6, 5, 398, 201, 70, 14]
101,4,6,[412, 107, 500, 19]
102,7,17,[5, 398, 201, 70, 14, 9, 6]
103,7,11,[5, 398, 201, 70, 14, 9, 6]
104,4,4,[412, 107, 500, 19]
105,7,9,[5, 398, 201, 70, 14, 9, 6]
106,7,10,[5, 398, 201, 70, 14, 9, 6]
107,4,3,[500, 19, 412, 107]
108,7,16,[5, 398, 201, 70, 14, 9, 6]
109,4,7,[412, 107, 500, 19]
110,7,9,[5, 398, 201, 70, 14, 9, 6]
111,7,13,[5, 398, 201, 70, 14, 9, 6]
112,7,9,[5, 398, 201, 70, 14, 9, 6]
113,7,14,[5, 398, 201, 70, 14, 9, 6]
114,7,8,[6, 5, 398, 201, 70, 14, 9]
115,7,13,[5, 398, 201, 70, 14, 9, 6]
116,7,8,[9, 6, 5, 398, 201, 70, 14]
117,4,4,[412, 107, 500, 19]
118,2,10,[416, 23]
119,7,8,[6, 5, 398, 201, 70, 14, 9]
120,7,7,[9, 6, 5, 398, 201, 70, 14]
121,7,17,[5, 398, 201, 70, 14, 9, 6]
122,7,17,[5, 398, 201, 70, 14, 9, 6]
123,7,10,[5, 398, 201, 70, 14, 9, 6]
124,7,13,[5, 398, 201, 70, 14, 9, 6]
125,7,9,[5, 398, 201, 70, 14, 9, 6]
126,7,9,[5, 398, 201, 70, 14, 9, 6]
127,7,9,[6, 5, 398, 201, 70, 14, 9]
128,7,7,[9, 6, 5, 398, 201, 70, 14]
129,7,14,[5, 398, 201, 70, 14, 9, 6]
130,7,8,[6, 5, 398, 201, 70, 14, 9]
131,7,9,[9, 6, 5, 398, 201, 70, 14]
132,7,9,[5, 398, 201, 70, 14, 9, 6]
133,7,10,[5, 398, 201, 70, 14, 9, 6]
134,7,11,[5, 398, 201, 70, 14, 9, 6]
135,7,7,[9, 6, 5, 398, 201, 70, 14]
136,2,2,[416, 23]
137,7,14,[5, 398, 201, 70, 14, 9, 6]
138,7,13,[5, 398, 201, 70, 14, 9, 6]
139,7,14,[5, 398, 201, 70, 14, 9, 6]
140,7,9,[5, 398, 201, 70, 14, 9, 6]
141,7,13,[5, 398, 201, 70, 14, 9, 6]
142,7,19,[5, 398, 201, 70, 14, 9, 6]
143,7,8,[6, 5, 398, 201, 70, 14, 9]
144,7,7,[9, 6, 5, 398, 201, 70, 14]
145,4,5,[412, 107, 500, 19]
146,7,17,[5, 398, 201, 70, 14, 9, 6]
147,7,15,[5, 398, 201, 70, 14, 9, 6]
148,7,15,[5, 398, 201, 70, 14, 9, 6]
149,2,4,[416, 23]
150,7,9,[5, 398, 201, 70, 14, 9, 6]
151,7,9,[6, 5, 398, 201, 70, 14, 9]
152,7,13,[5, 398, 201, 70, 14, 9, 6]
153,2,2,[416, 23]
154,7,8,[6, 5, 398, 201, 70, 14, 9]
155,7,13,[5, 398, 201, 70, 14, 9, 6]
156,7,8,[6, 5, 398, 201, 70, 14, 9]
157,2,3,[416, 23]
158,7,13,[5, 398, 201, 70, 14, 9, 6]
159,7,17,[5, 398, 201, 70, 14, 9, 6]
160,7,9,[5, 398, 201, 70, 14, 9, 6]
161,7,13,[5, 398, 201, 70, 14, 9, 6]
162,7,7,[9, 6, 5, 398, 201, 70, 14]
163,7,10,[6, 5, 398, 201, 70, 14, 9]
164,7,13,[5, 398, 201, 70, 14, 9, 6]
165,4,4,[412, 107, 500, 19]
166,7,18,[5, 398, 201, 70, 14, 9, 6]
167,7,9,[6, 5, 398, 201, 70, 14, 9]
168,7,9,[5, 398, 201, 70, 14, 9, 6]
169,7,10,[5, 398, 201, 70, 14, 9, 6]
170,7,8,[6, 5, 398, 201, 70, 14, 9]
171,7,13,[5, 398, 201, 70, 14, 9, 6]
172,7,19,[5, 398, 201, 70, 14, 9, 6]
173,7,10,[6, 5, 398, 201, 70, 14, 9]
174,4,5,[412, 107, 500, 19]
175,7,15,[5, 398, 201, 70, 14, 9, 6]
176,4,4,[412, 107, 500, 19]
177,7,9,[9, 6, 5, 398, 201, 70, 14]
178,7,9,[6, 5, 398, 201, 70, 14, 9]
179,7,14,[5, 398, 201, 70, 14, 9, 6]
180,7,9,[5, 398, 201, 70, 14, 9, 6]
181,7,14,[5, 398, 201, 70, 14, 9, 6]
182,7,17,[5, 398, 201, 70, 14, 9, 6]
183,7,13,[5, 398, 201, 70, 14, 9, 6]
184,7,14,[5, 398, 201, 70, 14, 9, 6]
185,7,13,[5, 398, 201, 70, 14, 9, 6]
186,7,13,[5, 398, 201, 70, 14, 9, 6]
187,7,13,[5, 398, 201, 70, 14, 9, 6]
188,7,9,[6, 5, 398, 201, 70, 14, 9]
189,7,9,[5, 398, 201, 70, 14, 9, 6]
190,7,10,[5, 398, 201, 70, 14, 9, 6]
191,7,13,[5, 398, 201, 70, 14, 9, 6]
192,7,9,[5, 398, 201, 70, 14, 9, 6]
193,7,15,[5, 398, 201, 70, 14, 9, 6]
194,7,16,[5, 398, 201, 70, 14, 9, 6]
195,7,13,[5, 398, 201, 70, 14, 9, 6]
196,7,9,[5, 398, 201, 70, 14, 9, 6]
197,7,11,[5, 398, 201, 70, 14, 9, 6]
198,4,4,[412, 107, 500, 19]
199,7,14,[5, 398, 201, 70, 14, 9, 6]
200,7,9,[5, 398, 201, 70, 14, 9, 6]
