1,1,0,[1],[0]
2,5,13,[5, 6, 9, 24, 880],[1, 0, 0, 0, 0]
3,5,4,[5, 6, 9, 24, 880],[1, 0, 0, 0, 0]
4,1,0,[4],[0]
5,5,0,[5, 6, 9, 24, 880],[1, 0, 0, 0, 0]
6,5,0,[5, 6, 9, 24, 880],[1, 0, 0, 0, 0]
7,8,0,[7, 10, 13, 22, 25, 46, 882, 888],[1, 0, 1, 0, 0, 0, 0, 0]
8,5,1,[5, 6, 9, 24, 880],[1, 0, 0, 0, 0]
9,5,0,[5, 6, 9, 24, 880],[1, 0, 0, 0, 0]
10,8,0,[7, 10, 13, 22, 25, 46, 882, 888],[1, 0, 1, 0, 0, 0, 0, 0]
11,5,6,[5, 6, 9, 24, 880],[1, 0, 0, 0, 0]
12,8,1,[7, 10, 13, 22, 25, 46, 882, 888],[1, 0, 1, 0, 0, 0, 0, 0]
13,8,0,[7, 10, 13, 22, 25, 46, 882, 888],[1, 0, 1, 0, 0, 0, 0, 0]
14,5,1,[5, 6, 9, 24, 880],[1, 0, 0, 0, 0]
15,5,2,[5, 6, 9, 24, 880],[1, 0, 0, 0, 0]
16,5,2,[5, 6, 9, 24, 880],[1, 0, 0, 0, 0]
17,8,6,[7, 10, 13, 22, 25, 46, 882, 888],[1, 0, 1, 0, 0, 0, 0, 0]
18,5,2,[5, 6, 9, 24, 880],[1, 0, 0, 0, 0]
19,5,4,[5, 6, 9, 24, 880],[1, 0, 0, 0, 0]
20,5,1,[5, 6, 9, 24, 880],[1, 0, 0, 0, 0]
21,8,1,[7, 10, 13, 22, 25, 46, 882, 888],[1, 0, 1, 0, 0, 0, 0, 0]
22,8,0,[7, 10, 13, 22, 25, 46, 882, 888],[1, 0, 1, 0, 0, 0, 0, 0]
23,8,10,[7, 10, 13, 22, 25, 46, 882, 888],[1, 0, 1, 0, 0, 0, 0, 0]
24,5,0,[5, 6, 9, 24, 880],[1, 0, 0, 0, 0]
25,8,0,[7, 10, 13, 22, 25, 46, 882, 888],[1, 0, 1, 0, 0, 0, 0, 0]
26,5,3,[5, 6, 9, 24, 880],[1, 0, 0, 0, 0]
27,5,1,[5, 6, 9, 24, 880],[1, 0, 0, 0, 0]
28,5,7,[5, 6, 9, 24, 880],[1, 0, 0, 0, 0]
29,5,3,[5, 6, 9, 24, 880],[1, 0, 0, 0, 0]
30,8,1,[7, 10, 13, 22, 25, 46, 882, 888],[1, 0, 1, 0, 0, 0, 0, 0]
31,5,4,[5, 6, 9, 24, 880],[1, 0, 0, 0, 0]
32,8,1,[7, 10, 13, 22, 25, 46, 882, 888],[1, 0, 1, 0, 0, 0, 0, 0]
33,5,2,[5, 6, 9, 24, 880],[1, 0, 0, 0, 0]
34,5,5,[5, 6, 9, 24, 880],[1, 0, 0, 0, 0]
35,8,2,[7, 10, 13, 22, 25, 46, 882, 888],[1, 0, 1, 0, 0, 0, 0, 0]
36,8,1,[7, 10, 13, 22, 25, 46, 882, 888],[1, 0, 1, 0, 0, 0, 0, 0]
37,8,3,[7, 10, 13, 22, 25, 46, 882, 888],[1, 0, 1, 0, 0, 0, 0, 0]
38,8,2,[7, 10, 13, 22, 25, 46, 882, 888],[1, 0, 1, 0, 0, 0, 0, 0]
39,5,3,[5, 6, 9, 24, 880],[1, 0, 0, 0, 0]
40,5,7,[5, 6, 9, 24, 880],[1, 0, 0, 0, 0]
41,8,8,[7, 10, 13, 22, 25, 46, 882, 888],[1, 0, 1, 0, 0, 0, 0, 0]
42,8,2,[7, 10, 13, 22, 25, 46, 882, 888],[1, 0, 1, 0, 0, 0, 0, 0]
43,5,9,[5, 6, 9, 24, 880],[1, 0, 0, 0, 0]
44,5,3,[5, 6, 9, 24, 880],[1, 0, 0, 0, 0]
45,5,7,[5, 6, 9, 24, 880],[1, 0, 0, 0, 0]
46,8,0,[7, 10, 13, 22, 25, 46, 882, 888],[1, 0, 1, 0, 0, 0, 0, 0]
47,5,8,[5, 6, 9, 24, 880],[1, 0, 0, 0, 0]
48,5,7,[5, 6, 9, 24, 880],[1, 0, 0, 0, 0]
49,5,2,[5, 6, 9, 24, 880],[1, 0, 0, 0, 0]
50,8,2,[7, 10, 13, 22, 25, 46, 882, 888],[1, 0, 1, 0, 0, 0, 0, 0]
51,5,2,[5, 6, 9, 24, 880],[1, 0, 0, 0, 0]
52,8,7,[7, 10, 13, 22, 25, 46, 882, 888],[1, 0, 1, 0, 0, 0, 0, 0]
53,5,5,[5, 6, 9, 24, 880],[1, 0, 0, 0, 0]
54,5,7,[5, 6, 9, 24, 880],[1, 0, 0, 0, 0]
55,5,3,[5, 6, 9, 24, 880],[1, 0, 0, 0, 0]
56,8,1,[7, 10, 13, 22, 25, 46, 882, 888],[1, 0, 1, 0, 0, 0, 0, 0]
57,8,1,[7, 10, 13, 22, 25, 46, 882, 888],[1, 0, 1, 0, 0, 0, 0, 0]
58,5,5,[5, 6, 9, 24, 880],[1, 0, 0, 0, 0]
59,5,7,[5, 6, 9, 24, 880],[1, 0, 0, 0, 0]
60,8,2,[7, 10, 13, 22, 25, 46, 882, 888],[1, 0, 1, 0, 0, 0, 0, 0]
61,8,2,[7, 10, 13, 22, 25, 46, 882, 888],[1, 0, 1, 0, 0, 0, 0, 0]
62,5,3,[5, 6, 9, 24, 880],[1, 0, 0, 0, 0]
63,8,1,[7, 10, 13, 22, 25, 46, 882, 888],[1, 0, 1, 0, 0, 0, 0, 0]
64,8,2,[7, 10, 13, 22, 25, 46, 882, 888],[1, 0, 1, 0, 0, 0, 0, 0]
65,5,3,[5, 6, 9, 24, 880],[1, 0, 0, 0, 0]
66,5,3,[5, 6, 9, 24, 880],[1, 0, 0, 0, 0]
67,5,4,[5, 6, 9, 24, 880],[1, 0, 0, 0, 0]
68,8,2,[7, 10, 13, 22, 25, 46, 882, 888],[1, 0, 1, 0, 0, 0, 0, 0]
69,5,4,[5, 6, 9, 24, 880],[1, 0, 0, 0, 0]
70,5,2,[5, 6, 9, 24, 880],[1, 0, 0, 0, 0]
71,8,3,[7, 10, 13, 22, 25, 46, 882, 888],[1, 0, 1, 0, 0, 0, 0, 0]
72,8,2,[7, 10, 13, 22, 25, 46, 882, 888],[1, 0, 1, 0, 0, 0, 0, 0]
73,5,10,[5, 6, 9, 24, 880],[1, 0, 0, 0, 0]
74,5,4,[5, 6, 9, 24, 880],[1, 0, 0, 0, 0]
75,8,1,[7, 10, 13, 22, 25, 46, 882, 888],[1, 0, 1, 0, 0, 0, 0, 0]
76,8,11,[7, 10, 13, 22, 25, 46, 882, 888],[1, 0, 1, 0, 0, 0, 0, 0]
77,5,3,[5, 6, 9, 24, 880],[1, 0, 0, 0, 0]
78,5,3,[5, 6, 9, 24, 880],[1, 0, 0, 0, 0]
79,8,4,[7, 10, 13, 22, 25, 46, 882, 888],[1, 0, 1, 0, 0, 0, 0, 0]
80,8,1,[7, 10, 13, 22, 25, 46, 882, 888],[1, 0, 1, 0, 0, 0, 0, 0]
81,8,2,[7, 10, 13, 22, 25, 46, 882, 888],[1, 0, 1, 0, 0, 0, 0, 0]
82,5,10,[5, 6, 9, 24, 880],[1, 0, 0, 0, 0]
83,8,5,[7, 10, 13, 22, 25, 46, 882, 888],[1, 0, 1, 0, 0, 0, 0, 0]
84,5,2,[5, 6, 9, 24, 880],[1, 0, 0, 0, 0]
85,8,1,[7, 10, 13, 22, 25, 46, 882, 888],[1, 0, 1, 0, 0, 0, 0, 0]
86,5,8,[5, 6, 9, 24, 880],[1, 0, 0, 0, 0]
87,8,2,[7, 10, 13, 22, 25, 46, 882, 888],[1, 0, 1, 0, 0, 0, 0, 0]
88,8,7,[7, 10, 13, 22, 25, 46, 882, 888],[1, 0, 1, 0, 0, 0, 0, 0]
89,5,7,[5, 6, 9, 24, 880],[1, 0, 0, 0, 0]
90,8,1,[7, 10, 13, 22, 25, 46, 882, 888],[1, 0, 1, 0, 0, 0, 0, 0]
91,5,2,[5, 6, 9, 24, 880],[1, 0, 0, 0, 0]
92,5,2,[5, 6, 9, 24, 880],[1, 0, 0, 0, 0]
93,5,6,[5, 6, 9, 24, 880],[1, 0, 0, 0, 0]
94,5,3,[5, 6, 9, 24, 880],[1, 0, 0, 0, 0]
95,5,1,[5, 6, 9, 24, 880],[1, 0, 0, 0, 0]
96,8,1,[7, 10, 13, 22, 25, 46, 882, 888],[1, 0, 1, 0, 0, 0, 0, 0]
97,5,6,[5, 6, 9, 24, 880],[1, 0, 0, 0, 0]
98,5,3,[5, 6, 9, 24, 880],[1, 0, 0, 0, 0]
99,8,7,[7, 10, 13, 22, 25, 46, 882, 888],[1, 0, 1, 0, 0, 0, 0, 0]
100,5,2,[5, 6, 9, 24, 880],[1, 0, 0, 0, 0]
