1  1  0 [1]
2  15  5 [14, 9, 6, 5, 56, 13, 64, 12, 7, 58, 31, 82, 43, 94, 49]
3  15  5 [14, 9, 6, 5, 56, 13, 64, 12, 7, 58, 31, 82, 43, 94, 49]
4  1  0 [4]
5  15  0 [5, 56, 13, 64, 12, 7, 58, 31, 82, 43, 94, 49, 14, 9, 6]
6  15  0 [6, 5, 56, 13, 64, 12, 7, 58, 31, 82, 43, 94, 49, 14, 9]
7  15  0 [7, 58, 31, 82, 43, 94, 49, 14, 9, 6, 5, 56, 13, 64, 12]
8  15  1 [6, 5, 56, 13, 64, 12, 7, 58, 31, 82, 43, 94, 49, 14, 9]
9  15  0 [9, 6, 5, 56, 13, 64, 12, 7, 58, 31, 82, 43, 94, 49, 14]
10  15  1 [7, 58, 31, 82, 43, 94, 49, 14, 9, 6, 5, 56, 13, 64, 12]
11  15  3 [14, 9, 6, 5, 56, 13, 64, 12, 7, 58, 31, 82, 43, 94, 49]
12  15  0 [12, 7, 58, 31, 82, 43, 94, 49, 14, 9, 6, 5, 56, 13, 64]
13  15  0 [13, 64, 12, 7, 58, 31, 82, 43, 94, 49, 14, 9, 6, 5, 56]
14  15  0 [14, 9, 6, 5, 56, 13, 64, 12, 7, 58, 31, 82, 43, 94, 49]
15  15  2 [6, 5, 56, 13, 64, 12, 7, 58, 31, 82, 43, 94, 49, 14, 9]
16  15  2 [6, 5, 56, 13, 64, 12, 7, 58, 31, 82, 43, 94, 49, 14, 9]
17  15  4 [7, 58, 31, 82, 43, 94, 49, 14, 9, 6, 5, 56, 13, 64, 12]
18  15  2 [6, 5, 56, 13, 64, 12, 7, 58, 31, 82, 43, 94, 49, 14, 9]
19  15  2 [14, 9, 6, 5, 56, 13, 64, 12, 7, 58, 31, 82, 43, 94, 49]
20  15  1 [9, 6, 5, 56, 13, 64, 12, 7, 58, 31, 82, 43, 94, 49, 14]
21  15  2 [7, 58, 31, 82, 43, 94, 49, 14, 9, 6, 5, 56, 13, 64, 12]
22  15  1 [13, 64, 12, 7, 58, 31, 82, 43, 94, 49, 14, 9, 6, 5, 56]
23  15  5 [6, 5, 56, 13, 64, 12, 7, 58, 31, 82, 43, 94, 49, 14, 9]
24  15  1 [9, 6, 5, 56, 13, 64, 12, 7, 58, 31, 82, 43, 94, 49, 14]
25  15  2 [7, 58, 31, 82, 43, 94, 49, 14, 9, 6, 5, 56, 13, 64, 12]
26  15  3 [6, 5, 56, 13, 64, 12, 7, 58, 31, 82, 43, 94, 49, 14, 9]
27  15  1 [9, 6, 5, 56, 13, 64, 12, 7, 58, 31, 82, 43, 94, 49, 14]
28  15  4 [14, 9, 6, 5, 56, 13, 64, 12, 7, 58, 31, 82, 43, 94, 49]
29  15  2 [13, 64, 12, 7, 58, 31, 82, 43, 94, 49, 14, 9, 6, 5, 56]
30  15  2 [7, 58, 31, 82, 43, 94, 49, 14, 9, 6, 5, 56, 13, 64, 12]
31  15  0 [31, 82, 43, 94, 49, 14, 9, 6, 5, 56, 13, 64, 12, 7, 58]
32  15  2 [7, 58, 31, 82, 43, 94, 49, 14, 9, 6, 5, 56, 13, 64, 12]
33  15  1 [14, 9, 6, 5, 56, 13, 64, 12, 7, 58, 31, 82, 43, 94, 49]
34  15  3 [14, 9, 6, 5, 56, 13, 64, 12, 7, 58, 31, 82, 43, 94, 49]
35  15  1 [12, 7, 58, 31, 82, 43, 94, 49, 14, 9, 6, 5, 56, 13, 64]
36  15  2 [7, 58, 31, 82, 43, 94, 49, 14, 9, 6, 5, 56, 13, 64, 12]
37  15  6 [7, 58, 31, 82, 43, 94, 49, 14, 9, 6, 5, 56, 13, 64, 12]
38  15  3 [7, 58, 31, 82, 43, 94, 49, 14, 9, 6, 5, 56, 13, 64, 12]
39  15  3 [6, 5, 56, 13, 64, 12, 7, 58, 31, 82, 43, 94, 49, 14, 9]
40  15  4 [14, 9, 6, 5, 56, 13, 64, 12, 7, 58, 31, 82, 43, 94, 49]
41  15  3 [9, 6, 5, 56, 13, 64, 12, 7, 58, 31, 82, 43, 94, 49, 14]
42  15  1 [12, 7, 58, 31, 82, 43, 94, 49, 14, 9, 6, 5, 56, 13, 64]
43  15  0 [43, 94, 49, 14, 9, 6, 5, 56, 13, 64, 12, 7, 58, 31, 82]
44  15  3 [6, 5, 56, 13, 64, 12, 7, 58, 31, 82, 43, 94, 49, 14, 9]
45  15  4 [14, 9, 6, 5, 56, 13, 64, 12, 7, 58, 31, 82, 43, 94, 49]
46  15  3 [7, 58, 31, 82, 43, 94, 49, 14, 9, 6, 5, 56, 13, 64, 12]
47  15  4 [6, 5, 56, 13, 64, 12, 7, 58, 31, 82, 43, 94, 49, 14, 9]
48  15  4 [14, 9, 6, 5, 56, 13, 64, 12, 7, 58, 31, 82, 43, 94, 49]
49  15  0 [49, 14, 9, 6, 5, 56, 13, 64, 12, 7, 58, 31, 82, 43, 94]
50  15  1 [12, 7, 58, 31, 82, 43, 94, 49, 14, 9, 6, 5, 56, 13, 64]
51  15  2 [9, 6, 5, 56, 13, 64, 12, 7, 58, 31, 82, 43, 94, 49, 14]
52  15  5 [7, 58, 31, 82, 43, 94, 49, 14, 9, 6, 5, 56, 13, 64, 12]
53  15  4 [14, 9, 6, 5, 56, 13, 64, 12, 7, 58, 31, 82, 43, 94, 49]
54  15  4 [14, 9, 6, 5, 56, 13, 64, 12, 7, 58, 31, 82, 43, 94, 49]
55  15  3 [6, 5, 56, 13, 64, 12, 7, 58, 31, 82, 43, 94, 49, 14, 9]
56  15  0 [56, 13, 64, 12, 7, 58, 31, 82, 43, 94, 49, 14, 9, 6, 5]
57  15  2 [13, 64, 12, 7, 58, 31, 82, 43, 94, 49, 14, 9, 6, 5, 56]
58  15  0 [58, 31, 82, 43, 94, 49, 14, 9, 6, 5, 56, 13, 64, 12, 7]
59  15  4 [6, 5, 56, 13, 64, 12, 7, 58, 31, 82, 43, 94, 49, 14, 9]
60  15  1 [12, 7, 58, 31, 82, 43, 94, 49, 14, 9, 6, 5, 56, 13, 64]
61  15  4 [6, 5, 56, 13, 64, 12, 7, 58, 31, 82, 43, 94, 49, 14, 9]
62  15  2 [14, 9, 6, 5, 56, 13, 64, 12, 7, 58, 31, 82, 43, 94, 49]
63  15  1 [13, 64, 12, 7, 58, 31, 82, 43, 94, 49, 14, 9, 6, 5, 56]
64  15  0 [64, 12, 7, 58, 31, 82, 43, 94, 49, 14, 9, 6, 5, 56, 13]
65  15  3 [6, 5, 56, 13, 64, 12, 7, 58, 31, 82, 43, 94, 49, 14, 9]
66  15  3 [6, 5, 56, 13, 64, 12, 7, 58, 31, 82, 43, 94, 49, 14, 9]
67  15  6 [6, 5, 56, 13, 64, 12, 7, 58, 31, 82, 43, 94, 49, 14, 9]
68  15  3 [7, 58, 31, 82, 43, 94, 49, 14, 9, 6, 5, 56, 13, 64, 12]
69  15  4 [6, 5, 56, 13, 64, 12, 7, 58, 31, 82, 43, 94, 49, 14, 9]
70  15  1 [14, 9, 6, 5, 56, 13, 64, 12, 7, 58, 31, 82, 43, 94, 49]
71  15  3 [13, 64, 12, 7, 58, 31, 82, 43, 94, 49, 14, 9, 6, 5, 56]
72  15  1 [12, 7, 58, 31, 82, 43, 94, 49, 14, 9, 6, 5, 56, 13, 64]
73  15  3 [12, 7, 58, 31, 82, 43, 94, 49, 14, 9, 6, 5, 56, 13, 64]
74  15  4 [6, 5, 56, 13, 64, 12, 7, 58, 31, 82, 43, 94, 49, 14, 9]
75  15  1 [13, 64, 12, 7, 58, 31, 82, 43, 94, 49, 14, 9, 6, 5, 56]
76  15  6 [6, 5, 56, 13, 64, 12, 7, 58, 31, 82, 43, 94, 49, 14, 9]
77  15  3 [6, 5, 56, 13, 64, 12, 7, 58, 31, 82, 43, 94, 49, 14, 9]
78  15  3 [6, 5, 56, 13, 64, 12, 7, 58, 31, 82, 43, 94, 49, 14, 9]
79  15  3 [9, 6, 5, 56, 13, 64, 12, 7, 58, 31, 82, 43, 94, 49, 14]
80  15  1 [13, 64, 12, 7, 58, 31, 82, 43, 94, 49, 14, 9, 6, 5, 56]
81  15  1 [12, 7, 58, 31, 82, 43, 94, 49, 14, 9, 6, 5, 56, 13, 64]
82  15  0 [82, 43, 94, 49, 14, 9, 6, 5, 56, 13, 64, 12, 7, 58, 31]
83  15  6 [6, 5, 56, 13, 64, 12, 7, 58, 31, 82, 43, 94, 49, 14, 9]
84  15  1 [14, 9, 6, 5, 56, 13, 64, 12, 7, 58, 31, 82, 43, 94, 49]
85  15  2 [13, 64, 12, 7, 58, 31, 82, 43, 94, 49, 14, 9, 6, 5, 56]
86  15  5 [14, 9, 6, 5, 56, 13, 64, 12, 7, 58, 31, 82, 43, 94, 49]
87  15  3 [7, 58, 31, 82, 43, 94, 49, 14, 9, 6, 5, 56, 13, 64, 12]
88  15  5 [7, 58, 31, 82, 43, 94, 49, 14, 9, 6, 5, 56, 13, 64, 12]
89  15  4 [6, 5, 56, 13, 64, 12, 7, 58, 31, 82, 43, 94, 49, 14, 9]
90  15  1 [13, 64, 12, 7, 58, 31, 82, 43, 94, 49, 14, 9, 6, 5, 56]
91  15  2 [9, 6, 5, 56, 13, 64, 12, 7, 58, 31, 82, 43, 94, 49, 14]
92  15  2 [9, 6, 5, 56, 13, 64, 12, 7, 58, 31, 82, 43, 94, 49, 14]
93  15  4 [14, 9, 6, 5, 56, 13, 64, 12, 7, 58, 31, 82, 43, 94, 49]
94  15  0 [94, 49, 14, 9, 6, 5, 56, 13, 64, 12, 7, 58, 31, 82, 43]
95  15  2 [9, 6, 5, 56, 13, 64, 12, 7, 58, 31, 82, 43, 94, 49, 14]
96  15  1 [13, 64, 12, 7, 58, 31, 82, 43, 94, 49, 14, 9, 6, 5, 56]
97  15  5 [9, 6, 5, 56, 13, 64, 12, 7, 58, 31, 82, 43, 94, 49, 14]
98  15  3 [6, 5, 56, 13, 64, 12, 7, 58, 31, 82, 43, 94, 49, 14, 9]
99  15  5 [7, 58, 31, 82, 43, 94, 49, 14, 9, 6, 5, 56, 13, 64, 12]
100  15  1 [14, 9, 6, 5, 56, 13, 64, 12, 7, 58, 31, 82, 43, 94, 49]
