1,1,0,[1],[0]
2,12,5,[5, 6, 9, 13, 14, 70, 90, 593, 601, 1181, 1189, 1769],[1, 0, 0, 1, 0, 0, 0, 1, 1, 1, 0, 0]
3,12,5,[5, 6, 9, 13, 14, 70, 90, 593, 601, 1181, 1189, 1769],[1, 0, 0, 1, 0, 0, 0, 1, 1, 1, 0, 0]
4,1,0,[4],[0]
5,12,0,[5, 6, 9, 13, 14, 70, 90, 593, 601, 1181, 1189, 1769],[1, 0, 0, 1, 0, 0, 0, 1, 1, 1, 0, 0]
6,12,0,[5, 6, 9, 13, 14, 70, 90, 593, 601, 1181, 1189, 1769],[1, 0, 0, 1, 0, 0, 0, 1, 1, 1, 0, 0]
7,9,0,[7, 10, 25, 29, 46, 246, 595, 617, 1205],[1, 0, 0, 1, 0, 0, 0, 1, 0]
8,12,1,[5, 6, 9, 13, 14, 70, 90, 593, 601, 1181, 1189, 1769],[1, 0, 0, 1, 0, 0, 0, 1, 1, 1, 0, 0]
9,12,0,[5, 6, 9, 13, 14, 70, 90, 593, 601, 1181, 1189, 1769],[1, 0, 0, 1, 0, 0, 0, 1, 1, 1, 0, 0]
10,9,0,[7, 10, 25, 29, 46, 246, 595, 617, 1205],[1, 0, 0, 1, 0, 0, 0, 1, 0]
11,9,6,[7, 10, 25, 29, 46, 246, 595, 617, 1205],[1, 0, 0, 1, 0, 0, 0, 1, 0]
12,9,1,[7, 10, 25, 29, 46, 246, 595, 617, 1205],[1, 0, 0, 1, 0, 0, 0, 1, 0]
13,12,0,[5, 6, 9, 13, 14, 70, 90, 593, 601, 1181, 1189, 1769],[1, 0, 0, 1, 0, 0, 0, 1, 1, 1, 0, 0]
14,12,0,[5, 6, 9, 13, 14, 70, 90, 593, 601, 1181, 1189, 1769],[1, 0, 0, 1, 0, 0, 0, 1, 1, 1, 0, 0]
15,12,2,[5, 6, 9, 13, 14, 70, 90, 593, 601, 1181, 1189, 1769],[1, 0, 0, 1, 0, 0, 0, 1, 1, 1, 0, 0]
16,12,2,[5, 6, 9, 13, 14, 70, 90, 593, 601, 1181, 1189, 1769],[1, 0, 0, 1, 0, 0, 0, 1, 1, 1, 0, 0]
17,12,3,[5, 6, 9, 13, 14, 70, 90, 593, 601, 1181, 1189, 1769],[1, 0, 0, 1, 0, 0, 0, 1, 1, 1, 0, 0]
18,12,2,[5, 6, 9, 13, 14, 70, 90, 593, 601, 1181, 1189, 1769],[1, 0, 0, 1, 0, 0, 0, 1, 1, 1, 0, 0]
19,12,7,[5, 6, 9, 13, 14, 70, 90, 593, 601, 1181, 1189, 1769],[1, 0, 0, 1, 0, 0, 0, 1, 1, 1, 0, 0]
20,12,1,[5, 6, 9, 13, 14, 70, 90, 593, 601, 1181, 1189, 1769],[1, 0, 0, 1, 0, 0, 0, 1, 1, 1, 0, 0]
21,9,1,[7, 10, 25, 29, 46, 246, 595, 617, 1205],[1, 0, 0, 1, 0, 0, 0, 1, 0]
22,12,1,[5, 6, 9, 13, 14, 70, 90, 593, 601, 1181, 1189, 1769],[1, 0, 0, 1, 0, 0, 0, 1, 1, 1, 0, 0]
23,9,4,[7, 10, 25, 29, 46, 246, 595, 617, 1205],[1, 0, 0, 1, 0, 0, 0, 1, 0]
24,12,1,[5, 6, 9, 13, 14, 70, 90, 593, 601, 1181, 1189, 1769],[1, 0, 0, 1, 0, 0, 0, 1, 1, 1, 0, 0]
25,9,0,[7, 10, 25, 29, 46, 246, 595, 617, 1205],[1, 0, 0, 1, 0, 0, 0, 1, 0]
26,12,3,[5, 6, 9, 13, 14, 70, 90, 593, 601, 1181, 1189, 1769],[1, 0, 0, 1, 0, 0, 0, 1, 1, 1, 0, 0]
27,12,1,[5, 6, 9, 13, 14, 70, 90, 593, 601, 1181, 1189, 1769],[1, 0, 0, 1, 0, 0, 0, 1, 1, 1, 0, 0]
28,9,7,[7, 10, 25, 29, 46, 246, 595, 617, 1205],[1, 0, 0, 1, 0, 0, 0, 1, 0]
29,9,0,[7, 10, 25, 29, 46, 246, 595, 617, 1205],[1, 0, 0, 1, 0, 0, 0, 1, 0]
30,9,1,[7, 10, 25, 29, 46, 246, 595, 617, 1205],[1, 0, 0, 1, 0, 0, 0, 1, 0]
31,12,7,[5, 6, 9, 13, 14, 70, 90, 593, 601, 1181, 1189, 1769],[1, 0, 0, 1, 0, 0, 0, 1, 1, 1, 0, 0]
32,9,1,[7, 10, 25, 29, 46, 246, 595, 617, 1205],[1, 0, 0, 1, 0, 0, 0, 1, 0]
33,12,1,[5, 6, 9, 13, 14, 70, 90, 593, 601, 1181, 1189, 1769],[1, 0, 0, 1, 0, 0, 0, 1, 1, 1, 0, 0]
34,12,8,[5, 6, 9, 13, 14, 70, 90, 593, 601, 1181, 1189, 1769],[1, 0, 0, 1, 0, 0, 0, 1, 1, 1, 0, 0]
35,9,2,[7, 10, 25, 29, 46, 246, 595, 617, 1205],[1, 0, 0, 1, 0, 0, 0, 1, 0]
36,9,1,[7, 10, 25, 29, 46, 246, 595, 617, 1205],[1, 0, 0, 1, 0, 0, 0, 1, 0]
37,12,3,[5, 6, 9, 13, 14, 70, 90, 593, 601, 1181, 1189, 1769],[1, 0, 0, 1, 0, 0, 0, 1, 1, 1, 0, 0]
38,9,2,[7, 10, 25, 29, 46, 246, 595, 617, 1205],[1, 0, 0, 1, 0, 0, 0, 1, 0]
39,12,3,[5, 6, 9, 13, 14, 70, 90, 593, 601, 1181, 1189, 1769],[1, 0, 0, 1, 0, 0, 0, 1, 1, 1, 0, 0]
40,9,7,[7, 10, 25, 29, 46, 246, 595, 617, 1205],[1, 0, 0, 1, 0, 0, 0, 1, 0]
41,9,9,[7, 10, 25, 29, 46, 246, 595, 617, 1205],[1, 0, 0, 1, 0, 0, 0, 1, 0]
42,9,2,[7, 10, 25, 29, 46, 246, 595, 617, 1205],[1, 0, 0, 1, 0, 0, 0, 1, 0]
43,9,8,[7, 10, 25, 29, 46, 246, 595, 617, 1205],[1, 0, 0, 1, 0, 0, 0, 1, 0]
44,12,3,[5, 6, 9, 13, 14, 70, 90, 593, 601, 1181, 1189, 1769],[1, 0, 0, 1, 0, 0, 0, 1, 1, 1, 0, 0]
45,9,7,[7, 10, 25, 29, 46, 246, 595, 617, 1205],[1, 0, 0, 1, 0, 0, 0, 1, 0]
46,9,0,[7, 10, 25, 29, 46, 246, 595, 617, 1205],[1, 0, 0, 1, 0, 0, 0, 1, 0]
47,12,5,[5, 6, 9, 13, 14, 70, 90, 593, 601, 1181, 1189, 1769],[1, 0, 0, 1, 0, 0, 0, 1, 1, 1, 0, 0]
48,9,7,[7, 10, 25, 29, 46, 246, 595, 617, 1205],[1, 0, 0, 1, 0, 0, 0, 1, 0]
49,12,1,[5, 6, 9, 13, 14, 70, 90, 593, 601, 1181, 1189, 1769],[1, 0, 0, 1, 0, 0, 0, 1, 1, 1, 0, 0]
50,9,2,[7, 10, 25, 29, 46, 246, 595, 617, 1205],[1, 0, 0, 1, 0, 0, 0, 1, 0]
51,12,2,[5, 6, 9, 13, 14, 70, 90, 593, 601, 1181, 1189, 1769],[1, 0, 0, 1, 0, 0, 0, 1, 1, 1, 0, 0]
52,12,4,[5, 6, 9, 13, 14, 70, 90, 593, 601, 1181, 1189, 1769],[1, 0, 0, 1, 0, 0, 0, 1, 1, 1, 0, 0]
53,12,6,[5, 6, 9, 13, 14, 70, 90, 593, 601, 1181, 1189, 1769],[1, 0, 0, 1, 0, 0, 0, 1, 1, 1, 0, 0]
54,9,7,[7, 10, 25, 29, 46, 246, 595, 617, 1205],[1, 0, 0, 1, 0, 0, 0, 1, 0]
55,12,3,[5, 6, 9, 13, 14, 70, 90, 593, 601, 1181, 1189, 1769],[1, 0, 0, 1, 0, 0, 0, 1, 1, 1, 0, 0]
56,12,1,[5, 6, 9, 13, 14, 70, 90, 593, 601, 1181, 1189, 1769],[1, 0, 0, 1, 0, 0, 0, 1, 1, 1, 0, 0]
57,12,2,[5, 6, 9, 13, 14, 70, 90, 593, 601, 1181, 1189, 1769],[1, 0, 0, 1, 0, 0, 0, 1, 1, 1, 0, 0]
58,12,8,[5, 6, 9, 13, 14, 70, 90, 593, 601, 1181, 1189, 1769],[1, 0, 0, 1, 0, 0, 0, 1, 1, 1, 0, 0]
59,12,6,[5, 6, 9, 13, 14, 70, 90, 593, 601, 1181, 1189, 1769],[1, 0, 0, 1, 0, 0, 0, 1, 1, 1, 0, 0]
60,9,2,[7, 10, 25, 29, 46, 246, 595, 617, 1205],[1, 0, 0, 1, 0, 0, 0, 1, 0]
61,12,2,[5, 6, 9, 13, 14, 70, 90, 593, 601, 1181, 1189, 1769],[1, 0, 0, 1, 0, 0, 0, 1, 1, 1, 0, 0]
62,12,2,[5, 6, 9, 13, 14, 70, 90, 593, 601, 1181, 1189, 1769],[1, 0, 0, 1, 0, 0, 0, 1, 1, 1, 0, 0]
63,12,1,[5, 6, 9, 13, 14, 70, 90, 593, 601, 1181, 1189, 1769],[1, 0, 0, 1, 0, 0, 0, 1, 1, 1, 0, 0]
64,9,2,[7, 10, 25, 29, 46, 246, 595, 617, 1205],[1, 0, 0, 1, 0, 0, 0, 1, 0]
65,12,3,[5, 6, 9, 13, 14, 70, 90, 593, 601, 1181, 1189, 1769],[1, 0, 0, 1, 0, 0, 0, 1, 1, 1, 0, 0]
66,12,3,[5, 6, 9, 13, 14, 70, 90, 593, 601, 1181, 1189, 1769],[1, 0, 0, 1, 0, 0, 0, 1, 1, 1, 0, 0]
67,9,7,[7, 10, 25, 29, 46, 246, 595, 617, 1205],[1, 0, 0, 1, 0, 0, 0, 1, 0]
68,9,2,[7, 10, 25, 29, 46, 246, 595, 617, 1205],[1, 0, 0, 1, 0, 0, 0, 1, 0]
69,12,4,[5, 6, 9, 13, 14, 70, 90, 593, 601, 1181, 1189, 1769],[1, 0, 0, 1, 0, 0, 0, 1, 1, 1, 0, 0]
70,12,0,[5, 6, 9, 13, 14, 70, 90, 593, 601, 1181, 1189, 1769],[1, 0, 0, 1, 0, 0, 0, 1, 1, 1, 0, 0]
71,9,5,[7, 10, 25, 29, 46, 246, 595, 617, 1205],[1, 0, 0, 1, 0, 0, 0, 1, 0]
72,9,2,[7, 10, 25, 29, 46, 246, 595, 617, 1205],[1, 0, 0, 1, 0, 0, 0, 1, 0]
73,12,7,[5, 6, 9, 13, 14, 70, 90, 593, 601, 1181, 1189, 1769],[1, 0, 0, 1, 0, 0, 0, 1, 1, 1, 0, 0]
74,12,4,[5, 6, 9, 13, 14, 70, 90, 593, 601, 1181, 1189, 1769],[1, 0, 0, 1, 0, 0, 0, 1, 1, 1, 0, 0]
75,12,1,[5, 6, 9, 13, 14, 70, 90, 593, 601, 1181, 1189, 1769],[1, 0, 0, 1, 0, 0, 0, 1, 1, 1, 0, 0]
76,9,5,[7, 10, 25, 29, 46, 246, 595, 617, 1205],[1, 0, 0, 1, 0, 0, 0, 1, 0]
77,12,3,[5, 6, 9, 13, 14, 70, 90, 593, 601, 1181, 1189, 1769],[1, 0, 0, 1, 0, 0, 0, 1, 1, 1, 0, 0]
78,12,3,[5, 6, 9, 13, 14, 70, 90, 593, 601, 1181, 1189, 1769],[1, 0, 0, 1, 0, 0, 0, 1, 1, 1, 0, 0]
79,12,6,[5, 6, 9, 13, 14, 70, 90, 593, 601, 1181, 1189, 1769],[1, 0, 0, 1, 0, 0, 0, 1, 1, 1, 0, 0]
80,12,1,[5, 6, 9, 13, 14, 70, 90, 593, 601, 1181, 1189, 1769],[1, 0, 0, 1, 0, 0, 0, 1, 1, 1, 0, 0]
81,9,2,[7, 10, 25, 29, 46, 246, 595, 617, 1205],[1, 0, 0, 1, 0, 0, 0, 1, 0]
82,9,9,[7, 10, 25, 29, 46, 246, 595, 617, 1205],[1, 0, 0, 1, 0, 0, 0, 1, 0]
83,9,4,[7, 10, 25, 29, 46, 246, 595, 617, 1205],[1, 0, 0, 1, 0, 0, 0, 1, 0]
84,12,1,[5, 6, 9, 13, 14, 70, 90, 593, 601, 1181, 1189, 1769],[1, 0, 0, 1, 0, 0, 0, 1, 1, 1, 0, 0]
85,12,2,[5, 6, 9, 13, 14, 70, 90, 593, 601, 1181, 1189, 1769],[1, 0, 0, 1, 0, 0, 0, 1, 1, 1, 0, 0]
86,9,8,[7, 10, 25, 29, 46, 246, 595, 617, 1205],[1, 0, 0, 1, 0, 0, 0, 1, 0]
87,9,2,[7, 10, 25, 29, 46, 246, 595, 617, 1205],[1, 0, 0, 1, 0, 0, 0, 1, 0]
88,12,4,[5, 6, 9, 13, 14, 70, 90, 593, 601, 1181, 1189, 1769],[1, 0, 0, 1, 0, 0, 0, 1, 1, 1, 0, 0]
89,12,6,[5, 6, 9, 13, 14, 70, 90, 593, 601, 1181, 1189, 1769],[1, 0, 0, 1, 0, 0, 0, 1, 1, 1, 0, 0]
90,12,0,[5, 6, 9, 13, 14, 70, 90, 593, 601, 1181, 1189, 1769],[1, 0, 0, 1, 0, 0, 0, 1, 1, 1, 0, 0]
91,12,2,[5, 6, 9, 13, 14, 70, 90, 593, 601, 1181, 1189, 1769],[1, 0, 0, 1, 0, 0, 0, 1, 1, 1, 0, 0]
92,12,2,[5, 6, 9, 13, 14, 70, 90, 593, 601, 1181, 1189, 1769],[1, 0, 0, 1, 0, 0, 0, 1, 1, 1, 0, 0]
93,12,9,[5, 6, 9, 13, 14, 70, 90, 593, 601, 1181, 1189, 1769],[1, 0, 0, 1, 0, 0, 0, 1, 1, 1, 0, 0]
94,12,2,[5, 6, 9, 13, 14, 70, 90, 593, 601, 1181, 1189, 1769],[1, 0, 0, 1, 0, 0, 0, 1, 1, 1, 0, 0]
95,12,2,[5, 6, 9, 13, 14, 70, 90, 593, 601, 1181, 1189, 1769],[1, 0, 0, 1, 0, 0, 0, 1, 1, 1, 0, 0]
96,12,1,[5, 6, 9, 13, 14, 70, 90, 593, 601, 1181, 1189, 1769],[1, 0, 0, 1, 0, 0, 0, 1, 1, 1, 0, 0]
97,12,10,[5, 6, 9, 13, 14, 70, 90, 593, 601, 1181, 1189, 1769],[1, 0, 0, 1, 0, 0, 0, 1, 1, 1, 0, 0]
98,12,3,[5, 6, 9, 13, 14, 70, 90, 593, 601, 1181, 1189, 1769],[1, 0, 0, 1, 0, 0, 0, 1, 1, 1, 0, 0]
99,12,4,[5, 6, 9, 13, 14, 70, 90, 593, 601, 1181, 1189, 1769],[1, 0, 0, 1, 0, 0, 0, 1, 1, 1, 0, 0]
100,12,1,[5, 6, 9, 13, 14, 70, 90, 593, 601, 1181, 1189, 1769],[1, 0, 0, 1, 0, 0, 0, 1, 1, 1, 0, 0]
