1,1,0,[1],[0]
2,12,4,[5, 6, 8, 15, 17, 26, 53, 69, 320, 903, 915, 951],[1, 0, 0, 0, 1, 0, 1, 0, 0, 0, 0, 0]
3,12,5,[5, 6, 8, 15, 17, 26, 53, 69, 320, 903, 915, 951],[1, 0, 0, 0, 1, 0, 1, 0, 0, 0, 0, 0]
4,1,0,[4],[0]
5,12,0,[5, 6, 8, 15, 17, 26, 53, 69, 320, 903, 915, 951],[1, 0, 0, 0, 1, 0, 1, 0, 0, 0, 0, 0]
6,12,0,[5, 6, 8, 15, 17, 26, 53, 69, 320, 903, 915, 951],[1, 0, 0, 0, 1, 0, 1, 0, 0, 0, 0, 0]
7,5,0,[7, 10, 36, 186, 905],[1, 0, 0, 0, 0]
8,12,0,[5, 6, 8, 15, 17, 26, 53, 69, 320, 903, 915, 951],[1, 0, 0, 0, 1, 0, 1, 0, 0, 0, 0, 0]
9,12,1,[5, 6, 8, 15, 17, 26, 53, 69, 320, 903, 915, 951],[1, 0, 0, 0, 1, 0, 1, 0, 0, 0, 0, 0]
10,5,0,[7, 10, 36, 186, 905],[1, 0, 0, 0, 0]
11,5,14,[7, 10, 36, 186, 905],[1, 0, 0, 0, 0]
12,5,1,[7, 10, 36, 186, 905],[1, 0, 0, 0, 0]
13,5,9,[7, 10, 36, 186, 905],[1, 0, 0, 0, 0]
14,12,2,[5, 6, 8, 15, 17, 26, 53, 69, 320, 903, 915, 951],[1, 0, 0, 0, 1, 0, 1, 0, 0, 0, 0, 0]
15,12,0,[5, 6, 8, 15, 17, 26, 53, 69, 320, 903, 915, 951],[1, 0, 0, 0, 1, 0, 1, 0, 0, 0, 0, 0]
16,12,1,[5, 6, 8, 15, 17, 26, 53, 69, 320, 903, 915, 951],[1, 0, 0, 0, 1, 0, 1, 0, 0, 0, 0, 0]
17,12,0,[5, 6, 8, 15, 17, 26, 53, 69, 320, 903, 915, 951],[1, 0, 0, 0, 1, 0, 1, 0, 0, 0, 0, 0]
18,12,1,[5, 6, 8, 15, 17, 26, 53, 69, 320, 903, 915, 951],[1, 0, 0, 0, 1, 0, 1, 0, 0, 0, 0, 0]
19,5,18,[7, 10, 36, 186, 905],[1, 0, 0, 0, 0]
20,12,2,[5, 6, 8, 15, 17, 26, 53, 69, 320, 903, 915, 951],[1, 0, 0, 0, 1, 0, 1, 0, 0, 0, 0, 0]
21,5,1,[7, 10, 36, 186, 905],[1, 0, 0, 0, 0]
22,5,10,[7, 10, 36, 186, 905],[1, 0, 0, 0, 0]
23,5,5,[7, 10, 36, 186, 905],[1, 0, 0, 0, 0]
24,12,2,[5, 6, 8, 15, 17, 26, 53, 69, 320, 903, 915, 951],[1, 0, 0, 0, 1, 0, 1, 0, 0, 0, 0, 0]
25,5,1,[7, 10, 36, 186, 905],[1, 0, 0, 0, 0]
26,12,0,[5, 6, 8, 15, 17, 26, 53, 69, 320, 903, 915, 951],[1, 0, 0, 0, 1, 0, 1, 0, 0, 0, 0, 0]
27,12,2,[5, 6, 8, 15, 17, 26, 53, 69, 320, 903, 915, 951],[1, 0, 0, 0, 1, 0, 1, 0, 0, 0, 0, 0]
28,5,15,[7, 10, 36, 186, 905],[1, 0, 0, 0, 0]
29,5,6,[7, 10, 36, 186, 905],[1, 0, 0, 0, 0]
30,5,1,[7, 10, 36, 186, 905],[1, 0, 0, 0, 0]
31,5,5,[7, 10, 36, 186, 905],[1, 0, 0, 0, 0]
32,5,1,[7, 10, 36, 186, 905],[1, 0, 0, 0, 0]
33,12,3,[5, 6, 8, 15, 17, 26, 53, 69, 320, 903, 915, 951],[1, 0, 0, 0, 1, 0, 1, 0, 0, 0, 0, 0]
34,5,19,[7, 10, 36, 186, 905],[1, 0, 0, 0, 0]
35,5,2,[7, 10, 36, 186, 905],[1, 0, 0, 0, 0]
36,5,0,[7, 10, 36, 186, 905],[1, 0, 0, 0, 0]
37,12,5,[5, 6, 8, 15, 17, 26, 53, 69, 320, 903, 915, 951],[1, 0, 0, 0, 1, 0, 1, 0, 0, 0, 0, 0]
38,5,2,[7, 10, 36, 186, 905],[1, 0, 0, 0, 0]
39,12,2,[5, 6, 8, 15, 17, 26, 53, 69, 320, 903, 915, 951],[1, 0, 0, 0, 1, 0, 1, 0, 0, 0, 0, 0]
40,5,15,[7, 10, 36, 186, 905],[1, 0, 0, 0, 0]
41,5,21,[7, 10, 36, 186, 905],[1, 0, 0, 0, 0]
42,5,2,[7, 10, 36, 186, 905],[1, 0, 0, 0, 0]
43,12,6,[5, 6, 8, 15, 17, 26, 53, 69, 320, 903, 915, 951],[1, 0, 0, 0, 1, 0, 1, 0, 0, 0, 0, 0]
44,12,1,[5, 6, 8, 15, 17, 26, 53, 69, 320, 903, 915, 951],[1, 0, 0, 0, 1, 0, 1, 0, 0, 0, 0, 0]
45,5,15,[7, 10, 36, 186, 905],[1, 0, 0, 0, 0]
46,5,2,[7, 10, 36, 186, 905],[1, 0, 0, 0, 0]
47,5,3,[7, 10, 36, 186, 905],[1, 0, 0, 0, 0]
48,5,15,[7, 10, 36, 186, 905],[1, 0, 0, 0, 0]
49,12,3,[5, 6, 8, 15, 17, 26, 53, 69, 320, 903, 915, 951],[1, 0, 0, 0, 1, 0, 1, 0, 0, 0, 0, 0]
50,5,2,[7, 10, 36, 186, 905],[1, 0, 0, 0, 0]
51,12,3,[5, 6, 8, 15, 17, 26, 53, 69, 320, 903, 915, 951],[1, 0, 0, 0, 1, 0, 1, 0, 0, 0, 0, 0]
52,12,1,[5, 6, 8, 15, 17, 26, 53, 69, 320, 903, 915, 951],[1, 0, 0, 0, 1, 0, 1, 0, 0, 0, 0, 0]
53,12,0,[5, 6, 8, 15, 17, 26, 53, 69, 320, 903, 915, 951],[1, 0, 0, 0, 1, 0, 1, 0, 0, 0, 0, 0]
54,5,15,[7, 10, 36, 186, 905],[1, 0, 0, 0, 0]
55,12,2,[5, 6, 8, 15, 17, 26, 53, 69, 320, 903, 915, 951],[1, 0, 0, 0, 1, 0, 1, 0, 0, 0, 0, 0]
56,5,10,[7, 10, 36, 186, 905],[1, 0, 0, 0, 0]
57,5,11,[7, 10, 36, 186, 905],[1, 0, 0, 0, 0]
58,5,6,[7, 10, 36, 186, 905],[1, 0, 0, 0, 0]
59,12,8,[5, 6, 8, 15, 17, 26, 53, 69, 320, 903, 915, 951],[1, 0, 0, 0, 1, 0, 1, 0, 0, 0, 0, 0]
60,5,2,[7, 10, 36, 186, 905],[1, 0, 0, 0, 0]
61,12,5,[5, 6, 8, 15, 17, 26, 53, 69, 320, 903, 915, 951],[1, 0, 0, 0, 1, 0, 1, 0, 0, 0, 0, 0]
62,12,4,[5, 6, 8, 15, 17, 26, 53, 69, 320, 903, 915, 951],[1, 0, 0, 0, 1, 0, 1, 0, 0, 0, 0, 0]
63,5,10,[7, 10, 36, 186, 905],[1, 0, 0, 0, 0]
64,5,2,[7, 10, 36, 186, 905],[1, 0, 0, 0, 0]
65,12,2,[5, 6, 8, 15, 17, 26, 53, 69, 320, 903, 915, 951],[1, 0, 0, 0, 1, 0, 1, 0, 0, 0, 0, 0]
66,12,2,[5, 6, 8, 15, 17, 26, 53, 69, 320, 903, 915, 951],[1, 0, 0, 0, 1, 0, 1, 0, 0, 0, 0, 0]
67,5,21,[7, 10, 36, 186, 905],[1, 0, 0, 0, 0]
68,5,2,[7, 10, 36, 186, 905],[1, 0, 0, 0, 0]
69,12,0,[5, 6, 8, 15, 17, 26, 53, 69, 320, 903, 915, 951],[1, 0, 0, 0, 1, 0, 1, 0, 0, 0, 0, 0]
70,12,3,[5, 6, 8, 15, 17, 26, 53, 69, 320, 903, 915, 951],[1, 0, 0, 0, 1, 0, 1, 0, 0, 0, 0, 0]
71,12,4,[5, 6, 8, 15, 17, 26, 53, 69, 320, 903, 915, 951],[1, 0, 0, 0, 1, 0, 1, 0, 0, 0, 0, 0]
72,5,2,[7, 10, 36, 186, 905],[1, 0, 0, 0, 0]
73,12,4,[5, 6, 8, 15, 17, 26, 53, 69, 320, 903, 915, 951],[1, 0, 0, 0, 1, 0, 1, 0, 0, 0, 0, 0]
74,12,3,[5, 6, 8, 15, 17, 26, 53, 69, 320, 903, 915, 951],[1, 0, 0, 0, 1, 0, 1, 0, 0, 0, 0, 0]
75,5,10,[7, 10, 36, 186, 905],[1, 0, 0, 0, 0]
76,5,6,[7, 10, 36, 186, 905],[1, 0, 0, 0, 0]
77,12,2,[5, 6, 8, 15, 17, 26, 53, 69, 320, 903, 915, 951],[1, 0, 0, 0, 1, 0, 1, 0, 0, 0, 0, 0]
78,12,2,[5, 6, 8, 15, 17, 26, 53, 69, 320, 903, 915, 951],[1, 0, 0, 0, 1, 0, 1, 0, 0, 0, 0, 0]
79,5,8,[7, 10, 36, 186, 905],[1, 0, 0, 0, 0]
80,5,10,[7, 10, 36, 186, 905],[1, 0, 0, 0, 0]
81,5,2,[7, 10, 36, 186, 905],[1, 0, 0, 0, 0]
82,12,7,[5, 6, 8, 15, 17, 26, 53, 69, 320, 903, 915, 951],[1, 0, 0, 0, 1, 0, 1, 0, 0, 0, 0, 0]
83,5,18,[7, 10, 36, 186, 905],[1, 0, 0, 0, 0]
84,12,3,[5, 6, 8, 15, 17, 26, 53, 69, 320, 903, 915, 951],[1, 0, 0, 0, 1, 0, 1, 0, 0, 0, 0, 0]
85,5,11,[7, 10, 36, 186, 905],[1, 0, 0, 0, 0]
86,5,16,[7, 10, 36, 186, 905],[1, 0, 0, 0, 0]
87,5,2,[7, 10, 36, 186, 905],[1, 0, 0, 0, 0]
88,12,1,[5, 6, 8, 15, 17, 26, 53, 69, 320, 903, 915, 951],[1, 0, 0, 0, 1, 0, 1, 0, 0, 0, 0, 0]
89,5,13,[7, 10, 36, 186, 905],[1, 0, 0, 0, 0]
90,5,10,[7, 10, 36, 186, 905],[1, 0, 0, 0, 0]
91,12,3,[5, 6, 8, 15, 17, 26, 53, 69, 320, 903, 915, 951],[1, 0, 0, 0, 1, 0, 1, 0, 0, 0, 0, 0]
92,12,3,[5, 6, 8, 15, 17, 26, 53, 69, 320, 903, 915, 951],[1, 0, 0, 0, 1, 0, 1, 0, 0, 0, 0, 0]
93,5,20,[7, 10, 36, 186, 905],[1, 0, 0, 0, 0]
94,12,4,[5, 6, 8, 15, 17, 26, 53, 69, 320, 903, 915, 951],[1, 0, 0, 0, 1, 0, 1, 0, 0, 0, 0, 0]
95,12,3,[5, 6, 8, 15, 17, 26, 53, 69, 320, 903, 915, 951],[1, 0, 0, 0, 1, 0, 1, 0, 0, 0, 0, 0]
96,5,10,[7, 10, 36, 186, 905],[1, 0, 0, 0, 0]
97,12,5,[5, 6, 8, 15, 17, 26, 53, 69, 320, 903, 915, 951],[1, 0, 0, 0, 1, 0, 1, 0, 0, 0, 0, 0]
98,12,2,[5, 6, 8, 15, 17, 26, 53, 69, 320, 903, 915, 951],[1, 0, 0, 0, 1, 0, 1, 0, 0, 0, 0, 0]
99,12,1,[5, 6, 8, 15, 17, 26, 53, 69, 320, 903, 915, 951],[1, 0, 0, 0, 1, 0, 1, 0, 0, 0, 0, 0]
100,12,3,[5, 6, 8, 15, 17, 26, 53, 69, 320, 903, 915, 951],[1, 0, 0, 0, 1, 0, 1, 0, 0, 0, 0, 0]
