1  1  0 [1]
2  9  4 [6, 5, 80, 13, 88, 17, 92, 27, 9]
3  9  4 [6, 5, 80, 13, 88, 17, 92, 27, 9]
4  1  0 [4]
5  9  0 [5, 80, 13, 88, 17, 92, 27, 9, 6]
6  9  0 [6, 5, 80, 13, 88, 17, 92, 27, 9]
7  9  10 [6, 5, 80, 13, 88, 17, 92, 27, 9]
8  9  1 [6, 5, 80, 13, 88, 17, 92, 27, 9]
9  9  0 [9, 6, 5, 80, 13, 88, 17, 92, 27]
10  9  11 [6, 5, 80, 13, 88, 17, 92, 27, 9]
11  3  0 [11, 86, 45]
12  9  11 [6, 5, 80, 13, 88, 17, 92, 27, 9]
13  9  0 [13, 88, 17, 92, 27, 9, 6, 5, 80]
14  9  1 [9, 6, 5, 80, 13, 88, 17, 92, 27]
15  9  2 [6, 5, 80, 13, 88, 17, 92, 27, 9]
16  9  2 [6, 5, 80, 13, 88, 17, 92, 27, 9]
17  9  0 [17, 92, 27, 9, 6, 5, 80, 13, 88]
18  9  2 [6, 5, 80, 13, 88, 17, 92, 27, 9]
19  9  4 [9, 6, 5, 80, 13, 88, 17, 92, 27]
20  9  1 [9, 6, 5, 80, 13, 88, 17, 92, 27]
21  9  12 [6, 5, 80, 13, 88, 17, 92, 27, 9]
22  9  1 [13, 88, 17, 92, 27, 9, 6, 5, 80]
23  9  4 [6, 5, 80, 13, 88, 17, 92, 27, 9]
24  9  1 [9, 6, 5, 80, 13, 88, 17, 92, 27]
25  9  12 [6, 5, 80, 13, 88, 17, 92, 27, 9]
26  9  3 [6, 5, 80, 13, 88, 17, 92, 27, 9]
27  9  0 [27, 9, 6, 5, 80, 13, 88, 17, 92]
28  3  1 [11, 86, 45]
29  9  6 [9, 6, 5, 80, 13, 88, 17, 92, 27]
30  9  12 [6, 5, 80, 13, 88, 17, 92, 27, 9]
31  9  5 [6, 5, 80, 13, 88, 17, 92, 27, 9]
32  9  12 [6, 5, 80, 13, 88, 17, 92, 27, 9]
33  9  2 [9, 6, 5, 80, 13, 88, 17, 92, 27]
34  9  5 [9, 6, 5, 80, 13, 88, 17, 92, 27]
35  9  12 [6, 5, 80, 13, 88, 17, 92, 27, 9]
36  9  12 [6, 5, 80, 13, 88, 17, 92, 27, 9]
37  9  4 [6, 5, 80, 13, 88, 17, 92, 27, 9]
38  9  13 [6, 5, 80, 13, 88, 17, 92, 27, 9]
39  9  3 [6, 5, 80, 13, 88, 17, 92, 27, 9]
40  3  1 [11, 86, 45]
41  9  4 [9, 6, 5, 80, 13, 88, 17, 92, 27]
42  9  12 [6, 5, 80, 13, 88, 17, 92, 27, 9]
43  9  8 [6, 5, 80, 13, 88, 17, 92, 27, 9]
44  9  3 [6, 5, 80, 13, 88, 17, 92, 27, 9]
45  3  0 [45, 11, 86]
46  9  13 [6, 5, 80, 13, 88, 17, 92, 27, 9]
47  9  3 [13, 88, 17, 92, 27, 9, 6, 5, 80]
48  3  1 [11, 86, 45]
49  9  2 [9, 6, 5, 80, 13, 88, 17, 92, 27]
50  9  12 [6, 5, 80, 13, 88, 17, 92, 27, 9]
51  9  2 [9, 6, 5, 80, 13, 88, 17, 92, 27]
52  9  1 [17, 92, 27, 9, 6, 5, 80, 13, 88]
53  9  3 [9, 6, 5, 80, 13, 88, 17, 92, 27]
54  3  1 [11, 86, 45]
55  9  3 [6, 5, 80, 13, 88, 17, 92, 27, 9]
56  9  1 [13, 88, 17, 92, 27, 9, 6, 5, 80]
57  9  2 [13, 88, 17, 92, 27, 9, 6, 5, 80]
58  9  6 [6, 5, 80, 13, 88, 17, 92, 27, 9]
59  9  6 [6, 5, 80, 13, 88, 17, 92, 27, 9]
60  9  12 [6, 5, 80, 13, 88, 17, 92, 27, 9]
61  9  6 [6, 5, 80, 13, 88, 17, 92, 27, 9]
62  9  3 [9, 6, 5, 80, 13, 88, 17, 92, 27]
63  9  1 [13, 88, 17, 92, 27, 9, 6, 5, 80]
64  9  12 [6, 5, 80, 13, 88, 17, 92, 27, 9]
65  9  3 [6, 5, 80, 13, 88, 17, 92, 27, 9]
66  9  3 [6, 5, 80, 13, 88, 17, 92, 27, 9]
67  9  8 [9, 6, 5, 80, 13, 88, 17, 92, 27]
68  9  13 [6, 5, 80, 13, 88, 17, 92, 27, 9]
69  9  4 [6, 5, 80, 13, 88, 17, 92, 27, 9]
70  9  2 [9, 6, 5, 80, 13, 88, 17, 92, 27]
71  9  3 [13, 88, 17, 92, 27, 9, 6, 5, 80]
72  9  12 [6, 5, 80, 13, 88, 17, 92, 27, 9]
73  9  6 [9, 6, 5, 80, 13, 88, 17, 92, 27]
74  9  4 [6, 5, 80, 13, 88, 17, 92, 27, 9]
75  9  1 [13, 88, 17, 92, 27, 9, 6, 5, 80]
76  9  5 [6, 5, 80, 13, 88, 17, 92, 27, 9]
77  9  3 [6, 5, 80, 13, 88, 17, 92, 27, 9]
78  9  3 [6, 5, 80, 13, 88, 17, 92, 27, 9]
79  9  3 [9, 6, 5, 80, 13, 88, 17, 92, 27]
80  9  0 [80, 13, 88, 17, 92, 27, 9, 6, 5]
81  9  12 [6, 5, 80, 13, 88, 17, 92, 27, 9]
82  9  9 [6, 5, 80, 13, 88, 17, 92, 27, 9]
83  9  14 [6, 5, 80, 13, 88, 17, 92, 27, 9]
84  9  2 [9, 6, 5, 80, 13, 88, 17, 92, 27]
85  9  2 [13, 88, 17, 92, 27, 9, 6, 5, 80]
86  3  0 [86, 45, 11]
87  9  13 [6, 5, 80, 13, 88, 17, 92, 27, 9]
88  9  0 [88, 17, 92, 27, 9, 6, 5, 80, 13]
89  3  2 [45, 11, 86]
90  9  1 [13, 88, 17, 92, 27, 9, 6, 5, 80]
91  9  2 [9, 6, 5, 80, 13, 88, 17, 92, 27]
92  9  0 [92, 27, 9, 6, 5, 80, 13, 88, 17]
93  9  6 [9, 6, 5, 80, 13, 88, 17, 92, 27]
94  9  3 [9, 6, 5, 80, 13, 88, 17, 92, 27]
95  9  2 [9, 6, 5, 80, 13, 88, 17, 92, 27]
96  9  1 [13, 88, 17, 92, 27, 9, 6, 5, 80]
97  9  5 [13, 88, 17, 92, 27, 9, 6, 5, 80]
98  9  3 [6, 5, 80, 13, 88, 17, 92, 27, 9]
99  9  1 [17, 92, 27, 9, 6, 5, 80, 13, 88]
100  9  2 [9, 6, 5, 80, 13, 88, 17, 92, 27]
