1  1  [1]
2  9  [19, 219, 76, 23, 223, 423, 53, 253, 34]
3  13  [29, 229, 429, 27, 9, 6, 5, 205, 46, 25, 10, 7, 207]
4  1  [4]
5  13  [207, 29, 229, 429, 27, 9, 6, 5, 205, 46, 25, 10, 7]
6  13  [7, 207, 29, 229, 429, 27, 9, 6, 5, 205, 46, 25, 10]
7  13  [9, 6, 5, 205, 46, 25, 10, 7, 207, 29, 229, 429, 27]
8  13  [10, 7, 207, 29, 229, 429, 27, 9, 6, 5, 205, 46, 25]
9  13  [10, 7, 207, 29, 229, 429, 27, 9, 6, 5, 205, 46, 25]
10  13  [27, 9, 6, 5, 205, 46, 25, 10, 7, 207, 29, 229, 429]
11  13  [6, 5, 205, 46, 25, 10, 7, 207, 29, 229, 429, 27, 9]
12  13  [27, 9, 6, 5, 205, 46, 25, 10, 7, 207, 29, 229, 429]
13  13  [6, 5, 205, 46, 25, 10, 7, 207, 29, 229, 429, 27, 9]
14  13  [25, 10, 7, 207, 29, 229, 429, 27, 9, 6, 5, 205, 46]
15  13  [25, 10, 7, 207, 29, 229, 429, 27, 9, 6, 5, 205, 46]
16  13  [25, 10, 7, 207, 29, 229, 429, 27, 9, 6, 5, 205, 46]
17  13  [207, 29, 229, 429, 27, 9, 6, 5, 205, 46, 25, 10, 7]
18  13  [25, 10, 7, 207, 29, 229, 429, 27, 9, 6, 5, 205, 46]
19  9  [423, 53, 253, 34, 19, 219, 76, 23, 223]
20  13  [25, 10, 7, 207, 29, 229, 429, 27, 9, 6, 5, 205, 46]
21  13  [429, 27, 9, 6, 5, 205, 46, 25, 10, 7, 207, 29, 229]
22  13  [9, 6, 5, 205, 46, 25, 10, 7, 207, 29, 229, 429, 27]
23  9  [34, 19, 219, 76, 23, 223, 423, 53, 253]
24  13  [25, 10, 7, 207, 29, 229, 429, 27, 9, 6, 5, 205, 46]
25  13  [429, 27, 9, 6, 5, 205, 46, 25, 10, 7, 207, 29, 229]
26  13  [46, 25, 10, 7, 207, 29, 229, 429, 27, 9, 6, 5, 205]
27  13  [25, 10, 7, 207, 29, 229, 429, 27, 9, 6, 5, 205, 46]
28  13  [9, 6, 5, 205, 46, 25, 10, 7, 207, 29, 229, 429, 27]
29  13  [5, 205, 46, 25, 10, 7, 207, 29, 229, 429, 27, 9, 6]
30  13  [429, 27, 9, 6, 5, 205, 46, 25, 10, 7, 207, 29, 229]
31  13  [29, 229, 429, 27, 9, 6, 5, 205, 46, 25, 10, 7, 207]
32  13  [429, 27, 9, 6, 5, 205, 46, 25, 10, 7, 207, 29, 229]
33  13  [46, 25, 10, 7, 207, 29, 229, 429, 27, 9, 6, 5, 205]
34  9  [223, 423, 53, 253, 34, 19, 219, 76, 23]
35  13  [429, 27, 9, 6, 5, 205, 46, 25, 10, 7, 207, 29, 229]
36  13  [429, 27, 9, 6, 5, 205, 46, 25, 10, 7, 207, 29, 229]
37  13  [9, 6, 5, 205, 46, 25, 10, 7, 207, 29, 229, 429, 27]
38  13  [229, 429, 27, 9, 6, 5, 205, 46, 25, 10, 7, 207, 29]
39  13  [46, 25, 10, 7, 207, 29, 229, 429, 27, 9, 6, 5, 205]
40  13  [9, 6, 5, 205, 46, 25, 10, 7, 207, 29, 229, 429, 27]
41  13  [5, 205, 46, 25, 10, 7, 207, 29, 229, 429, 27, 9, 6]
42  13  [429, 27, 9, 6, 5, 205, 46, 25, 10, 7, 207, 29, 229]
43  13  [205, 46, 25, 10, 7, 207, 29, 229, 429, 27, 9, 6, 5]
44  13  [46, 25, 10, 7, 207, 29, 229, 429, 27, 9, 6, 5, 205]
45  13  [9, 6, 5, 205, 46, 25, 10, 7, 207, 29, 229, 429, 27]
46  13  [229, 429, 27, 9, 6, 5, 205, 46, 25, 10, 7, 207, 29]
47  13  [29, 229, 429, 27, 9, 6, 5, 205, 46, 25, 10, 7, 207]
48  13  [9, 6, 5, 205, 46, 25, 10, 7, 207, 29, 229, 429, 27]
49  13  [46, 25, 10, 7, 207, 29, 229, 429, 27, 9, 6, 5, 205]
50  13  [429, 27, 9, 6, 5, 205, 46, 25, 10, 7, 207, 29, 229]
51  13  [46, 25, 10, 7, 207, 29, 229, 429, 27, 9, 6, 5, 205]
52  13  [7, 207, 29, 229, 429, 27, 9, 6, 5, 205, 46, 25, 10]
53  9  [76, 23, 223, 423, 53, 253, 34, 19, 219]
54  13  [9, 6, 5, 205, 46, 25, 10, 7, 207, 29, 229, 429, 27]
55  13  [46, 25, 10, 7, 207, 29, 229, 429, 27, 9, 6, 5, 205]
56  13  [9, 6, 5, 205, 46, 25, 10, 7, 207, 29, 229, 429, 27]
57  13  [27, 9, 6, 5, 205, 46, 25, 10, 7, 207, 29, 229, 429]
58  13  [207, 29, 229, 429, 27, 9, 6, 5, 205, 46, 25, 10, 7]
59  13  [5, 205, 46, 25, 10, 7, 207, 29, 229, 429, 27, 9, 6]
60  13  [429, 27, 9, 6, 5, 205, 46, 25, 10, 7, 207, 29, 229]
61  13  [29, 229, 429, 27, 9, 6, 5, 205, 46, 25, 10, 7, 207]
62  13  [205, 46, 25, 10, 7, 207, 29, 229, 429, 27, 9, 6, 5]
63  13  [9, 6, 5, 205, 46, 25, 10, 7, 207, 29, 229, 429, 27]
64  13  [429, 27, 9, 6, 5, 205, 46, 25, 10, 7, 207, 29, 229]
65  13  [46, 25, 10, 7, 207, 29, 229, 429, 27, 9, 6, 5, 205]
66  13  [46, 25, 10, 7, 207, 29, 229, 429, 27, 9, 6, 5, 205]
67  13  [5, 205, 46, 25, 10, 7, 207, 29, 229, 429, 27, 9, 6]
68  13  [229, 429, 27, 9, 6, 5, 205, 46, 25, 10, 7, 207, 29]
69  13  [205, 46, 25, 10, 7, 207, 29, 229, 429, 27, 9, 6, 5]
70  13  [46, 25, 10, 7, 207, 29, 229, 429, 27, 9, 6, 5, 205]
71  13  [6, 5, 205, 46, 25, 10, 7, 207, 29, 229, 429, 27, 9]
72  13  [429, 27, 9, 6, 5, 205, 46, 25, 10, 7, 207, 29, 229]
73  9  [53, 253, 34, 19, 219, 76, 23, 223, 423]
74  13  [205, 46, 25, 10, 7, 207, 29, 229, 429, 27, 9, 6, 5]
75  13  [9, 6, 5, 205, 46, 25, 10, 7, 207, 29, 229, 429, 27]
76  9  [253, 34, 19, 219, 76, 23, 223, 423, 53]
77  13  [46, 25, 10, 7, 207, 29, 229, 429, 27, 9, 6, 5, 205]
78  13  [46, 25, 10, 7, 207, 29, 229, 429, 27, 9, 6, 5, 205]
79  13  [429, 27, 9, 6, 5, 205, 46, 25, 10, 7, 207, 29, 229]
80  13  [9, 6, 5, 205, 46, 25, 10, 7, 207, 29, 229, 429, 27]
81  13  [429, 27, 9, 6, 5, 205, 46, 25, 10, 7, 207, 29, 229]
82  13  [5, 205, 46, 25, 10, 7, 207, 29, 229, 429, 27, 9, 6]
83  13  [6, 5, 205, 46, 25, 10, 7, 207, 29, 229, 429, 27, 9]
84  13  [46, 25, 10, 7, 207, 29, 229, 429, 27, 9, 6, 5, 205]
85  13  [27, 9, 6, 5, 205, 46, 25, 10, 7, 207, 29, 229, 429]
86  13  [27, 9, 6, 5, 205, 46, 25, 10, 7, 207, 29, 229, 429]
87  13  [229, 429, 27, 9, 6, 5, 205, 46, 25, 10, 7, 207, 29]
88  13  [7, 207, 29, 229, 429, 27, 9, 6, 5, 205, 46, 25, 10]
89  9  [76, 23, 223, 423, 53, 253, 34, 19, 219]
90  13  [9, 6, 5, 205, 46, 25, 10, 7, 207, 29, 229, 429, 27]
91  13  [46, 25, 10, 7, 207, 29, 229, 429, 27, 9, 6, 5, 205]
92  13  [46, 25, 10, 7, 207, 29, 229, 429, 27, 9, 6, 5, 205]
93  9  [23, 223, 423, 53, 253, 34, 19, 219, 76]
94  13  [205, 46, 25, 10, 7, 207, 29, 229, 429, 27, 9, 6, 5]
95  13  [46, 25, 10, 7, 207, 29, 229, 429, 27, 9, 6, 5, 205]
96  13  [9, 6, 5, 205, 46, 25, 10, 7, 207, 29, 229, 429, 27]
97  13  [205, 46, 25, 10, 7, 207, 29, 229, 429, 27, 9, 6, 5]
98  13  [46, 25, 10, 7, 207, 29, 229, 429, 27, 9, 6, 5, 205]
99  13  [7, 207, 29, 229, 429, 27, 9, 6, 5, 205, 46, 25, 10]
100  13  [46, 25, 10, 7, 207, 29, 229, 429, 27, 9, 6, 5, 205]
101  13  [29, 229, 429, 27, 9, 6, 5, 205, 46, 25, 10, 7, 207]
102  13  [27, 9, 6, 5, 205, 46, 25, 10, 7, 207, 29, 229, 429]
103  9  [76, 23, 223, 423, 53, 253, 34, 19, 219]
104  9  [223, 423, 53, 253, 34, 19, 219, 76, 23]
