1  1  [1]
2  4  [5, 27, 9, 6]
3  4  [6, 5, 27, 9]
4  1  [4]
5  4  [5, 27, 9, 6]
6  4  [6, 5, 27, 9]
7  4  [9, 6, 5, 27]
8  4  [9, 6, 5, 27]
9  4  [9, 6, 5, 27]
10  4  [27, 9, 6, 5]
11  4  [6, 5, 27, 9]
12  4  [27, 9, 6, 5]
13  4  [6, 5, 27, 9]
14  4  [27, 9, 6, 5]
15  4  [27, 9, 6, 5]
16  4  [27, 9, 6, 5]
17  4  [6, 5, 27, 9]
18  4  [27, 9, 6, 5]
19  4  [5, 27, 9, 6]
20  4  [27, 9, 6, 5]
21  4  [5, 27, 9, 6]
22  4  [9, 6, 5, 27]
23  4  [27, 9, 6, 5]
24  4  [27, 9, 6, 5]
25  4  [5, 27, 9, 6]
26  4  [5, 27, 9, 6]
27  4  [27, 9, 6, 5]
28  4  [9, 6, 5, 27]
29  4  [6, 5, 27, 9]
30  4  [5, 27, 9, 6]
31  4  [5, 27, 9, 6]
32  4  [5, 27, 9, 6]
33  4  [5, 27, 9, 6]
34  4  [6, 5, 27, 9]
35  4  [5, 27, 9, 6]
36  4  [5, 27, 9, 6]
37  4  [9, 6, 5, 27]
38  4  [6, 5, 27, 9]
39  4  [5, 27, 9, 6]
40  4  [9, 6, 5, 27]
41  4  [27, 9, 6, 5]
42  4  [5, 27, 9, 6]
43  4  [6, 5, 27, 9]
44  4  [5, 27, 9, 6]
45  4  [9, 6, 5, 27]
46  4  [6, 5, 27, 9]
47  4  [9, 6, 5, 27]
48  4  [9, 6, 5, 27]
49  4  [5, 27, 9, 6]
50  4  [5, 27, 9, 6]
51  4  [5, 27, 9, 6]
52  4  [9, 6, 5, 27]
53  4  [27, 9, 6, 5]
54  4  [9, 6, 5, 27]
55  4  [5, 27, 9, 6]
56  4  [9, 6, 5, 27]
57  4  [27, 9, 6, 5]
58  4  [6, 5, 27, 9]
59  4  [6, 5, 27, 9]
60  4  [5, 27, 9, 6]
61  4  [9, 6, 5, 27]
62  4  [6, 5, 27, 9]
63  4  [9, 6, 5, 27]
64  4  [5, 27, 9, 6]
65  4  [5, 27, 9, 6]
66  4  [5, 27, 9, 6]
67  4  [6, 5, 27, 9]
68  4  [6, 5, 27, 9]
69  4  [6, 5, 27, 9]
70  4  [5, 27, 9, 6]
71  4  [27, 9, 6, 5]
72  4  [5, 27, 9, 6]
73  4  [6, 5, 27, 9]
74  4  [6, 5, 27, 9]
75  4  [9, 6, 5, 27]
76  4  [5, 27, 9, 6]
77  4  [5, 27, 9, 6]
78  4  [5, 27, 9, 6]
79  4  [27, 9, 6, 5]
80  4  [9, 6, 5, 27]
81  4  [5, 27, 9, 6]
82  4  [9, 6, 5, 27]
83  4  [6, 5, 27, 9]
84  4  [5, 27, 9, 6]
85  4  [27, 9, 6, 5]
86  4  [27, 9, 6, 5]
87  4  [6, 5, 27, 9]
88  4  [9, 6, 5, 27]
89  4  [5, 27, 9, 6]
90  4  [9, 6, 5, 27]
91  4  [5, 27, 9, 6]
92  4  [5, 27, 9, 6]
93  4  [9, 6, 5, 27]
94  4  [6, 5, 27, 9]
95  4  [5, 27, 9, 6]
96  4  [9, 6, 5, 27]
97  4  [6, 5, 27, 9]
98  4  [5, 27, 9, 6]
99  4  [9, 6, 5, 27]
100  4  [5, 27, 9, 6]
101  4  [9, 6, 5, 27]
102  4  [27, 9, 6, 5]
103  4  [6, 5, 27, 9]
104  4  [6, 5, 27, 9]
