1  1  [1, 1, 1, 1, 1, 1, 1, 1, 1, 1, 1, 1, 1, 1, 1, 1, 1, 1, 1]
2  9  [60, 12, 7, 62, 33, 14, 9, 6, 5, 60, 12, 7, 62, 33, 14, 9, 6, 5, 60]
3  9  [62, 33, 14, 9, 6, 5, 60, 12, 7, 62, 33, 14, 9, 6, 5, 60, 12, 7, 62]
4  1  [4, 4, 4, 4, 4, 4, 4, 4, 4, 4, 4, 4, 4, 4, 4, 4, 4, 4, 4]
5  9  [33, 14, 9, 6, 5, 60, 12, 7, 62, 33, 14, 9, 6, 5, 60, 12, 7, 62, 33]
6  9  [62, 33, 14, 9, 6, 5, 60, 12, 7, 62, 33, 14, 9, 6, 5, 60, 12, 7, 62]
7  9  [6, 5, 60, 12, 7, 62, 33, 14, 9, 6, 5, 60, 12, 7, 62, 33, 14, 9, 6]
8  9  [7, 62, 33, 14, 9, 6, 5, 60, 12, 7, 62, 33, 14, 9, 6, 5, 60, 12, 7]
9  9  [7, 62, 33, 14, 9, 6, 5, 60, 12, 7, 62, 33, 14, 9, 6, 5, 60, 12, 7]
10  9  [9, 6, 5, 60, 12, 7, 62, 33, 14, 9, 6, 5, 60, 12, 7, 62, 33, 14, 9]
11  9  [5, 60, 12, 7, 62, 33, 14, 9, 6, 5, 60, 12, 7, 62, 33, 14, 9, 6, 5]
12  9  [9, 6, 5, 60, 12, 7, 62, 33, 14, 9, 6, 5, 60, 12, 7, 62, 33, 14, 9]
13  9  [62, 33, 14, 9, 6, 5, 60, 12, 7, 62, 33, 14, 9, 6, 5, 60, 12, 7, 62]
14  9  [12, 7, 62, 33, 14, 9, 6, 5, 60, 12, 7, 62, 33, 14, 9, 6, 5, 60, 12]
15  9  [12, 7, 62, 33, 14, 9, 6, 5, 60, 12, 7, 62, 33, 14, 9, 6, 5, 60, 12]
16  9  [12, 7, 62, 33, 14, 9, 6, 5, 60, 12, 7, 62, 33, 14, 9, 6, 5, 60, 12]
17  9  [33, 14, 9, 6, 5, 60, 12, 7, 62, 33, 14, 9, 6, 5, 60, 12, 7, 62, 33]
18  9  [12, 7, 62, 33, 14, 9, 6, 5, 60, 12, 7, 62, 33, 14, 9, 6, 5, 60, 12]
19  9  [6, 5, 60, 12, 7, 62, 33, 14, 9, 6, 5, 60, 12, 7, 62, 33, 14, 9, 6]
20  9  [12, 7, 62, 33, 14, 9, 6, 5, 60, 12, 7, 62, 33, 14, 9, 6, 5, 60, 12]
21  9  [14, 9, 6, 5, 60, 12, 7, 62, 33, 14, 9, 6, 5, 60, 12, 7, 62, 33, 14]
22  9  [7, 62, 33, 14, 9, 6, 5, 60, 12, 7, 62, 33, 14, 9, 6, 5, 60, 12, 7]
23  9  [5, 60, 12, 7, 62, 33, 14, 9, 6, 5, 60, 12, 7, 62, 33, 14, 9, 6, 5]
24  9  [12, 7, 62, 33, 14, 9, 6, 5, 60, 12, 7, 62, 33, 14, 9, 6, 5, 60, 12]
25  9  [14, 9, 6, 5, 60, 12, 7, 62, 33, 14, 9, 6, 5, 60, 12, 7, 62, 33, 14]
26  9  [60, 12, 7, 62, 33, 14, 9, 6, 5, 60, 12, 7, 62, 33, 14, 9, 6, 5, 60]
27  9  [12, 7, 62, 33, 14, 9, 6, 5, 60, 12, 7, 62, 33, 14, 9, 6, 5, 60, 12]
28  9  [6, 5, 60, 12, 7, 62, 33, 14, 9, 6, 5, 60, 12, 7, 62, 33, 14, 9, 6]
29  9  [5, 60, 12, 7, 62, 33, 14, 9, 6, 5, 60, 12, 7, 62, 33, 14, 9, 6, 5]
30  9  [14, 9, 6, 5, 60, 12, 7, 62, 33, 14, 9, 6, 5, 60, 12, 7, 62, 33, 14]
31  9  [14, 9, 6, 5, 60, 12, 7, 62, 33, 14, 9, 6, 5, 60, 12, 7, 62, 33, 14]
32  9  [14, 9, 6, 5, 60, 12, 7, 62, 33, 14, 9, 6, 5, 60, 12, 7, 62, 33, 14]
33  9  [60, 12, 7, 62, 33, 14, 9, 6, 5, 60, 12, 7, 62, 33, 14, 9, 6, 5, 60]
34  9  [9, 6, 5, 60, 12, 7, 62, 33, 14, 9, 6, 5, 60, 12, 7, 62, 33, 14, 9]
35  9  [14, 9, 6, 5, 60, 12, 7, 62, 33, 14, 9, 6, 5, 60, 12, 7, 62, 33, 14]
36  9  [14, 9, 6, 5, 60, 12, 7, 62, 33, 14, 9, 6, 5, 60, 12, 7, 62, 33, 14]
37  9  [5, 60, 12, 7, 62, 33, 14, 9, 6, 5, 60, 12, 7, 62, 33, 14, 9, 6, 5]
38  9  [33, 14, 9, 6, 5, 60, 12, 7, 62, 33, 14, 9, 6, 5, 60, 12, 7, 62, 33]
39  9  [60, 12, 7, 62, 33, 14, 9, 6, 5, 60, 12, 7, 62, 33, 14, 9, 6, 5, 60]
40  9  [6, 5, 60, 12, 7, 62, 33, 14, 9, 6, 5, 60, 12, 7, 62, 33, 14, 9, 6]
41  9  [12, 7, 62, 33, 14, 9, 6, 5, 60, 12, 7, 62, 33, 14, 9, 6, 5, 60, 12]
42  9  [14, 9, 6, 5, 60, 12, 7, 62, 33, 14, 9, 6, 5, 60, 12, 7, 62, 33, 14]
43  9  [5, 60, 12, 7, 62, 33, 14, 9, 6, 5, 60, 12, 7, 62, 33, 14, 9, 6, 5]
44  9  [60, 12, 7, 62, 33, 14, 9, 6, 5, 60, 12, 7, 62, 33, 14, 9, 6, 5, 60]
45  9  [6, 5, 60, 12, 7, 62, 33, 14, 9, 6, 5, 60, 12, 7, 62, 33, 14, 9, 6]
46  9  [33, 14, 9, 6, 5, 60, 12, 7, 62, 33, 14, 9, 6, 5, 60, 12, 7, 62, 33]
47  9  [60, 12, 7, 62, 33, 14, 9, 6, 5, 60, 12, 7, 62, 33, 14, 9, 6, 5, 60]
48  9  [6, 5, 60, 12, 7, 62, 33, 14, 9, 6, 5, 60, 12, 7, 62, 33, 14, 9, 6]
49  9  [60, 12, 7, 62, 33, 14, 9, 6, 5, 60, 12, 7, 62, 33, 14, 9, 6, 5, 60]
50  9  [14, 9, 6, 5, 60, 12, 7, 62, 33, 14, 9, 6, 5, 60, 12, 7, 62, 33, 14]
51  9  [60, 12, 7, 62, 33, 14, 9, 6, 5, 60, 12, 7, 62, 33, 14, 9, 6, 5, 60]
52  9  [62, 33, 14, 9, 6, 5, 60, 12, 7, 62, 33, 14, 9, 6, 5, 60, 12, 7, 62]
53  9  [12, 7, 62, 33, 14, 9, 6, 5, 60, 12, 7, 62, 33, 14, 9, 6, 5, 60, 12]
54  9  [6, 5, 60, 12, 7, 62, 33, 14, 9, 6, 5, 60, 12, 7, 62, 33, 14, 9, 6]
55  9  [60, 12, 7, 62, 33, 14, 9, 6, 5, 60, 12, 7, 62, 33, 14, 9, 6, 5, 60]
56  9  [7, 62, 33, 14, 9, 6, 5, 60, 12, 7, 62, 33, 14, 9, 6, 5, 60, 12, 7]
57  9  [12, 7, 62, 33, 14, 9, 6, 5, 60, 12, 7, 62, 33, 14, 9, 6, 5, 60, 12]
58  9  [33, 14, 9, 6, 5, 60, 12, 7, 62, 33, 14, 9, 6, 5, 60, 12, 7, 62, 33]
59  9  [5, 60, 12, 7, 62, 33, 14, 9, 6, 5, 60, 12, 7, 62, 33, 14, 9, 6, 5]
60  9  [14, 9, 6, 5, 60, 12, 7, 62, 33, 14, 9, 6, 5, 60, 12, 7, 62, 33, 14]
61  9  [6, 5, 60, 12, 7, 62, 33, 14, 9, 6, 5, 60, 12, 7, 62, 33, 14, 9, 6]
62  9  [5, 60, 12, 7, 62, 33, 14, 9, 6, 5, 60, 12, 7, 62, 33, 14, 9, 6, 5]
63  9  [7, 62, 33, 14, 9, 6, 5, 60, 12, 7, 62, 33, 14, 9, 6, 5, 60, 12, 7]
64  9  [14, 9, 6, 5, 60, 12, 7, 62, 33, 14, 9, 6, 5, 60, 12, 7, 62, 33, 14]
65  9  [60, 12, 7, 62, 33, 14, 9, 6, 5, 60, 12, 7, 62, 33, 14, 9, 6, 5, 60]
66  9  [60, 12, 7, 62, 33, 14, 9, 6, 5, 60, 12, 7, 62, 33, 14, 9, 6, 5, 60]
67  9  [60, 12, 7, 62, 33, 14, 9, 6, 5, 60, 12, 7, 62, 33, 14, 9, 6, 5, 60]
68  9  [33, 14, 9, 6, 5, 60, 12, 7, 62, 33, 14, 9, 6, 5, 60, 12, 7, 62, 33]
69  9  [5, 60, 12, 7, 62, 33, 14, 9, 6, 5, 60, 12, 7, 62, 33, 14, 9, 6, 5]
70  9  [60, 12, 7, 62, 33, 14, 9, 6, 5, 60, 12, 7, 62, 33, 14, 9, 6, 5, 60]
71  9  [5, 60, 12, 7, 62, 33, 14, 9, 6, 5, 60, 12, 7, 62, 33, 14, 9, 6, 5]
72  9  [14, 9, 6, 5, 60, 12, 7, 62, 33, 14, 9, 6, 5, 60, 12, 7, 62, 33, 14]
73  9  [5, 60, 12, 7, 62, 33, 14, 9, 6, 5, 60, 12, 7, 62, 33, 14, 9, 6, 5]
74  9  [5, 60, 12, 7, 62, 33, 14, 9, 6, 5, 60, 12, 7, 62, 33, 14, 9, 6, 5]
75  9  [7, 62, 33, 14, 9, 6, 5, 60, 12, 7, 62, 33, 14, 9, 6, 5, 60, 12, 7]
76  9  [6, 5, 60, 12, 7, 62, 33, 14, 9, 6, 5, 60, 12, 7, 62, 33, 14, 9, 6]
77  9  [60, 12, 7, 62, 33, 14, 9, 6, 5, 60, 12, 7, 62, 33, 14, 9, 6, 5, 60]
78  9  [60, 12, 7, 62, 33, 14, 9, 6, 5, 60, 12, 7, 62, 33, 14, 9, 6, 5, 60]
79  9  [9, 6, 5, 60, 12, 7, 62, 33, 14, 9, 6, 5, 60, 12, 7, 62, 33, 14, 9]
80  9  [7, 62, 33, 14, 9, 6, 5, 60, 12, 7, 62, 33, 14, 9, 6, 5, 60, 12, 7]
81  9  [14, 9, 6, 5, 60, 12, 7, 62, 33, 14, 9, 6, 5, 60, 12, 7, 62, 33, 14]
82  9  [6, 5, 60, 12, 7, 62, 33, 14, 9, 6, 5, 60, 12, 7, 62, 33, 14, 9, 6]
83  9  [14, 9, 6, 5, 60, 12, 7, 62, 33, 14, 9, 6, 5, 60, 12, 7, 62, 33, 14]
84  9  [60, 12, 7, 62, 33, 14, 9, 6, 5, 60, 12, 7, 62, 33, 14, 9, 6, 5, 60]
85  9  [12, 7, 62, 33, 14, 9, 6, 5, 60, 12, 7, 62, 33, 14, 9, 6, 5, 60, 12]
86  9  [9, 6, 5, 60, 12, 7, 62, 33, 14, 9, 6, 5, 60, 12, 7, 62, 33, 14, 9]
87  9  [33, 14, 9, 6, 5, 60, 12, 7, 62, 33, 14, 9, 6, 5, 60, 12, 7, 62, 33]
88  9  [62, 33, 14, 9, 6, 5, 60, 12, 7, 62, 33, 14, 9, 6, 5, 60, 12, 7, 62]
89  9  [5, 60, 12, 7, 62, 33, 14, 9, 6, 5, 60, 12, 7, 62, 33, 14, 9, 6, 5]
90  9  [7, 62, 33, 14, 9, 6, 5, 60, 12, 7, 62, 33, 14, 9, 6, 5, 60, 12, 7]
91  9  [60, 12, 7, 62, 33, 14, 9, 6, 5, 60, 12, 7, 62, 33, 14, 9, 6, 5, 60]
92  9  [60, 12, 7, 62, 33, 14, 9, 6, 5, 60, 12, 7, 62, 33, 14, 9, 6, 5, 60]
93  9  [14, 9, 6, 5, 60, 12, 7, 62, 33, 14, 9, 6, 5, 60, 12, 7, 62, 33, 14]
94  9  [5, 60, 12, 7, 62, 33, 14, 9, 6, 5, 60, 12, 7, 62, 33, 14, 9, 6, 5]
95  9  [60, 12, 7, 62, 33, 14, 9, 6, 5, 60, 12, 7, 62, 33, 14, 9, 6, 5, 60]
96  9  [7, 62, 33, 14, 9, 6, 5, 60, 12, 7, 62, 33, 14, 9, 6, 5, 60, 12, 7]
97  9  [62, 33, 14, 9, 6, 5, 60, 12, 7, 62, 33, 14, 9, 6, 5, 60, 12, 7, 62]
98  9  [60, 12, 7, 62, 33, 14, 9, 6, 5, 60, 12, 7, 62, 33, 14, 9, 6, 5, 60]
99  9  [62, 33, 14, 9, 6, 5, 60, 12, 7, 62, 33, 14, 9, 6, 5, 60, 12, 7, 62]
100  9  [60, 12, 7, 62, 33, 14, 9, 6, 5, 60, 12, 7, 62, 33, 14, 9, 6, 5, 60]
101  9  [5, 60, 12, 7, 62, 33, 14, 9, 6, 5, 60, 12, 7, 62, 33, 14, 9, 6, 5]
102  9  [12, 7, 62, 33, 14, 9, 6, 5, 60, 12, 7, 62, 33, 14, 9, 6, 5, 60, 12]
103  9  [62, 33, 14, 9, 6, 5, 60, 12, 7, 62, 33, 14, 9, 6, 5, 60, 12, 7, 62]
104  9  [9, 6, 5, 60, 12, 7, 62, 33, 14, 9, 6, 5, 60, 12, 7, 62, 33, 14, 9]
