1,1,0,[1]
2,3,19,[470, 54, 11]
3,8,13,[6, 5, 464, 37, 496, 39, 16, 8]
4,1,0,[4]
5,8,7,[464, 37, 496, 39, 16, 8, 6, 5]
6,8,7,[5, 464, 37, 496, 39, 16, 8, 6]
7,3,9,[470, 54, 11]
8,8,7,[6, 5, 464, 37, 496, 39, 16, 8]
9,8,8,[5, 464, 37, 496, 39, 16, 8, 6]
10,3,10,[470, 54, 11]
11,3,2,[470, 54, 11]
12,3,10,[470, 54, 11]
13,8,11,[6, 5, 464, 37, 496, 39, 16, 8]
14,8,9,[5, 464, 37, 496, 39, 16, 8, 6]
15,8,8,[6, 5, 464, 37, 496, 39, 16, 8]
16,8,7,[8, 6, 5, 464, 37, 496, 39, 16]
17,3,5,[470, 54, 11]
18,8,8,[6, 5, 464, 37, 496, 39, 16, 8]
19,3,15,[470, 54, 11]
20,8,9,[5, 464, 37, 496, 39, 16, 8, 6]
21,3,11,[470, 54, 11]
22,8,12,[6, 5, 464, 37, 496, 39, 16, 8]
23,8,11,[6, 5, 464, 37, 496, 39, 16, 8]
24,8,9,[5, 464, 37, 496, 39, 16, 8, 6]
25,3,11,[470, 54, 11]
26,8,9,[6, 5, 464, 37, 496, 39, 16, 8]
27,8,9,[5, 464, 37, 496, 39, 16, 8, 6]
28,3,3,[470, 54, 11]
29,3,19,[470, 54, 11]
30,3,11,[470, 54, 11]
31,3,13,[470, 54, 11]
32,3,11,[470, 54, 11]
33,8,10,[5, 464, 37, 496, 39, 16, 8, 6]
34,3,16,[470, 54, 11]
35,3,11,[470, 54, 11]
36,3,11,[470, 54, 11]
37,8,7,[496, 39, 16, 8, 6, 5, 464, 37]
38,3,12,[470, 54, 11]
39,8,7,[16, 8, 6, 5, 464, 37, 496, 39]
40,3,3,[470, 54, 11]
41,3,17,[470, 54, 11]
42,3,11,[470, 54, 11]
43,3,19,[470, 54, 11]
44,8,9,[6, 5, 464, 37, 496, 39, 16, 8]
45,3,3,[470, 54, 11]
46,3,12,[470, 54, 11]
47,3,13,[470, 54, 11]
48,3,3,[470, 54, 11]
49,8,10,[5, 464, 37, 496, 39, 16, 8, 6]
50,3,11,[470, 54, 11]
51,8,10,[5, 464, 37, 496, 39, 16, 8, 6]
52,3,6,[470, 54, 11]
53,8,10,[6, 5, 464, 37, 496, 39, 16, 8]
54,3,2,[11, 470, 54]
55,8,8,[8, 6, 5, 464, 37, 496, 39, 16]
56,8,12,[6, 5, 464, 37, 496, 39, 16, 8]
57,8,13,[6, 5, 464, 37, 496, 39, 16, 8]
58,3,14,[470, 54, 11]
59,3,14,[470, 54, 11]
60,3,11,[470, 54, 11]
61,8,11,[5, 464, 37, 496, 39, 16, 8, 6]
62,8,11,[5, 464, 37, 496, 39, 16, 8, 6]
63,8,12,[6, 5, 464, 37, 496, 39, 16, 8]
64,3,11,[470, 54, 11]
65,8,9,[6, 5, 464, 37, 496, 39, 16, 8]
66,8,8,[8, 6, 5, 464, 37, 496, 39, 16]
67,3,17,[470, 54, 11]
68,3,12,[470, 54, 11]
69,8,10,[6, 5, 464, 37, 496, 39, 16, 8]
70,8,10,[5, 464, 37, 496, 39, 16, 8, 6]
71,3,13,[470, 54, 11]
72,3,11,[470, 54, 11]
73,3,13,[470, 54, 11]
74,8,8,[16, 8, 6, 5, 464, 37, 496, 39]
75,8,12,[6, 5, 464, 37, 496, 39, 16, 8]
76,8,12,[6, 5, 464, 37, 496, 39, 16, 8]
77,8,9,[6, 5, 464, 37, 496, 39, 16, 8]
78,8,9,[6, 5, 464, 37, 496, 39, 16, 8]
79,8,16,[6, 5, 464, 37, 496, 39, 16, 8]
80,8,12,[6, 5, 464, 37, 496, 39, 16, 8]
81,3,11,[470, 54, 11]
82,3,20,[470, 54, 11]
83,8,14,[6, 5, 464, 37, 496, 39, 16, 8]
84,8,10,[5, 464, 37, 496, 39, 16, 8, 6]
85,8,13,[6, 5, 464, 37, 496, 39, 16, 8]
86,3,4,[470, 54, 11]
87,3,12,[470, 54, 11]
88,3,6,[470, 54, 11]
89,3,14,[470, 54, 11]
90,8,12,[6, 5, 464, 37, 496, 39, 16, 8]
91,8,10,[5, 464, 37, 496, 39, 16, 8, 6]
92,8,10,[5, 464, 37, 496, 39, 16, 8, 6]
93,3,17,[470, 54, 11]
94,8,11,[5, 464, 37, 496, 39, 16, 8, 6]
95,8,10,[5, 464, 37, 496, 39, 16, 8, 6]
96,8,12,[6, 5, 464, 37, 496, 39, 16, 8]
97,8,12,[5, 464, 37, 496, 39, 16, 8, 6]
98,8,8,[8, 6, 5, 464, 37, 496, 39, 16]
99,3,6,[470, 54, 11]
100,8,10,[5, 464, 37, 496, 39, 16, 8, 6]
101,8,11,[5, 464, 37, 496, 39, 16, 8, 6]
102,8,13,[6, 5, 464, 37, 496, 39, 16, 8]
103,8,15,[5, 464, 37, 496, 39, 16, 8, 6]
104,3,16,[470, 54, 11]
105,8,9,[6, 5, 464, 37, 496, 39, 16, 8]
106,8,9,[8, 6, 5, 464, 37, 496, 39, 16]
107,8,12,[5, 464, 37, 496, 39, 16, 8, 6]
108,8,12,[6, 5, 464, 37, 496, 39, 16, 8]
109,8,11,[6, 5, 464, 37, 496, 39, 16, 8]
110,8,9,[6, 5, 464, 37, 496, 39, 16, 8]
111,3,4,[470, 54, 11]
112,8,9,[6, 5, 464, 37, 496, 39, 16, 8]
113,3,5,[470, 54, 11]
114,8,10,[5, 464, 37, 496, 39, 16, 8, 6]
115,3,4,[470, 54, 11]
116,8,11,[5, 464, 37, 496, 39, 16, 8, 6]
117,3,16,[470, 54, 11]
118,8,12,[5, 464, 37, 496, 39, 16, 8, 6]
119,8,10,[5, 464, 37, 496, 39, 16, 8, 6]
120,8,10,[5, 464, 37, 496, 39, 16, 8, 6]
121,8,13,[6, 5, 464, 37, 496, 39, 16, 8]
122,8,13,[6, 5, 464, 37, 496, 39, 16, 8]
123,8,10,[6, 5, 464, 37, 496, 39, 16, 8]
124,3,12,[470, 54, 11]
125,8,9,[6, 5, 464, 37, 496, 39, 16, 8]
126,8,9,[6, 5, 464, 37, 496, 39, 16, 8]
127,3,14,[470, 54, 11]
128,8,10,[5, 464, 37, 496, 39, 16, 8, 6]
129,3,13,[470, 54, 11]
130,8,10,[5, 464, 37, 496, 39, 16, 8, 6]
131,8,10,[8, 6, 5, 464, 37, 496, 39, 16]
132,8,9,[6, 5, 464, 37, 496, 39, 16, 8]
133,8,10,[6, 5, 464, 37, 496, 39, 16, 8]
134,8,11,[6, 5, 464, 37, 496, 39, 16, 8]
135,8,10,[5, 464, 37, 496, 39, 16, 8, 6]
136,8,12,[6, 5, 464, 37, 496, 39, 16, 8]
137,8,14,[6, 5, 464, 37, 496, 39, 16, 8]
138,3,4,[470, 54, 11]
139,3,14,[470, 54, 11]
140,8,8,[8, 6, 5, 464, 37, 496, 39, 16]
141,3,12,[470, 54, 11]
142,3,14,[470, 54, 11]
143,8,10,[5, 464, 37, 496, 39, 16, 8, 6]
144,8,10,[5, 464, 37, 496, 39, 16, 8, 6]
145,3,17,[470, 54, 11]
146,8,13,[6, 5, 464, 37, 496, 39, 16, 8]
147,3,6,[470, 54, 11]
148,3,18,[470, 54, 11]
149,3,21,[470, 54, 11]
150,8,9,[6, 5, 464, 37, 496, 39, 16, 8]
151,3,14,[470, 54, 11]
152,3,12,[470, 54, 11]
153,8,12,[6, 5, 464, 37, 496, 39, 16, 8]
154,8,10,[5, 464, 37, 496, 39, 16, 8, 6]
155,3,12,[470, 54, 11]
156,8,10,[5, 464, 37, 496, 39, 16, 8, 6]
157,8,11,[5, 464, 37, 496, 39, 16, 8, 6]
158,3,12,[470, 54, 11]
159,8,13,[6, 5, 464, 37, 496, 39, 16, 8]
160,8,9,[6, 5, 464, 37, 496, 39, 16, 8]
161,3,12,[470, 54, 11]
162,8,10,[5, 464, 37, 496, 39, 16, 8, 6]
163,8,16,[5, 464, 37, 496, 39, 16, 8, 6]
164,3,4,[470, 54, 11]
165,3,16,[470, 54, 11]
166,8,14,[6, 5, 464, 37, 496, 39, 16, 8]
167,8,11,[6, 5, 464, 37, 496, 39, 16, 8]
168,8,8,[8, 6, 5, 464, 37, 496, 39, 16]
169,8,10,[6, 5, 464, 37, 496, 39, 16, 8]
170,8,10,[5, 464, 37, 496, 39, 16, 8, 6]
171,3,12,[470, 54, 11]
172,3,14,[470, 54, 11]
173,8,15,[6, 5, 464, 37, 496, 39, 16, 8]
174,3,17,[470, 54, 11]
175,3,6,[470, 54, 11]
176,3,16,[470, 54, 11]
177,8,12,[5, 464, 37, 496, 39, 16, 8, 6]
178,8,11,[5, 464, 37, 496, 39, 16, 8, 6]
179,3,13,[470, 54, 11]
180,8,9,[6, 5, 464, 37, 496, 39, 16, 8]
181,3,17,[470, 54, 11]
182,8,13,[6, 5, 464, 37, 496, 39, 16, 8]
183,3,12,[470, 54, 11]
184,3,20,[470, 54, 11]
185,3,12,[470, 54, 11]
186,3,12,[470, 54, 11]
187,3,4,[470, 54, 11]
188,8,11,[5, 464, 37, 496, 39, 16, 8, 6]
189,8,8,[8, 6, 5, 464, 37, 496, 39, 16]
190,8,10,[6, 5, 464, 37, 496, 39, 16, 8]
191,3,13,[470, 54, 11]
192,8,9,[6, 5, 464, 37, 496, 39, 16, 8]
193,8,13,[6, 5, 464, 37, 496, 39, 16, 8]
194,3,7,[470, 54, 11]
195,3,12,[470, 54, 11]
196,8,9,[6, 5, 464, 37, 496, 39, 16, 8]
197,8,12,[5, 464, 37, 496, 39, 16, 8, 6]
198,3,16,[470, 54, 11]
199,8,14,[6, 5, 464, 37, 496, 39, 16, 8]
200,8,8,[8, 6, 5, 464, 37, 496, 39, 16]
