1,1,0,[1]
2,7,13,[6, 5, 350, 19, 364, 24, 9]
3,4,6,[7, 352, 21, 10]
4,1,0,[4]
5,7,6,[350, 19, 364, 24, 9, 6, 5]
6,7,6,[5, 350, 19, 364, 24, 9, 6]
7,4,3,[352, 21, 10, 7]
8,7,7,[5, 350, 19, 364, 24, 9, 6]
9,7,6,[6, 5, 350, 19, 364, 24, 9]
10,4,3,[7, 352, 21, 10]
11,7,10,[364, 24, 9, 6, 5, 350, 19]
12,4,4,[352, 21, 10, 7]
13,7,19,[6, 5, 350, 19, 364, 24, 9]
14,7,7,[6, 5, 350, 19, 364, 24, 9]
15,7,8,[5, 350, 19, 364, 24, 9, 6]
16,7,8,[5, 350, 19, 364, 24, 9, 6]
17,4,8,[352, 21, 10, 7]
18,7,8,[5, 350, 19, 364, 24, 9, 6]
19,7,6,[364, 24, 9, 6, 5, 350, 19]
20,7,7,[6, 5, 350, 19, 364, 24, 9]
21,4,3,[10, 7, 352, 21]
22,7,20,[6, 5, 350, 19, 364, 24, 9]
23,7,15,[6, 5, 350, 19, 364, 24, 9]
24,7,6,[9, 6, 5, 350, 19, 364, 24]
25,4,4,[7, 352, 21, 10]
26,7,9,[5, 350, 19, 364, 24, 9, 6]
27,7,7,[6, 5, 350, 19, 364, 24, 9]
28,7,11,[364, 24, 9, 6, 5, 350, 19]
29,4,6,[7, 352, 21, 10]
30,4,4,[7, 352, 21, 10]
31,7,13,[6, 5, 350, 19, 364, 24, 9]
32,4,4,[7, 352, 21, 10]
33,7,8,[6, 5, 350, 19, 364, 24, 9]
34,7,7,[364, 24, 9, 6, 5, 350, 19]
35,4,5,[352, 21, 10, 7]
36,4,4,[7, 352, 21, 10]
37,7,12,[9, 6, 5, 350, 19, 364, 24]
38,4,4,[10, 7, 352, 21]
39,7,9,[5, 350, 19, 364, 24, 9, 6]
40,7,11,[364, 24, 9, 6, 5, 350, 19]
41,4,6,[10, 7, 352, 21]
42,4,5,[352, 21, 10, 7]
43,7,13,[5, 350, 19, 364, 24, 9, 6]
44,7,9,[5, 350, 19, 364, 24, 9, 6]
45,7,11,[364, 24, 9, 6, 5, 350, 19]
46,4,5,[7, 352, 21, 10]
47,7,9,[6, 5, 350, 19, 364, 24, 9]
48,7,11,[364, 24, 9, 6, 5, 350, 19]
49,7,8,[6, 5, 350, 19, 364, 24, 9]
50,4,5,[352, 21, 10, 7]
51,7,8,[6, 5, 350, 19, 364, 24, 9]
52,4,9,[352, 21, 10, 7]
53,7,11,[6, 5, 350, 19, 364, 24, 9]
54,7,11,[364, 24, 9, 6, 5, 350, 19]
55,7,9,[5, 350, 19, 364, 24, 9, 6]
56,7,20,[6, 5, 350, 19, 364, 24, 9]
57,7,21,[6, 5, 350, 19, 364, 24, 9]
58,7,14,[6, 5, 350, 19, 364, 24, 9]
59,7,11,[5, 350, 19, 364, 24, 9, 6]
60,4,5,[352, 21, 10, 7]
61,4,6,[10, 7, 352, 21]
62,7,9,[6, 5, 350, 19, 364, 24, 9]
63,7,20,[6, 5, 350, 19, 364, 24, 9]
64,4,5,[352, 21, 10, 7]
65,7,9,[5, 350, 19, 364, 24, 9, 6]
66,7,9,[5, 350, 19, 364, 24, 9, 6]
67,7,11,[364, 24, 9, 6, 5, 350, 19]
68,4,4,[10, 7, 352, 21]
69,7,10,[5, 350, 19, 364, 24, 9, 6]
70,7,8,[6, 5, 350, 19, 364, 24, 9]
71,7,17,[6, 5, 350, 19, 364, 24, 9]
72,4,5,[352, 21, 10, 7]
73,4,6,[7, 352, 21, 10]
74,7,10,[5, 350, 19, 364, 24, 9, 6]
75,7,20,[6, 5, 350, 19, 364, 24, 9]
76,7,16,[6, 5, 350, 19, 364, 24, 9]
77,7,9,[5, 350, 19, 364, 24, 9, 6]
78,7,9,[5, 350, 19, 364, 24, 9, 6]
79,7,13,[5, 350, 19, 364, 24, 9, 6]
80,7,20,[6, 5, 350, 19, 364, 24, 9]
81,4,5,[352, 21, 10, 7]
82,7,14,[5, 350, 19, 364, 24, 9, 6]
83,7,14,[364, 24, 9, 6, 5, 350, 19]
84,7,8,[6, 5, 350, 19, 364, 24, 9]
85,7,21,[6, 5, 350, 19, 364, 24, 9]
86,7,12,[364, 24, 9, 6, 5, 350, 19]
87,4,5,[7, 352, 21, 10]
88,4,9,[352, 21, 10, 7]
89,7,13,[364, 24, 9, 6, 5, 350, 19]
90,7,20,[6, 5, 350, 19, 364, 24, 9]
91,7,8,[6, 5, 350, 19, 364, 24, 9]
92,7,8,[6, 5, 350, 19, 364, 24, 9]
93,7,8,[364, 24, 9, 6, 5, 350, 19]
94,7,9,[6, 5, 350, 19, 364, 24, 9]
95,7,7,[9, 6, 5, 350, 19, 364, 24]
96,7,20,[6, 5, 350, 19, 364, 24, 9]
97,4,6,[7, 352, 21, 10]
98,7,9,[5, 350, 19, 364, 24, 9, 6]
99,4,9,[352, 21, 10, 7]
100,7,8,[6, 5, 350, 19, 364, 24, 9]
101,7,11,[5, 350, 19, 364, 24, 9, 6]
102,7,21,[6, 5, 350, 19, 364, 24, 9]
103,7,8,[364, 24, 9, 6, 5, 350, 19]
104,7,7,[364, 24, 9, 6, 5, 350, 19]
105,7,9,[5, 350, 19, 364, 24, 9, 6]
106,7,10,[5, 350, 19, 364, 24, 9, 6]
107,7,9,[364, 24, 9, 6, 5, 350, 19]
108,7,20,[6, 5, 350, 19, 364, 24, 9]
109,4,9,[352, 21, 10, 7]
110,7,9,[5, 350, 19, 364, 24, 9, 6]
111,7,12,[364, 24, 9, 6, 5, 350, 19]
112,7,9,[5, 350, 19, 364, 24, 9, 6]
113,4,6,[10, 7, 352, 21]
114,7,7,[9, 6, 5, 350, 19, 364, 24]
115,7,12,[364, 24, 9, 6, 5, 350, 19]
116,7,9,[6, 5, 350, 19, 364, 24, 9]
117,7,7,[364, 24, 9, 6, 5, 350, 19]
118,4,7,[10, 7, 352, 21]
119,7,7,[9, 6, 5, 350, 19, 364, 24]
120,7,8,[6, 5, 350, 19, 364, 24, 9]
121,7,21,[6, 5, 350, 19, 364, 24, 9]
122,7,21,[6, 5, 350, 19, 364, 24, 9]
123,7,10,[5, 350, 19, 364, 24, 9, 6]
124,4,6,[352, 21, 10, 7]
125,7,9,[5, 350, 19, 364, 24, 9, 6]
126,7,9,[5, 350, 19, 364, 24, 9, 6]
127,7,11,[5, 350, 19, 364, 24, 9, 6]
128,7,8,[6, 5, 350, 19, 364, 24, 9]
129,4,6,[7, 352, 21, 10]
130,7,8,[6, 5, 350, 19, 364, 24, 9]
131,7,13,[364, 24, 9, 6, 5, 350, 19]
132,7,9,[5, 350, 19, 364, 24, 9, 6]
133,7,10,[5, 350, 19, 364, 24, 9, 6]
134,7,11,[5, 350, 19, 364, 24, 9, 6]
135,7,8,[6, 5, 350, 19, 364, 24, 9]
136,7,16,[6, 5, 350, 19, 364, 24, 9]
137,7,11,[5, 350, 19, 364, 24, 9, 6]
138,7,12,[364, 24, 9, 6, 5, 350, 19]
139,7,11,[5, 350, 19, 364, 24, 9, 6]
140,7,9,[5, 350, 19, 364, 24, 9, 6]
141,4,6,[352, 21, 10, 7]
142,4,7,[7, 352, 21, 10]
143,7,7,[9, 6, 5, 350, 19, 364, 24]
144,7,8,[6, 5, 350, 19, 364, 24, 9]
145,7,8,[364, 24, 9, 6, 5, 350, 19]
146,7,21,[6, 5, 350, 19, 364, 24, 9]
147,4,9,[352, 21, 10, 7]
148,4,7,[10, 7, 352, 21]
149,7,9,[364, 24, 9, 6, 5, 350, 19]
150,7,9,[5, 350, 19, 364, 24, 9, 6]
151,7,11,[5, 350, 19, 364, 24, 9, 6]
152,4,5,[7, 352, 21, 10]
153,7,16,[6, 5, 350, 19, 364, 24, 9]
154,7,8,[6, 5, 350, 19, 364, 24, 9]
155,4,5,[7, 352, 21, 10]
156,7,8,[6, 5, 350, 19, 364, 24, 9]
157,7,10,[364, 24, 9, 6, 5, 350, 19]
158,4,6,[352, 21, 10, 7]
159,7,21,[6, 5, 350, 19, 364, 24, 9]
160,7,9,[5, 350, 19, 364, 24, 9, 6]
161,4,5,[7, 352, 21, 10]
162,7,8,[6, 5, 350, 19, 364, 24, 9]
163,7,15,[364, 24, 9, 6, 5, 350, 19]
164,7,12,[364, 24, 9, 6, 5, 350, 19]
165,7,7,[364, 24, 9, 6, 5, 350, 19]
166,7,22,[6, 5, 350, 19, 364, 24, 9]
167,7,10,[5, 350, 19, 364, 24, 9, 6]
168,7,9,[5, 350, 19, 364, 24, 9, 6]
169,7,10,[5, 350, 19, 364, 24, 9, 6]
170,7,7,[9, 6, 5, 350, 19, 364, 24]
171,4,5,[7, 352, 21, 10]
172,7,10,[6, 5, 350, 19, 364, 24, 9]
173,4,7,[7, 352, 21, 10]
174,7,8,[364, 24, 9, 6, 5, 350, 19]
175,4,9,[352, 21, 10, 7]
176,7,7,[364, 24, 9, 6, 5, 350, 19]
177,7,10,[6, 5, 350, 19, 364, 24, 9]
178,7,9,[6, 5, 350, 19, 364, 24, 9]
179,7,10,[6, 5, 350, 19, 364, 24, 9]
180,7,9,[5, 350, 19, 364, 24, 9, 6]
181,7,17,[6, 5, 350, 19, 364, 24, 9]
182,7,21,[6, 5, 350, 19, 364, 24, 9]
183,4,6,[352, 21, 10, 7]
184,4,7,[7, 352, 21, 10]
185,4,6,[352, 21, 10, 7]
186,4,5,[7, 352, 21, 10]
187,7,12,[364, 24, 9, 6, 5, 350, 19]
188,7,9,[6, 5, 350, 19, 364, 24, 9]
189,7,9,[5, 350, 19, 364, 24, 9, 6]
190,7,10,[5, 350, 19, 364, 24, 9, 6]
191,4,8,[7, 352, 21, 10]
192,7,9,[5, 350, 19, 364, 24, 9, 6]
193,7,10,[9, 6, 5, 350, 19, 364, 24]
194,4,10,[352, 21, 10, 7]
195,4,4,[10, 7, 352, 21]
196,7,9,[5, 350, 19, 364, 24, 9, 6]
197,7,18,[6, 5, 350, 19, 364, 24, 9]
198,7,7,[364, 24, 9, 6, 5, 350, 19]
199,7,9,[6, 5, 350, 19, 364, 24, 9]
200,7,9,[5, 350, 19, 364, 24, 9, 6]
