1  1  0 [1]
2  3  1 [6, 5, 9]
3  3  5 [6, 5, 9]
4  1  0 [4]
5  3  0 [5, 9, 6]
6  3  0 [6, 5, 9]
7  3  4 [6, 5, 9]
8  3  1 [6, 5, 9]
9  3  0 [9, 6, 5]
10  3  5 [6, 5, 9]
11  3  3 [6, 5, 9]
12  3  5 [6, 5, 9]
13  3  8 [6, 5, 9]
14  3  1 [9, 6, 5]
15  3  2 [6, 5, 9]
16  3  2 [6, 5, 9]
17  3  7 [6, 5, 9]
18  3  2 [6, 5, 9]
19  3  3 [9, 6, 5]
20  3  1 [9, 6, 5]
21  3  6 [6, 5, 9]
22  3  9 [6, 5, 9]
23  3  2 [9, 6, 5]
24  3  1 [9, 6, 5]
25  3  6 [6, 5, 9]
26  3  3 [6, 5, 9]
27  3  1 [9, 6, 5]
28  3  4 [6, 5, 9]
29  3  3 [9, 6, 5]
30  3  6 [6, 5, 9]
31  3  7 [6, 5, 9]
32  3  6 [6, 5, 9]
33  3  2 [9, 6, 5]
34  3  4 [9, 6, 5]
35  3  6 [6, 5, 9]
36  3  6 [6, 5, 9]
37  3  6 [6, 5, 9]
38  3  7 [6, 5, 9]
39  3  3 [6, 5, 9]
40  3  4 [6, 5, 9]
41  3  5 [6, 5, 9]
42  3  6 [6, 5, 9]
43  3  4 [9, 6, 5]
44  3  3 [6, 5, 9]
45  3  4 [6, 5, 9]
46  3  7 [6, 5, 9]
47  3  3 [9, 6, 5]
48  3  4 [6, 5, 9]
49  3  2 [9, 6, 5]
50  3  6 [6, 5, 9]
51  3  2 [9, 6, 5]
52  3  8 [6, 5, 9]
53  3  11 [6, 5, 9]
54  3  4 [6, 5, 9]
55  3  3 [6, 5, 9]
56  3  9 [6, 5, 9]
57  3  10 [6, 5, 9]
58  3  8 [6, 5, 9]
59  3  10 [6, 5, 9]
60  3  6 [6, 5, 9]
61  3  4 [6, 5, 9]
62  3  3 [9, 6, 5]
63  3  9 [6, 5, 9]
64  3  6 [6, 5, 9]
65  3  3 [6, 5, 9]
66  3  3 [6, 5, 9]
67  3  11 [6, 5, 9]
68  3  7 [6, 5, 9]
69  3  4 [6, 5, 9]
70  3  2 [9, 6, 5]
71  3  10 [6, 5, 9]
72  3  6 [6, 5, 9]
73  3  4 [6, 5, 9]
74  3  4 [6, 5, 9]
75  3  9 [6, 5, 9]
76  3  3 [9, 6, 5]
77  3  3 [6, 5, 9]
78  3  3 [6, 5, 9]
79  3  9 [6, 5, 9]
80  3  9 [6, 5, 9]
81  3  6 [6, 5, 9]
82  3  5 [9, 6, 5]
83  3  8 [6, 5, 9]
84  3  2 [9, 6, 5]
85  3  10 [6, 5, 9]
86  3  5 [6, 5, 9]
87  3  7 [6, 5, 9]
88  3  8 [6, 5, 9]
89  3  6 [9, 6, 5]
90  3  9 [6, 5, 9]
91  3  2 [9, 6, 5]
92  3  2 [9, 6, 5]
93  3  5 [9, 6, 5]
94  3  3 [9, 6, 5]
95  3  2 [9, 6, 5]
96  3  9 [6, 5, 9]
97  3  5 [6, 5, 9]
98  3  3 [6, 5, 9]
99  3  8 [6, 5, 9]
100  3  2 [9, 6, 5]
