1  1  [1]
2  8  [7, 179, 351, 22, 13, 185, 42, 12]
3  7  [14, 9, 6, 5, 177, 62, 33]
4  1  [4]
5  7  [14, 9, 6, 5, 177, 62, 33]
6  7  [33, 14, 9, 6, 5, 177, 62]
7  8  [7, 179, 351, 22, 13, 185, 42, 12]
8  7  [62, 33, 14, 9, 6, 5, 177]
9  7  [62, 33, 14, 9, 6, 5, 177]
10  8  [12, 7, 179, 351, 22, 13, 185, 42]
11  8  [13, 185, 42, 12, 7, 179, 351, 22]
12  8  [12, 7, 179, 351, 22, 13, 185, 42]
13  8  [13, 185, 42, 12, 7, 179, 351, 22]
14  7  [177, 62, 33, 14, 9, 6, 5]
15  7  [177, 62, 33, 14, 9, 6, 5]
16  7  [177, 62, 33, 14, 9, 6, 5]
17  7  [6, 5, 177, 62, 33, 14, 9]
18  7  [177, 62, 33, 14, 9, 6, 5]
19  8  [22, 13, 185, 42, 12, 7, 179, 351]
20  7  [177, 62, 33, 14, 9, 6, 5]
21  8  [42, 12, 7, 179, 351, 22, 13, 185]
22  8  [22, 13, 185, 42, 12, 7, 179, 351]
23  8  [13, 185, 42, 12, 7, 179, 351, 22]
24  7  [177, 62, 33, 14, 9, 6, 5]
25  8  [42, 12, 7, 179, 351, 22, 13, 185]
26  7  [5, 177, 62, 33, 14, 9, 6]
27  7  [177, 62, 33, 14, 9, 6, 5]
28  8  [22, 13, 185, 42, 12, 7, 179, 351]
29  7  [9, 6, 5, 177, 62, 33, 14]
30  8  [42, 12, 7, 179, 351, 22, 13, 185]
31  8  [13, 185, 42, 12, 7, 179, 351, 22]
32  8  [42, 12, 7, 179, 351, 22, 13, 185]
33  7  [5, 177, 62, 33, 14, 9, 6]
34  8  [351, 22, 13, 185, 42, 12, 7, 179]
35  8  [42, 12, 7, 179, 351, 22, 13, 185]
36  8  [42, 12, 7, 179, 351, 22, 13, 185]
37  8  [13, 185, 42, 12, 7, 179, 351, 22]
38  8  [185, 42, 12, 7, 179, 351, 22, 13]
39  7  [5, 177, 62, 33, 14, 9, 6]
40  8  [22, 13, 185, 42, 12, 7, 179, 351]
41  7  [14, 9, 6, 5, 177, 62, 33]
42  8  [42, 12, 7, 179, 351, 22, 13, 185]
43  8  [179, 351, 22, 13, 185, 42, 12, 7]
44  7  [5, 177, 62, 33, 14, 9, 6]
45  8  [22, 13, 185, 42, 12, 7, 179, 351]
46  8  [185, 42, 12, 7, 179, 351, 22, 13]
47  8  [179, 351, 22, 13, 185, 42, 12, 7]
48  8  [22, 13, 185, 42, 12, 7, 179, 351]
49  7  [5, 177, 62, 33, 14, 9, 6]
50  8  [42, 12, 7, 179, 351, 22, 13, 185]
51  7  [5, 177, 62, 33, 14, 9, 6]
52  7  [9, 6, 5, 177, 62, 33, 14]
53  7  [6, 5, 177, 62, 33, 14, 9]
54  8  [22, 13, 185, 42, 12, 7, 179, 351]
55  7  [5, 177, 62, 33, 14, 9, 6]
56  8  [22, 13, 185, 42, 12, 7, 179, 351]
57  8  [351, 22, 13, 185, 42, 12, 7, 179]
58  8  [22, 13, 185, 42, 12, 7, 179, 351]
59  8  [13, 185, 42, 12, 7, 179, 351, 22]
60  8  [42, 12, 7, 179, 351, 22, 13, 185]
61  7  [33, 14, 9, 6, 5, 177, 62]
62  7  [6, 5, 177, 62, 33, 14, 9]
63  8  [22, 13, 185, 42, 12, 7, 179, 351]
64  8  [42, 12, 7, 179, 351, 22, 13, 185]
65  7  [5, 177, 62, 33, 14, 9, 6]
66  7  [5, 177, 62, 33, 14, 9, 6]
67  7  [14, 9, 6, 5, 177, 62, 33]
68  8  [185, 42, 12, 7, 179, 351, 22, 13]
69  7  [6, 5, 177, 62, 33, 14, 9]
70  7  [5, 177, 62, 33, 14, 9, 6]
71  7  [6, 5, 177, 62, 33, 14, 9]
72  8  [42, 12, 7, 179, 351, 22, 13, 185]
73  8  [179, 351, 22, 13, 185, 42, 12, 7]
74  7  [6, 5, 177, 62, 33, 14, 9]
75  8  [22, 13, 185, 42, 12, 7, 179, 351]
76  8  [22, 13, 185, 42, 12, 7, 179, 351]
77  7  [5, 177, 62, 33, 14, 9, 6]
78  7  [5, 177, 62, 33, 14, 9, 6]
79  7  [33, 14, 9, 6, 5, 177, 62]
80  8  [22, 13, 185, 42, 12, 7, 179, 351]
81  8  [42, 12, 7, 179, 351, 22, 13, 185]
82  8  [7, 179, 351, 22, 13, 185, 42, 12]
83  8  [13, 185, 42, 12, 7, 179, 351, 22]
84  7  [5, 177, 62, 33, 14, 9, 6]
85  8  [351, 22, 13, 185, 42, 12, 7, 179]
86  8  [351, 22, 13, 185, 42, 12, 7, 179]
87  8  [185, 42, 12, 7, 179, 351, 22, 13]
88  7  [9, 6, 5, 177, 62, 33, 14]
89  8  [13, 185, 42, 12, 7, 179, 351, 22]
90  8  [22, 13, 185, 42, 12, 7, 179, 351]
91  7  [5, 177, 62, 33, 14, 9, 6]
92  7  [5, 177, 62, 33, 14, 9, 6]
93  8  [179, 351, 22, 13, 185, 42, 12, 7]
94  7  [6, 5, 177, 62, 33, 14, 9]
95  7  [5, 177, 62, 33, 14, 9, 6]
96  8  [22, 13, 185, 42, 12, 7, 179, 351]
97  7  [9, 6, 5, 177, 62, 33, 14]
98  7  [5, 177, 62, 33, 14, 9, 6]
99  7  [9, 6, 5, 177, 62, 33, 14]
100  7  [5, 177, 62, 33, 14, 9, 6]
101  8  [351, 22, 13, 185, 42, 12, 7, 179]
102  8  [351, 22, 13, 185, 42, 12, 7, 179]
103  8  [13, 185, 42, 12, 7, 179, 351, 22]
104  8  [351, 22, 13, 185, 42, 12, 7, 179]
