1,1,0,[1],[0]
2,6,11,[5, 6, 9, 24, 170, 501],[1, 0, 0, 0, 0, 0]
3,6,4,[5, 6, 9, 24, 170, 501],[1, 0, 0, 0, 0, 0]
4,1,0,[4],[0]
5,6,0,[5, 6, 9, 24, 170, 501],[1, 0, 0, 0, 0, 0]
6,6,0,[5, 6, 9, 24, 170, 501],[1, 0, 0, 0, 0, 0]
7,6,0,[7, 10, 25, 46, 503, 999],[1, 0, 0, 0, 1, 0]
8,6,1,[5, 6, 9, 24, 170, 501],[1, 0, 0, 0, 0, 0]
9,6,0,[5, 6, 9, 24, 170, 501],[1, 0, 0, 0, 0, 0]
10,6,0,[7, 10, 25, 46, 503, 999],[1, 0, 0, 0, 1, 0]
11,6,5,[5, 6, 9, 24, 170, 501],[1, 0, 0, 0, 0, 0]
12,6,1,[7, 10, 25, 46, 503, 999],[1, 0, 0, 0, 1, 0]
13,4,0,[13, 75, 509, 1005],[1, 0, 1, 0]
14,6,1,[5, 6, 9, 24, 170, 501],[1, 0, 0, 0, 0, 0]
15,6,2,[5, 6, 9, 24, 170, 501],[1, 0, 0, 0, 0, 0]
16,6,2,[5, 6, 9, 24, 170, 501],[1, 0, 0, 0, 0, 0]
17,6,8,[5, 6, 9, 24, 170, 501],[1, 0, 0, 0, 0, 0]
18,6,2,[5, 6, 9, 24, 170, 501],[1, 0, 0, 0, 0, 0]
19,4,3,[13, 75, 509, 1005],[1, 0, 1, 0]
20,6,1,[5, 6, 9, 24, 170, 501],[1, 0, 0, 0, 0, 0]
21,6,1,[7, 10, 25, 46, 503, 999],[1, 0, 0, 0, 1, 0]
22,4,1,[13, 75, 509, 1005],[1, 0, 1, 0]
23,4,6,[13, 75, 509, 1005],[1, 0, 1, 0]
24,6,0,[5, 6, 9, 24, 170, 501],[1, 0, 0, 0, 0, 0]
25,6,0,[7, 10, 25, 46, 503, 999],[1, 0, 0, 0, 1, 0]
26,6,3,[5, 6, 9, 24, 170, 501],[1, 0, 0, 0, 0, 0]
27,6,1,[5, 6, 9, 24, 170, 501],[1, 0, 0, 0, 0, 0]
28,6,6,[5, 6, 9, 24, 170, 501],[1, 0, 0, 0, 0, 0]
29,6,3,[5, 6, 9, 24, 170, 501],[1, 0, 0, 0, 0, 0]
30,6,1,[7, 10, 25, 46, 503, 999],[1, 0, 0, 0, 1, 0]
31,6,8,[5, 6, 9, 24, 170, 501],[1, 0, 0, 0, 0, 0]
32,6,1,[7, 10, 25, 46, 503, 999],[1, 0, 0, 0, 1, 0]
33,6,2,[5, 6, 9, 24, 170, 501],[1, 0, 0, 0, 0, 0]
34,4,4,[13, 75, 509, 1005],[1, 0, 1, 0]
35,6,2,[7, 10, 25, 46, 503, 999],[1, 0, 0, 0, 1, 0]
36,6,1,[7, 10, 25, 46, 503, 999],[1, 0, 0, 0, 1, 0]
37,6,8,[5, 6, 9, 24, 170, 501],[1, 0, 0, 0, 0, 0]
38,6,2,[7, 10, 25, 46, 503, 999],[1, 0, 0, 0, 1, 0]
39,6,3,[5, 6, 9, 24, 170, 501],[1, 0, 0, 0, 0, 0]
40,6,6,[5, 6, 9, 24, 170, 501],[1, 0, 0, 0, 0, 0]
41,4,4,[13, 75, 509, 1005],[1, 0, 1, 0]
42,6,2,[7, 10, 25, 46, 503, 999],[1, 0, 0, 0, 1, 0]
43,6,2,[7, 10, 25, 46, 503, 999],[1, 0, 0, 0, 1, 0]
44,6,3,[5, 6, 9, 24, 170, 501],[1, 0, 0, 0, 0, 0]
45,6,6,[5, 6, 9, 24, 170, 501],[1, 0, 0, 0, 0, 0]
46,6,0,[7, 10, 25, 46, 503, 999],[1, 0, 0, 0, 1, 0]
47,6,6,[5, 6, 9, 24, 170, 501],[1, 0, 0, 0, 0, 0]
48,6,6,[5, 6, 9, 24, 170, 501],[1, 0, 0, 0, 0, 0]
49,6,2,[5, 6, 9, 24, 170, 501],[1, 0, 0, 0, 0, 0]
50,6,2,[7, 10, 25, 46, 503, 999],[1, 0, 0, 0, 1, 0]
51,6,2,[5, 6, 9, 24, 170, 501],[1, 0, 0, 0, 0, 0]
52,6,9,[5, 6, 9, 24, 170, 501],[1, 0, 0, 0, 0, 0]
53,4,11,[13, 75, 509, 1005],[1, 0, 1, 0]
54,6,6,[5, 6, 9, 24, 170, 501],[1, 0, 0, 0, 0, 0]
55,6,3,[5, 6, 9, 24, 170, 501],[1, 0, 0, 0, 0, 0]
56,4,1,[13, 75, 509, 1005],[1, 0, 1, 0]
57,4,2,[13, 75, 509, 1005],[1, 0, 1, 0]
58,6,9,[5, 6, 9, 24, 170, 501],[1, 0, 0, 0, 0, 0]
59,6,8,[5, 6, 9, 24, 170, 501],[1, 0, 0, 0, 0, 0]
60,6,2,[7, 10, 25, 46, 503, 999],[1, 0, 0, 0, 1, 0]
61,6,3,[7, 10, 25, 46, 503, 999],[1, 0, 0, 0, 1, 0]
62,6,3,[5, 6, 9, 24, 170, 501],[1, 0, 0, 0, 0, 0]
63,4,1,[13, 75, 509, 1005],[1, 0, 1, 0]
64,6,2,[7, 10, 25, 46, 503, 999],[1, 0, 0, 0, 1, 0]
65,6,3,[5, 6, 9, 24, 170, 501],[1, 0, 0, 0, 0, 0]
66,6,3,[5, 6, 9, 24, 170, 501],[1, 0, 0, 0, 0, 0]
67,4,9,[13, 75, 509, 1005],[1, 0, 1, 0]
68,6,2,[7, 10, 25, 46, 503, 999],[1, 0, 0, 0, 1, 0]
69,6,4,[5, 6, 9, 24, 170, 501],[1, 0, 0, 0, 0, 0]
70,6,2,[5, 6, 9, 24, 170, 501],[1, 0, 0, 0, 0, 0]
71,4,5,[13, 75, 509, 1005],[1, 0, 1, 0]
72,6,2,[7, 10, 25, 46, 503, 999],[1, 0, 0, 0, 1, 0]
73,6,7,[5, 6, 9, 24, 170, 501],[1, 0, 0, 0, 0, 0]
74,6,4,[5, 6, 9, 24, 170, 501],[1, 0, 0, 0, 0, 0]
75,4,0,[13, 75, 509, 1005],[1, 0, 1, 0]
76,4,7,[13, 75, 509, 1005],[1, 0, 1, 0]
77,6,3,[5, 6, 9, 24, 170, 501],[1, 0, 0, 0, 0, 0]
78,6,3,[5, 6, 9, 24, 170, 501],[1, 0, 0, 0, 0, 0]
79,6,4,[5, 6, 9, 24, 170, 501],[1, 0, 0, 0, 0, 0]
80,4,1,[13, 75, 509, 1005],[1, 0, 1, 0]
81,6,2,[7, 10, 25, 46, 503, 999],[1, 0, 0, 0, 1, 0]
82,6,3,[7, 10, 25, 46, 503, 999],[1, 0, 0, 0, 1, 0]
83,6,5,[5, 6, 9, 24, 170, 501],[1, 0, 0, 0, 0, 0]
84,6,2,[5, 6, 9, 24, 170, 501],[1, 0, 0, 0, 0, 0]
85,4,2,[13, 75, 509, 1005],[1, 0, 1, 0]
86,6,7,[5, 6, 9, 24, 170, 501],[1, 0, 0, 0, 0, 0]
87,6,2,[7, 10, 25, 46, 503, 999],[1, 0, 0, 0, 1, 0]
88,6,9,[5, 6, 9, 24, 170, 501],[1, 0, 0, 0, 0, 0]
89,6,2,[5, 6, 9, 24, 170, 501],[1, 0, 0, 0, 0, 0]
90,4,1,[13, 75, 509, 1005],[1, 0, 1, 0]
91,6,2,[5, 6, 9, 24, 170, 501],[1, 0, 0, 0, 0, 0]
92,6,2,[5, 6, 9, 24, 170, 501],[1, 0, 0, 0, 0, 0]
93,4,5,[13, 75, 509, 1005],[1, 0, 1, 0]
94,6,3,[5, 6, 9, 24, 170, 501],[1, 0, 0, 0, 0, 0]
95,6,1,[5, 6, 9, 24, 170, 501],[1, 0, 0, 0, 0, 0]
96,4,1,[13, 75, 509, 1005],[1, 0, 1, 0]
97,6,9,[5, 6, 9, 24, 170, 501],[1, 0, 0, 0, 0, 0]
98,6,3,[5, 6, 9, 24, 170, 501],[1, 0, 0, 0, 0, 0]
99,6,9,[5, 6, 9, 24, 170, 501],[1, 0, 0, 0, 0, 0]
100,6,2,[5, 6, 9, 24, 170, 501],[1, 0, 0, 0, 0, 0]
