1,1,0,[1],[0]
2,7,6,[7, 12, 19, 34, 50, 289, 301],[1, 0, 1, 0, 0, 0, 0]
3,10,3,[5, 6, 9, 11, 14, 33, 48, 287, 293, 575],[1, 0, 0, 1, 0, 0, 0, 0, 1, 0]
4,1,0,[4],[0]
5,10,0,[5, 6, 9, 11, 14, 33, 48, 287, 293, 575],[1, 0, 0, 1, 0, 0, 0, 0, 1, 0]
6,10,0,[5, 6, 9, 11, 14, 33, 48, 287, 293, 575],[1, 0, 0, 1, 0, 0, 0, 0, 1, 0]
7,7,0,[7, 12, 19, 34, 50, 289, 301],[1, 0, 1, 0, 0, 0, 0]
8,10,1,[5, 6, 9, 11, 14, 33, 48, 287, 293, 575],[1, 0, 0, 1, 0, 0, 0, 0, 1, 0]
9,10,0,[5, 6, 9, 11, 14, 33, 48, 287, 293, 575],[1, 0, 0, 1, 0, 0, 0, 0, 1, 0]
10,7,1,[7, 12, 19, 34, 50, 289, 301],[1, 0, 1, 0, 0, 0, 0]
11,10,0,[5, 6, 9, 11, 14, 33, 48, 287, 293, 575],[1, 0, 0, 1, 0, 0, 0, 0, 1, 0]
12,7,0,[7, 12, 19, 34, 50, 289, 301],[1, 0, 1, 0, 0, 0, 0]
13,7,3,[7, 12, 19, 34, 50, 289, 301],[1, 0, 1, 0, 0, 0, 0]
14,10,0,[5, 6, 9, 11, 14, 33, 48, 287, 293, 575],[1, 0, 0, 1, 0, 0, 0, 0, 1, 0]
15,10,2,[5, 6, 9, 11, 14, 33, 48, 287, 293, 575],[1, 0, 0, 1, 0, 0, 0, 0, 1, 0]
16,10,2,[5, 6, 9, 11, 14, 33, 48, 287, 293, 575],[1, 0, 0, 1, 0, 0, 0, 0, 1, 0]
17,7,4,[7, 12, 19, 34, 50, 289, 301],[1, 0, 1, 0, 0, 0, 0]
18,10,2,[5, 6, 9, 11, 14, 33, 48, 287, 293, 575],[1, 0, 0, 1, 0, 0, 0, 0, 1, 0]
19,7,0,[7, 12, 19, 34, 50, 289, 301],[1, 0, 1, 0, 0, 0, 0]
20,10,1,[5, 6, 9, 11, 14, 33, 48, 287, 293, 575],[1, 0, 0, 1, 0, 0, 0, 0, 1, 0]
21,7,2,[7, 12, 19, 34, 50, 289, 301],[1, 0, 1, 0, 0, 0, 0]
22,7,4,[7, 12, 19, 34, 50, 289, 301],[1, 0, 1, 0, 0, 0, 0]
23,10,5,[5, 6, 9, 11, 14, 33, 48, 287, 293, 575],[1, 0, 0, 1, 0, 0, 0, 0, 1, 0]
24,10,1,[5, 6, 9, 11, 14, 33, 48, 287, 293, 575],[1, 0, 0, 1, 0, 0, 0, 0, 1, 0]
25,7,2,[7, 12, 19, 34, 50, 289, 301],[1, 0, 1, 0, 0, 0, 0]
26,10,3,[5, 6, 9, 11, 14, 33, 48, 287, 293, 575],[1, 0, 0, 1, 0, 0, 0, 0, 1, 0]
27,10,1,[5, 6, 9, 11, 14, 33, 48, 287, 293, 575],[1, 0, 0, 1, 0, 0, 0, 0, 1, 0]
28,10,1,[5, 6, 9, 11, 14, 33, 48, 287, 293, 575],[1, 0, 0, 1, 0, 0, 0, 0, 1, 0]
29,7,8,[7, 12, 19, 34, 50, 289, 301],[1, 0, 1, 0, 0, 0, 0]
30,7,2,[7, 12, 19, 34, 50, 289, 301],[1, 0, 1, 0, 0, 0, 0]
31,7,11,[7, 12, 19, 34, 50, 289, 301],[1, 0, 1, 0, 0, 0, 0]
32,7,2,[7, 12, 19, 34, 50, 289, 301],[1, 0, 1, 0, 0, 0, 0]
33,10,0,[5, 6, 9, 11, 14, 33, 48, 287, 293, 575],[1, 0, 0, 1, 0, 0, 0, 0, 1, 0]
34,7,0,[7, 12, 19, 34, 50, 289, 301],[1, 0, 1, 0, 0, 0, 0]
35,7,1,[7, 12, 19, 34, 50, 289, 301],[1, 0, 1, 0, 0, 0, 0]
36,7,2,[7, 12, 19, 34, 50, 289, 301],[1, 0, 1, 0, 0, 0, 0]
37,10,3,[5, 6, 9, 11, 14, 33, 48, 287, 293, 575],[1, 0, 0, 1, 0, 0, 0, 0, 1, 0]
38,7,3,[7, 12, 19, 34, 50, 289, 301],[1, 0, 1, 0, 0, 0, 0]
39,10,3,[5, 6, 9, 11, 14, 33, 48, 287, 293, 575],[1, 0, 0, 1, 0, 0, 0, 0, 1, 0]
40,10,1,[5, 6, 9, 11, 14, 33, 48, 287, 293, 575],[1, 0, 0, 1, 0, 0, 0, 0, 1, 0]
41,7,4,[7, 12, 19, 34, 50, 289, 301],[1, 0, 1, 0, 0, 0, 0]
42,7,1,[7, 12, 19, 34, 50, 289, 301],[1, 0, 1, 0, 0, 0, 0]
43,10,7,[5, 6, 9, 11, 14, 33, 48, 287, 293, 575],[1, 0, 0, 1, 0, 0, 0, 0, 1, 0]
44,10,3,[5, 6, 9, 11, 14, 33, 48, 287, 293, 575],[1, 0, 0, 1, 0, 0, 0, 0, 1, 0]
45,10,1,[5, 6, 9, 11, 14, 33, 48, 287, 293, 575],[1, 0, 0, 1, 0, 0, 0, 0, 1, 0]
46,7,3,[7, 12, 19, 34, 50, 289, 301],[1, 0, 1, 0, 0, 0, 0]
47,10,3,[5, 6, 9, 11, 14, 33, 48, 287, 293, 575],[1, 0, 0, 1, 0, 0, 0, 0, 1, 0]
48,10,0,[5, 6, 9, 11, 14, 33, 48, 287, 293, 575],[1, 0, 0, 1, 0, 0, 0, 0, 1, 0]
49,10,1,[5, 6, 9, 11, 14, 33, 48, 287, 293, 575],[1, 0, 0, 1, 0, 0, 0, 0, 1, 0]
50,7,0,[7, 12, 19, 34, 50, 289, 301],[1, 0, 1, 0, 0, 0, 0]
51,10,2,[5, 6, 9, 11, 14, 33, 48, 287, 293, 575],[1, 0, 0, 1, 0, 0, 0, 0, 1, 0]
52,7,5,[7, 12, 19, 34, 50, 289, 301],[1, 0, 1, 0, 0, 0, 0]
53,7,3,[7, 12, 19, 34, 50, 289, 301],[1, 0, 1, 0, 0, 0, 0]
54,10,1,[5, 6, 9, 11, 14, 33, 48, 287, 293, 575],[1, 0, 0, 1, 0, 0, 0, 0, 1, 0]
55,10,3,[5, 6, 9, 11, 14, 33, 48, 287, 293, 575],[1, 0, 0, 1, 0, 0, 0, 0, 1, 0]
56,7,4,[7, 12, 19, 34, 50, 289, 301],[1, 0, 1, 0, 0, 0, 0]
57,7,5,[7, 12, 19, 34, 50, 289, 301],[1, 0, 1, 0, 0, 0, 0]
58,7,12,[7, 12, 19, 34, 50, 289, 301],[1, 0, 1, 0, 0, 0, 0]
59,7,3,[7, 12, 19, 34, 50, 289, 301],[1, 0, 1, 0, 0, 0, 0]
60,7,1,[7, 12, 19, 34, 50, 289, 301],[1, 0, 1, 0, 0, 0, 0]
61,7,4,[7, 12, 19, 34, 50, 289, 301],[1, 0, 1, 0, 0, 0, 0]
62,10,1,[5, 6, 9, 11, 14, 33, 48, 287, 293, 575],[1, 0, 0, 1, 0, 0, 0, 0, 1, 0]
63,7,4,[7, 12, 19, 34, 50, 289, 301],[1, 0, 1, 0, 0, 0, 0]
64,7,1,[7, 12, 19, 34, 50, 289, 301],[1, 0, 1, 0, 0, 0, 0]
65,10,3,[5, 6, 9, 11, 14, 33, 48, 287, 293, 575],[1, 0, 0, 1, 0, 0, 0, 0, 1, 0]
66,10,3,[5, 6, 9, 11, 14, 33, 48, 287, 293, 575],[1, 0, 0, 1, 0, 0, 0, 0, 1, 0]
67,10,6,[5, 6, 9, 11, 14, 33, 48, 287, 293, 575],[1, 0, 0, 1, 0, 0, 0, 0, 1, 0]
68,7,3,[7, 12, 19, 34, 50, 289, 301],[1, 0, 1, 0, 0, 0, 0]
69,10,4,[5, 6, 9, 11, 14, 33, 48, 287, 293, 575],[1, 0, 0, 1, 0, 0, 0, 0, 1, 0]
70,10,1,[5, 6, 9, 11, 14, 33, 48, 287, 293, 575],[1, 0, 0, 1, 0, 0, 0, 0, 1, 0]
71,10,6,[5, 6, 9, 11, 14, 33, 48, 287, 293, 575],[1, 0, 0, 1, 0, 0, 0, 0, 1, 0]
72,7,1,[7, 12, 19, 34, 50, 289, 301],[1, 0, 1, 0, 0, 0, 0]
73,10,8,[5, 6, 9, 11, 14, 33, 48, 287, 293, 575],[1, 0, 0, 1, 0, 0, 0, 0, 1, 0]
74,10,4,[5, 6, 9, 11, 14, 33, 48, 287, 293, 575],[1, 0, 0, 1, 0, 0, 0, 0, 1, 0]
75,7,4,[7, 12, 19, 34, 50, 289, 301],[1, 0, 1, 0, 0, 0, 0]
76,10,6,[5, 6, 9, 11, 14, 33, 48, 287, 293, 575],[1, 0, 0, 1, 0, 0, 0, 0, 1, 0]
77,10,3,[5, 6, 9, 11, 14, 33, 48, 287, 293, 575],[1, 0, 0, 1, 0, 0, 0, 0, 1, 0]
78,10,3,[5, 6, 9, 11, 14, 33, 48, 287, 293, 575],[1, 0, 0, 1, 0, 0, 0, 0, 1, 0]
79,7,5,[7, 12, 19, 34, 50, 289, 301],[1, 0, 1, 0, 0, 0, 0]
80,7,4,[7, 12, 19, 34, 50, 289, 301],[1, 0, 1, 0, 0, 0, 0]
81,7,1,[7, 12, 19, 34, 50, 289, 301],[1, 0, 1, 0, 0, 0, 0]
82,10,8,[5, 6, 9, 11, 14, 33, 48, 287, 293, 575],[1, 0, 0, 1, 0, 0, 0, 0, 1, 0]
83,10,5,[5, 6, 9, 11, 14, 33, 48, 287, 293, 575],[1, 0, 0, 1, 0, 0, 0, 0, 1, 0]
84,10,1,[5, 6, 9, 11, 14, 33, 48, 287, 293, 575],[1, 0, 0, 1, 0, 0, 0, 0, 1, 0]
85,7,5,[7, 12, 19, 34, 50, 289, 301],[1, 0, 1, 0, 0, 0, 0]
86,10,2,[5, 6, 9, 11, 14, 33, 48, 287, 293, 575],[1, 0, 0, 1, 0, 0, 0, 0, 1, 0]
87,7,3,[7, 12, 19, 34, 50, 289, 301],[1, 0, 1, 0, 0, 0, 0]
88,7,5,[7, 12, 19, 34, 50, 289, 301],[1, 0, 1, 0, 0, 0, 0]
89,7,3,[7, 12, 19, 34, 50, 289, 301],[1, 0, 1, 0, 0, 0, 0]
90,7,4,[7, 12, 19, 34, 50, 289, 301],[1, 0, 1, 0, 0, 0, 0]
91,10,2,[5, 6, 9, 11, 14, 33, 48, 287, 293, 575],[1, 0, 0, 1, 0, 0, 0, 0, 1, 0]
92,10,2,[5, 6, 9, 11, 14, 33, 48, 287, 293, 575],[1, 0, 0, 1, 0, 0, 0, 0, 1, 0]
93,7,1,[7, 12, 19, 34, 50, 289, 301],[1, 0, 1, 0, 0, 0, 0]
94,10,2,[5, 6, 9, 11, 14, 33, 48, 287, 293, 575],[1, 0, 0, 1, 0, 0, 0, 0, 1, 0]
95,10,2,[5, 6, 9, 11, 14, 33, 48, 287, 293, 575],[1, 0, 0, 1, 0, 0, 0, 0, 1, 0]
96,7,4,[7, 12, 19, 34, 50, 289, 301],[1, 0, 1, 0, 0, 0, 0]
97,7,5,[7, 12, 19, 34, 50, 289, 301],[1, 0, 1, 0, 0, 0, 0]
98,10,3,[5, 6, 9, 11, 14, 33, 48, 287, 293, 575],[1, 0, 0, 1, 0, 0, 0, 0, 1, 0]
99,7,5,[7, 12, 19, 34, 50, 289, 301],[1, 0, 1, 0, 0, 0, 0]
100,10,1,[5, 6, 9, 11, 14, 33, 48, 287, 293, 575],[1, 0, 0, 1, 0, 0, 0, 0, 1, 0]
