1,1,0,[1]
2,7,10,[5, 58, 31, 84, 14, 9, 6]
3,7,12,[5, 58, 31, 84, 14, 9, 6]
4,1,0,[4]
5,7,6,[58, 31, 84, 14, 9, 6, 5]
6,7,6,[5, 58, 31, 84, 14, 9, 6]
7,3,2,[60, 12, 7]
8,7,7,[5, 58, 31, 84, 14, 9, 6]
9,7,6,[6, 5, 58, 31, 84, 14, 9]
10,3,3,[60, 12, 7]
11,3,4,[7, 60, 12]
12,3,2,[7, 60, 12]
13,7,10,[5, 58, 31, 84, 14, 9, 6]
14,7,6,[9, 6, 5, 58, 31, 84, 14]
15,7,8,[5, 58, 31, 84, 14, 9, 6]
16,7,8,[5, 58, 31, 84, 14, 9, 6]
17,7,8,[9, 6, 5, 58, 31, 84, 14]
18,7,8,[5, 58, 31, 84, 14, 9, 6]
19,3,4,[7, 60, 12]
20,7,7,[6, 5, 58, 31, 84, 14, 9]
21,3,4,[60, 12, 7]
22,7,11,[5, 58, 31, 84, 14, 9, 6]
23,2,1,[76, 23]
24,7,7,[6, 5, 58, 31, 84, 14, 9]
25,3,4,[60, 12, 7]
26,7,9,[5, 58, 31, 84, 14, 9, 6]
27,7,7,[6, 5, 58, 31, 84, 14, 9]
28,3,5,[7, 60, 12]
29,7,14,[5, 58, 31, 84, 14, 9, 6]
30,3,4,[60, 12, 7]
31,7,6,[84, 14, 9, 6, 5, 58, 31]
32,3,4,[60, 12, 7]
33,7,7,[9, 6, 5, 58, 31, 84, 14]
34,3,5,[7, 60, 12]
35,3,3,[7, 60, 12]
36,3,4,[60, 12, 7]
37,7,12,[5, 58, 31, 84, 14, 9, 6]
38,3,5,[60, 12, 7]
39,7,9,[5, 58, 31, 84, 14, 9, 6]
40,3,5,[7, 60, 12]
41,7,9,[9, 6, 5, 58, 31, 84, 14]
42,3,3,[7, 60, 12]
43,7,12,[5, 58, 31, 84, 14, 9, 6]
44,7,9,[5, 58, 31, 84, 14, 9, 6]
45,3,5,[7, 60, 12]
46,3,5,[60, 12, 7]
47,7,8,[9, 6, 5, 58, 31, 84, 14]
48,3,5,[7, 60, 12]
49,7,7,[9, 6, 5, 58, 31, 84, 14]
50,3,3,[7, 60, 12]
51,7,8,[6, 5, 58, 31, 84, 14, 9]
52,7,9,[9, 6, 5, 58, 31, 84, 14]
53,7,11,[5, 58, 31, 84, 14, 9, 6]
54,3,5,[7, 60, 12]
55,7,9,[5, 58, 31, 84, 14, 9, 6]
56,7,11,[5, 58, 31, 84, 14, 9, 6]
57,7,12,[5, 58, 31, 84, 14, 9, 6]
58,7,6,[31, 84, 14, 9, 6, 5, 58]
59,7,10,[5, 58, 31, 84, 14, 9, 6]
60,3,2,[12, 7, 60]
61,7,9,[6, 5, 58, 31, 84, 14, 9]
62,7,8,[9, 6, 5, 58, 31, 84, 14]
63,7,11,[5, 58, 31, 84, 14, 9, 6]
64,3,3,[7, 60, 12]
65,7,9,[5, 58, 31, 84, 14, 9, 6]
66,7,9,[5, 58, 31, 84, 14, 9, 6]
67,7,8,[9, 6, 5, 58, 31, 84, 14]
68,3,5,[60, 12, 7]
69,7,10,[5, 58, 31, 84, 14, 9, 6]
70,7,7,[9, 6, 5, 58, 31, 84, 14]
71,3,5,[7, 60, 12]
72,3,3,[7, 60, 12]
73,7,10,[5, 58, 31, 84, 14, 9, 6]
74,7,10,[5, 58, 31, 84, 14, 9, 6]
75,7,11,[5, 58, 31, 84, 14, 9, 6]
76,2,1,[23, 76]
77,7,9,[5, 58, 31, 84, 14, 9, 6]
78,7,9,[5, 58, 31, 84, 14, 9, 6]
79,7,10,[5, 58, 31, 84, 14, 9, 6]
80,7,11,[5, 58, 31, 84, 14, 9, 6]
81,3,3,[7, 60, 12]
82,7,13,[5, 58, 31, 84, 14, 9, 6]
83,2,3,[76, 23]
84,7,6,[14, 9, 6, 5, 58, 31, 84]
85,7,12,[5, 58, 31, 84, 14, 9, 6]
86,3,6,[7, 60, 12]
87,3,5,[60, 12, 7]
88,7,9,[9, 6, 5, 58, 31, 84, 14]
89,7,12,[5, 58, 31, 84, 14, 9, 6]
90,7,11,[5, 58, 31, 84, 14, 9, 6]
91,7,8,[6, 5, 58, 31, 84, 14, 9]
92,7,8,[6, 5, 58, 31, 84, 14, 9]
93,3,6,[7, 60, 12]
94,7,8,[9, 6, 5, 58, 31, 84, 14]
95,7,8,[6, 5, 58, 31, 84, 14, 9]
96,7,11,[5, 58, 31, 84, 14, 9, 6]
97,7,10,[5, 58, 31, 84, 14, 9, 6]
98,7,9,[5, 58, 31, 84, 14, 9, 6]
99,7,9,[9, 6, 5, 58, 31, 84, 14]
100,7,7,[9, 6, 5, 58, 31, 84, 14]
101,7,9,[6, 5, 58, 31, 84, 14, 9]
102,7,12,[5, 58, 31, 84, 14, 9, 6]
103,7,9,[6, 5, 58, 31, 84, 14, 9]
104,3,5,[7, 60, 12]
105,7,9,[5, 58, 31, 84, 14, 9, 6]
106,7,10,[5, 58, 31, 84, 14, 9, 6]
107,7,10,[5, 58, 31, 84, 14, 9, 6]
108,7,11,[5, 58, 31, 84, 14, 9, 6]
109,7,8,[9, 6, 5, 58, 31, 84, 14]
110,7,9,[5, 58, 31, 84, 14, 9, 6]
111,3,6,[7, 60, 12]
112,7,9,[5, 58, 31, 84, 14, 9, 6]
113,7,14,[5, 58, 31, 84, 14, 9, 6]
114,7,8,[6, 5, 58, 31, 84, 14, 9]
115,3,6,[7, 60, 12]
116,7,8,[9, 6, 5, 58, 31, 84, 14]
117,3,5,[7, 60, 12]
118,7,10,[6, 5, 58, 31, 84, 14, 9]
119,7,8,[6, 5, 58, 31, 84, 14, 9]
120,7,7,[9, 6, 5, 58, 31, 84, 14]
121,7,12,[5, 58, 31, 84, 14, 9, 6]
122,7,12,[5, 58, 31, 84, 14, 9, 6]
123,7,10,[5, 58, 31, 84, 14, 9, 6]
124,3,4,[7, 60, 12]
125,7,9,[5, 58, 31, 84, 14, 9, 6]
126,7,9,[5, 58, 31, 84, 14, 9, 6]
127,7,10,[5, 58, 31, 84, 14, 9, 6]
128,7,7,[9, 6, 5, 58, 31, 84, 14]
129,3,6,[60, 12, 7]
130,7,8,[6, 5, 58, 31, 84, 14, 9]
131,7,16,[5, 58, 31, 84, 14, 9, 6]
132,7,9,[5, 58, 31, 84, 14, 9, 6]
133,7,10,[5, 58, 31, 84, 14, 9, 6]
134,7,11,[5, 58, 31, 84, 14, 9, 6]
135,7,7,[9, 6, 5, 58, 31, 84, 14]
136,2,2,[76, 23]
137,7,11,[5, 58, 31, 84, 14, 9, 6]
138,3,6,[7, 60, 12]
139,7,10,[5, 58, 31, 84, 14, 9, 6]
140,7,9,[5, 58, 31, 84, 14, 9, 6]
141,3,4,[7, 60, 12]
142,7,11,[5, 58, 31, 84, 14, 9, 6]
143,7,8,[6, 5, 58, 31, 84, 14, 9]
144,7,7,[9, 6, 5, 58, 31, 84, 14]
145,3,6,[7, 60, 12]
146,7,12,[5, 58, 31, 84, 14, 9, 6]
147,7,9,[9, 6, 5, 58, 31, 84, 14]
148,7,10,[9, 6, 5, 58, 31, 84, 14]
149,7,11,[6, 5, 58, 31, 84, 14, 9]
150,7,9,[5, 58, 31, 84, 14, 9, 6]
151,7,9,[6, 5, 58, 31, 84, 14, 9]
152,3,5,[60, 12, 7]
153,2,2,[76, 23]
154,7,8,[6, 5, 58, 31, 84, 14, 9]
155,3,5,[60, 12, 7]
156,7,8,[6, 5, 58, 31, 84, 14, 9]
157,7,10,[9, 6, 5, 58, 31, 84, 14]
158,3,4,[7, 60, 12]
159,7,12,[5, 58, 31, 84, 14, 9, 6]
160,7,9,[5, 58, 31, 84, 14, 9, 6]
161,3,5,[60, 12, 7]
162,7,7,[9, 6, 5, 58, 31, 84, 14]
163,7,10,[5, 58, 31, 84, 14, 9, 6]
164,3,6,[7, 60, 12]
165,3,5,[7, 60, 12]
166,7,13,[5, 58, 31, 84, 14, 9, 6]
167,7,9,[6, 5, 58, 31, 84, 14, 9]
168,7,9,[5, 58, 31, 84, 14, 9, 6]
169,7,10,[5, 58, 31, 84, 14, 9, 6]
170,7,8,[6, 5, 58, 31, 84, 14, 9]
171,3,5,[60, 12, 7]
172,7,9,[9, 6, 5, 58, 31, 84, 14]
173,3,8,[7, 60, 12]
174,3,6,[7, 60, 12]
175,7,9,[9, 6, 5, 58, 31, 84, 14]
176,3,5,[7, 60, 12]
177,7,9,[9, 6, 5, 58, 31, 84, 14]
178,7,9,[6, 5, 58, 31, 84, 14, 9]
179,3,5,[7, 60, 12]
180,7,9,[5, 58, 31, 84, 14, 9, 6]
181,3,6,[60, 12, 7]
182,7,12,[5, 58, 31, 84, 14, 9, 6]
183,3,4,[7, 60, 12]
184,7,15,[5, 58, 31, 84, 14, 9, 6]
185,3,4,[7, 60, 12]
186,3,5,[60, 12, 7]
187,3,6,[7, 60, 12]
188,7,9,[6, 5, 58, 31, 84, 14, 9]
189,7,9,[5, 58, 31, 84, 14, 9, 6]
190,7,10,[5, 58, 31, 84, 14, 9, 6]
191,7,11,[5, 58, 31, 84, 14, 9, 6]
192,7,9,[5, 58, 31, 84, 14, 9, 6]
193,3,7,[60, 12, 7]
194,7,10,[9, 6, 5, 58, 31, 84, 14]
195,3,5,[60, 12, 7]
196,7,9,[5, 58, 31, 84, 14, 9, 6]
197,7,10,[9, 6, 5, 58, 31, 84, 14]
198,3,5,[7, 60, 12]
199,7,10,[9, 6, 5, 58, 31, 84, 14]
200,7,9,[5, 58, 31, 84, 14, 9, 6]
