1  1  [1]
2  5  [51, 20, 9, 6, 5]
3  5  [20, 9, 6, 5, 51]
4  1  [4]
5  5  [20, 9, 6, 5, 51]
6  5  [51, 20, 9, 6, 5]
7  5  [51, 20, 9, 6, 5]
8  5  [5, 51, 20, 9, 6]
9  5  [5, 51, 20, 9, 6]
10  5  [5, 51, 20, 9, 6]
11  5  [9, 6, 5, 51, 20]
12  5  [5, 51, 20, 9, 6]
13  5  [51, 20, 9, 6, 5]
14  5  [6, 5, 51, 20, 9]
15  5  [6, 5, 51, 20, 9]
16  5  [6, 5, 51, 20, 9]
17  5  [6, 5, 51, 20, 9]
18  5  [6, 5, 51, 20, 9]
19  5  [20, 9, 6, 5, 51]
20  5  [6, 5, 51, 20, 9]
21  5  [6, 5, 51, 20, 9]
22  5  [5, 51, 20, 9, 6]
23  5  [51, 20, 9, 6, 5]
24  5  [6, 5, 51, 20, 9]
25  5  [6, 5, 51, 20, 9]
26  5  [9, 6, 5, 51, 20]
27  5  [6, 5, 51, 20, 9]
28  5  [20, 9, 6, 5, 51]
29  5  [6, 5, 51, 20, 9]
30  5  [6, 5, 51, 20, 9]
31  5  [20, 9, 6, 5, 51]
32  5  [6, 5, 51, 20, 9]
33  5  [9, 6, 5, 51, 20]
34  5  [51, 20, 9, 6, 5]
35  5  [6, 5, 51, 20, 9]
36  5  [6, 5, 51, 20, 9]
37  5  [5, 51, 20, 9, 6]
38  5  [9, 6, 5, 51, 20]
39  5  [9, 6, 5, 51, 20]
40  5  [20, 9, 6, 5, 51]
41  5  [20, 9, 6, 5, 51]
42  5  [6, 5, 51, 20, 9]
43  5  [51, 20, 9, 6, 5]
44  5  [9, 6, 5, 51, 20]
45  5  [20, 9, 6, 5, 51]
46  5  [9, 6, 5, 51, 20]
47  5  [6, 5, 51, 20, 9]
48  5  [20, 9, 6, 5, 51]
49  5  [9, 6, 5, 51, 20]
50  5  [6, 5, 51, 20, 9]
51  5  [9, 6, 5, 51, 20]
52  5  [9, 6, 5, 51, 20]
53  5  [20, 9, 6, 5, 51]
54  5  [20, 9, 6, 5, 51]
55  5  [9, 6, 5, 51, 20]
56  5  [5, 51, 20, 9, 6]
57  5  [6, 5, 51, 20, 9]
58  5  [51, 20, 9, 6, 5]
59  5  [20, 9, 6, 5, 51]
60  5  [6, 5, 51, 20, 9]
61  5  [9, 6, 5, 51, 20]
62  5  [20, 9, 6, 5, 51]
63  5  [5, 51, 20, 9, 6]
64  5  [6, 5, 51, 20, 9]
65  5  [9, 6, 5, 51, 20]
66  5  [9, 6, 5, 51, 20]
67  5  [20, 9, 6, 5, 51]
68  5  [9, 6, 5, 51, 20]
69  5  [20, 9, 6, 5, 51]
70  5  [9, 6, 5, 51, 20]
71  5  [5, 51, 20, 9, 6]
72  5  [6, 5, 51, 20, 9]
73  5  [20, 9, 6, 5, 51]
74  5  [20, 9, 6, 5, 51]
75  5  [5, 51, 20, 9, 6]
76  5  [5, 51, 20, 9, 6]
77  5  [9, 6, 5, 51, 20]
78  5  [9, 6, 5, 51, 20]
79  5  [20, 9, 6, 5, 51]
80  5  [5, 51, 20, 9, 6]
81  5  [6, 5, 51, 20, 9]
82  5  [5, 51, 20, 9, 6]
83  5  [51, 20, 9, 6, 5]
84  5  [9, 6, 5, 51, 20]
85  5  [6, 5, 51, 20, 9]
86  5  [51, 20, 9, 6, 5]
87  5  [9, 6, 5, 51, 20]
88  5  [9, 6, 5, 51, 20]
89  5  [20, 9, 6, 5, 51]
90  5  [5, 51, 20, 9, 6]
91  5  [9, 6, 5, 51, 20]
92  5  [9, 6, 5, 51, 20]
93  5  [5, 51, 20, 9, 6]
94  5  [20, 9, 6, 5, 51]
95  5  [9, 6, 5, 51, 20]
96  5  [5, 51, 20, 9, 6]
97  5  [20, 9, 6, 5, 51]
98  5  [9, 6, 5, 51, 20]
99  5  [9, 6, 5, 51, 20]
100  5  [9, 6, 5, 51, 20]
101  5  [20, 9, 6, 5, 51]
102  5  [6, 5, 51, 20, 9]
103  5  [51, 20, 9, 6, 5]
104  5  [51, 20, 9, 6, 5]
