1,1,0,[1]
2,6,8,[14, 9, 6, 5, 62, 33]
3,3,4,[7, 64, 12]
4,1,0,[4]
5,6,5,[62, 33, 14, 9, 6, 5]
6,6,5,[5, 62, 33, 14, 9, 6]
7,3,2,[64, 12, 7]
8,6,6,[5, 62, 33, 14, 9, 6]
9,6,5,[6, 5, 62, 33, 14, 9]
10,3,3,[64, 12, 7]
11,3,6,[64, 12, 7]
12,3,2,[7, 64, 12]
13,6,7,[9, 6, 5, 62, 33, 14]
14,6,5,[9, 6, 5, 62, 33, 14]
15,6,7,[5, 62, 33, 14, 9, 6]
16,6,7,[5, 62, 33, 14, 9, 6]
17,6,10,[5, 62, 33, 14, 9, 6]
18,6,7,[5, 62, 33, 14, 9, 6]
19,6,11,[9, 6, 5, 62, 33, 14]
20,6,6,[6, 5, 62, 33, 14, 9]
21,3,4,[64, 12, 7]
22,6,8,[9, 6, 5, 62, 33, 14]
23,6,9,[9, 6, 5, 62, 33, 14]
24,6,6,[6, 5, 62, 33, 14, 9]
25,3,4,[64, 12, 7]
26,6,8,[5, 62, 33, 14, 9, 6]
27,6,6,[6, 5, 62, 33, 14, 9]
28,3,7,[64, 12, 7]
29,3,9,[64, 12, 7]
30,3,4,[64, 12, 7]
31,6,12,[5, 62, 33, 14, 9, 6]
32,3,4,[64, 12, 7]
33,6,5,[14, 9, 6, 5, 62, 33]
34,6,12,[9, 6, 5, 62, 33, 14]
35,3,3,[7, 64, 12]
36,3,4,[64, 12, 7]
37,6,8,[9, 6, 5, 62, 33, 14]
38,3,5,[64, 12, 7]
39,6,8,[5, 62, 33, 14, 9, 6]
40,3,7,[64, 12, 7]
41,6,9,[5, 62, 33, 14, 9, 6]
42,3,3,[7, 64, 12]
43,6,7,[9, 6, 5, 62, 33, 14]
44,6,8,[5, 62, 33, 14, 9, 6]
45,3,7,[64, 12, 7]
46,3,5,[64, 12, 7]
47,6,13,[9, 6, 5, 62, 33, 14]
48,3,7,[64, 12, 7]
49,6,6,[9, 6, 5, 62, 33, 14]
50,3,3,[7, 64, 12]
51,6,7,[6, 5, 62, 33, 14, 9]
52,6,11,[5, 62, 33, 14, 9, 6]
53,6,9,[5, 62, 33, 14, 9, 6]
54,3,7,[64, 12, 7]
55,6,8,[5, 62, 33, 14, 9, 6]
56,6,8,[9, 6, 5, 62, 33, 14]
57,6,9,[9, 6, 5, 62, 33, 14]
58,6,13,[5, 62, 33, 14, 9, 6]
59,6,7,[14, 9, 6, 5, 62, 33]
60,3,3,[7, 64, 12]
61,2,1,[118, 61]
62,6,5,[33, 14, 9, 6, 5, 62]
63,6,8,[9, 6, 5, 62, 33, 14]
64,3,2,[12, 7, 64]
65,6,8,[5, 62, 33, 14, 9, 6]
66,6,8,[5, 62, 33, 14, 9, 6]
67,3,5,[7, 64, 12]
68,3,5,[64, 12, 7]
69,6,9,[5, 62, 33, 14, 9, 6]
70,6,6,[9, 6, 5, 62, 33, 14]
71,6,7,[9, 6, 5, 62, 33, 14]
72,3,3,[7, 64, 12]
73,6,8,[6, 5, 62, 33, 14, 9]
74,6,9,[5, 62, 33, 14, 9, 6]
75,6,8,[9, 6, 5, 62, 33, 14]
76,6,10,[9, 6, 5, 62, 33, 14]
77,6,8,[5, 62, 33, 14, 9, 6]
78,6,8,[5, 62, 33, 14, 9, 6]
79,6,11,[9, 6, 5, 62, 33, 14]
80,6,8,[9, 6, 5, 62, 33, 14]
81,3,3,[7, 64, 12]
82,6,8,[9, 6, 5, 62, 33, 14]
83,6,9,[5, 62, 33, 14, 9, 6]
84,6,6,[9, 6, 5, 62, 33, 14]
85,6,9,[9, 6, 5, 62, 33, 14]
86,3,8,[64, 12, 7]
87,3,5,[64, 12, 7]
88,6,11,[5, 62, 33, 14, 9, 6]
89,6,10,[9, 6, 5, 62, 33, 14]
90,6,8,[9, 6, 5, 62, 33, 14]
91,6,7,[6, 5, 62, 33, 14, 9]
92,6,7,[6, 5, 62, 33, 14, 9]
93,6,13,[9, 6, 5, 62, 33, 14]
94,6,7,[9, 6, 5, 62, 33, 14]
95,6,7,[6, 5, 62, 33, 14, 9]
96,6,8,[9, 6, 5, 62, 33, 14]
97,6,8,[6, 5, 62, 33, 14, 9]
98,6,8,[5, 62, 33, 14, 9, 6]
99,6,11,[5, 62, 33, 14, 9, 6]
100,6,6,[9, 6, 5, 62, 33, 14]
101,3,5,[7, 64, 12]
102,6,9,[9, 6, 5, 62, 33, 14]
103,6,9,[5, 62, 33, 14, 9, 6]
104,6,12,[9, 6, 5, 62, 33, 14]
105,6,8,[5, 62, 33, 14, 9, 6]
106,6,9,[5, 62, 33, 14, 9, 6]
107,3,9,[64, 12, 7]
108,6,8,[9, 6, 5, 62, 33, 14]
109,6,11,[9, 6, 5, 62, 33, 14]
110,6,8,[5, 62, 33, 14, 9, 6]
111,3,8,[64, 12, 7]
112,6,8,[5, 62, 33, 14, 9, 6]
113,6,8,[6, 5, 62, 33, 14, 9]
114,6,7,[6, 5, 62, 33, 14, 9]
115,3,8,[64, 12, 7]
116,6,6,[14, 9, 6, 5, 62, 33]
117,6,12,[9, 6, 5, 62, 33, 14]
118,2,1,[61, 118]
119,6,7,[6, 5, 62, 33, 14, 9]
120,6,6,[9, 6, 5, 62, 33, 14]
121,6,9,[9, 6, 5, 62, 33, 14]
122,6,9,[9, 6, 5, 62, 33, 14]
123,6,9,[5, 62, 33, 14, 9, 6]
124,3,4,[7, 64, 12]
125,6,8,[5, 62, 33, 14, 9, 6]
126,6,8,[5, 62, 33, 14, 9, 6]
127,3,11,[64, 12, 7]
128,6,6,[9, 6, 5, 62, 33, 14]
129,3,6,[64, 12, 7]
130,6,7,[6, 5, 62, 33, 14, 9]
131,6,9,[6, 5, 62, 33, 14, 9]
132,6,8,[5, 62, 33, 14, 9, 6]
133,6,9,[5, 62, 33, 14, 9, 6]
134,6,10,[5, 62, 33, 14, 9, 6]
135,6,6,[9, 6, 5, 62, 33, 14]
136,6,10,[9, 6, 5, 62, 33, 14]
137,6,13,[5, 62, 33, 14, 9, 6]
138,3,8,[64, 12, 7]
139,6,9,[5, 62, 33, 14, 9, 6]
140,6,8,[5, 62, 33, 14, 9, 6]
141,3,4,[7, 64, 12]
142,6,9,[6, 5, 62, 33, 14, 9]
143,6,7,[6, 5, 62, 33, 14, 9]
144,6,6,[9, 6, 5, 62, 33, 14]
145,6,13,[9, 6, 5, 62, 33, 14]
146,6,9,[9, 6, 5, 62, 33, 14]
147,6,11,[5, 62, 33, 14, 9, 6]
148,6,10,[5, 62, 33, 14, 9, 6]
149,6,10,[5, 62, 33, 14, 9, 6]
150,6,8,[5, 62, 33, 14, 9, 6]
151,3,6,[64, 12, 7]
152,3,5,[64, 12, 7]
153,6,10,[9, 6, 5, 62, 33, 14]
154,6,7,[6, 5, 62, 33, 14, 9]
155,3,5,[64, 12, 7]
156,6,7,[6, 5, 62, 33, 14, 9]
157,6,13,[9, 6, 5, 62, 33, 14]
158,3,4,[7, 64, 12]
159,6,9,[9, 6, 5, 62, 33, 14]
160,6,8,[5, 62, 33, 14, 9, 6]
161,3,5,[64, 12, 7]
162,6,6,[9, 6, 5, 62, 33, 14]
163,6,8,[6, 5, 62, 33, 14, 9]
164,3,8,[64, 12, 7]
165,6,12,[9, 6, 5, 62, 33, 14]
166,6,10,[9, 6, 5, 62, 33, 14]
167,6,12,[5, 62, 33, 14, 9, 6]
168,6,8,[5, 62, 33, 14, 9, 6]
169,6,9,[5, 62, 33, 14, 9, 6]
170,6,7,[6, 5, 62, 33, 14, 9]
171,3,5,[64, 12, 7]
172,6,14,[9, 6, 5, 62, 33, 14]
173,3,6,[64, 12, 7]
174,6,13,[9, 6, 5, 62, 33, 14]
175,6,11,[5, 62, 33, 14, 9, 6]
176,6,12,[9, 6, 5, 62, 33, 14]
177,6,6,[33, 14, 9, 6, 5, 62]
178,6,8,[6, 5, 62, 33, 14, 9]
179,6,10,[9, 6, 5, 62, 33, 14]
180,6,8,[5, 62, 33, 14, 9, 6]
181,6,10,[5, 62, 33, 14, 9, 6]
182,6,9,[9, 6, 5, 62, 33, 14]
183,3,3,[12, 7, 64]
184,3,10,[64, 12, 7]
185,3,4,[7, 64, 12]
186,3,5,[64, 12, 7]
187,3,8,[64, 12, 7]
188,6,8,[6, 5, 62, 33, 14, 9]
189,6,8,[5, 62, 33, 14, 9, 6]
190,6,9,[5, 62, 33, 14, 9, 6]
191,6,10,[9, 6, 5, 62, 33, 14]
192,6,8,[5, 62, 33, 14, 9, 6]
193,6,12,[5, 62, 33, 14, 9, 6]
194,6,12,[5, 62, 33, 14, 9, 6]
195,3,5,[64, 12, 7]
196,6,8,[5, 62, 33, 14, 9, 6]
197,3,8,[64, 12, 7]
198,6,12,[9, 6, 5, 62, 33, 14]
199,6,9,[5, 62, 33, 14, 9, 6]
200,6,8,[5, 62, 33, 14, 9, 6]
