1,1,0,[1],[0]
2,4,15,[11, 40, 111, 428],[1, 0, 0, 0]
3,4,13,[11, 40, 111, 428],[1, 0, 0, 0]
4,1,0,[4],[0]
5,8,0,[5, 6, 8, 16, 39, 74, 213, 422],[1, 0, 0, 0, 0, 0, 0, 0]
6,8,0,[5, 6, 8, 16, 39, 74, 213, 422],[1, 0, 0, 0, 0, 0, 0, 0]
7,4,5,[11, 40, 111, 428],[1, 0, 0, 0]
8,8,0,[5, 6, 8, 16, 39, 74, 213, 422],[1, 0, 0, 0, 0, 0, 0, 0]
9,8,1,[5, 6, 8, 16, 39, 74, 213, 422],[1, 0, 0, 0, 0, 0, 0, 0]
10,4,6,[11, 40, 111, 428],[1, 0, 0, 0]
11,4,0,[11, 40, 111, 428],[1, 0, 0, 0]
12,4,6,[11, 40, 111, 428],[1, 0, 0, 0]
13,4,9,[11, 40, 111, 428],[1, 0, 0, 0]
14,8,2,[5, 6, 8, 16, 39, 74, 213, 422],[1, 0, 0, 0, 0, 0, 0, 0]
15,8,1,[5, 6, 8, 16, 39, 74, 213, 422],[1, 0, 0, 0, 0, 0, 0, 0]
16,8,0,[5, 6, 8, 16, 39, 74, 213, 422],[1, 0, 0, 0, 0, 0, 0, 0]
17,4,2,[11, 40, 111, 428],[1, 0, 0, 0]
18,8,1,[5, 6, 8, 16, 39, 74, 213, 422],[1, 0, 0, 0, 0, 0, 0, 0]
19,4,11,[11, 40, 111, 428],[1, 0, 0, 0]
20,8,2,[5, 6, 8, 16, 39, 74, 213, 422],[1, 0, 0, 0, 0, 0, 0, 0]
21,4,7,[11, 40, 111, 428],[1, 0, 0, 0]
22,4,10,[11, 40, 111, 428],[1, 0, 0, 0]
23,4,12,[11, 40, 111, 428],[1, 0, 0, 0]
24,8,2,[5, 6, 8, 16, 39, 74, 213, 422],[1, 0, 0, 0, 0, 0, 0, 0]
25,4,7,[11, 40, 111, 428],[1, 0, 0, 0]
26,8,2,[5, 6, 8, 16, 39, 74, 213, 422],[1, 0, 0, 0, 0, 0, 0, 0]
27,8,2,[5, 6, 8, 16, 39, 74, 213, 422],[1, 0, 0, 0, 0, 0, 0, 0]
28,4,1,[11, 40, 111, 428],[1, 0, 0, 0]
29,8,3,[5, 6, 8, 16, 39, 74, 213, 422],[1, 0, 0, 0, 0, 0, 0, 0]
30,4,7,[11, 40, 111, 428],[1, 0, 0, 0]
31,4,13,[11, 40, 111, 428],[1, 0, 0, 0]
32,4,7,[11, 40, 111, 428],[1, 0, 0, 0]
33,8,3,[5, 6, 8, 16, 39, 74, 213, 422],[1, 0, 0, 0, 0, 0, 0, 0]
34,4,12,[11, 40, 111, 428],[1, 0, 0, 0]
35,4,7,[11, 40, 111, 428],[1, 0, 0, 0]
36,4,7,[11, 40, 111, 428],[1, 0, 0, 0]
37,4,12,[11, 40, 111, 428],[1, 0, 0, 0]
38,4,8,[11, 40, 111, 428],[1, 0, 0, 0]
39,8,0,[5, 6, 8, 16, 39, 74, 213, 422],[1, 0, 0, 0, 0, 0, 0, 0]
40,4,0,[11, 40, 111, 428],[1, 0, 0, 0]
41,4,10,[11, 40, 111, 428],[1, 0, 0, 0]
42,4,7,[11, 40, 111, 428],[1, 0, 0, 0]
43,4,9,[11, 40, 111, 428],[1, 0, 0, 0]
44,8,2,[5, 6, 8, 16, 39, 74, 213, 422],[1, 0, 0, 0, 0, 0, 0, 0]
45,4,1,[11, 40, 111, 428],[1, 0, 0, 0]
46,4,8,[11, 40, 111, 428],[1, 0, 0, 0]
47,4,14,[11, 40, 111, 428],[1, 0, 0, 0]
48,4,1,[11, 40, 111, 428],[1, 0, 0, 0]
49,8,3,[5, 6, 8, 16, 39, 74, 213, 422],[1, 0, 0, 0, 0, 0, 0, 0]
50,4,7,[11, 40, 111, 428],[1, 0, 0, 0]
51,8,3,[5, 6, 8, 16, 39, 74, 213, 422],[1, 0, 0, 0, 0, 0, 0, 0]
52,4,3,[11, 40, 111, 428],[1, 0, 0, 0]
53,4,3,[11, 40, 111, 428],[1, 0, 0, 0]
54,4,1,[11, 40, 111, 428],[1, 0, 0, 0]
55,8,1,[5, 6, 8, 16, 39, 74, 213, 422],[1, 0, 0, 0, 0, 0, 0, 0]
56,4,10,[11, 40, 111, 428],[1, 0, 0, 0]
57,4,11,[11, 40, 111, 428],[1, 0, 0, 0]
58,4,14,[11, 40, 111, 428],[1, 0, 0, 0]
59,4,3,[11, 40, 111, 428],[1, 0, 0, 0]
60,4,7,[11, 40, 111, 428],[1, 0, 0, 0]
61,4,14,[11, 40, 111, 428],[1, 0, 0, 0]
62,8,4,[5, 6, 8, 16, 39, 74, 213, 422],[1, 0, 0, 0, 0, 0, 0, 0]
63,4,10,[11, 40, 111, 428],[1, 0, 0, 0]
64,4,7,[11, 40, 111, 428],[1, 0, 0, 0]
65,8,2,[5, 6, 8, 16, 39, 74, 213, 422],[1, 0, 0, 0, 0, 0, 0, 0]
66,8,1,[5, 6, 8, 16, 39, 74, 213, 422],[1, 0, 0, 0, 0, 0, 0, 0]
67,8,4,[5, 6, 8, 16, 39, 74, 213, 422],[1, 0, 0, 0, 0, 0, 0, 0]
68,4,8,[11, 40, 111, 428],[1, 0, 0, 0]
69,8,3,[5, 6, 8, 16, 39, 74, 213, 422],[1, 0, 0, 0, 0, 0, 0, 0]
70,8,3,[5, 6, 8, 16, 39, 74, 213, 422],[1, 0, 0, 0, 0, 0, 0, 0]
71,8,6,[5, 6, 8, 16, 39, 74, 213, 422],[1, 0, 0, 0, 0, 0, 0, 0]
72,4,7,[11, 40, 111, 428],[1, 0, 0, 0]
73,4,9,[11, 40, 111, 428],[1, 0, 0, 0]
74,8,0,[5, 6, 8, 16, 39, 74, 213, 422],[1, 0, 0, 0, 0, 0, 0, 0]
75,4,10,[11, 40, 111, 428],[1, 0, 0, 0]
76,4,13,[11, 40, 111, 428],[1, 0, 0, 0]
77,8,2,[5, 6, 8, 16, 39, 74, 213, 422],[1, 0, 0, 0, 0, 0, 0, 0]
78,8,2,[5, 6, 8, 16, 39, 74, 213, 422],[1, 0, 0, 0, 0, 0, 0, 0]
79,8,2,[5, 6, 8, 16, 39, 74, 213, 422],[1, 0, 0, 0, 0, 0, 0, 0]
80,4,10,[11, 40, 111, 428],[1, 0, 0, 0]
81,4,7,[11, 40, 111, 428],[1, 0, 0, 0]
82,4,10,[11, 40, 111, 428],[1, 0, 0, 0]
83,4,13,[11, 40, 111, 428],[1, 0, 0, 0]
84,8,3,[5, 6, 8, 16, 39, 74, 213, 422],[1, 0, 0, 0, 0, 0, 0, 0]
85,4,11,[11, 40, 111, 428],[1, 0, 0, 0]
86,4,2,[11, 40, 111, 428],[1, 0, 0, 0]
87,4,8,[11, 40, 111, 428],[1, 0, 0, 0]
88,4,3,[11, 40, 111, 428],[1, 0, 0, 0]
89,4,9,[11, 40, 111, 428],[1, 0, 0, 0]
90,4,10,[11, 40, 111, 428],[1, 0, 0, 0]
91,8,3,[5, 6, 8, 16, 39, 74, 213, 422],[1, 0, 0, 0, 0, 0, 0, 0]
92,8,3,[5, 6, 8, 16, 39, 74, 213, 422],[1, 0, 0, 0, 0, 0, 0, 0]
93,4,13,[11, 40, 111, 428],[1, 0, 0, 0]
94,8,4,[5, 6, 8, 16, 39, 74, 213, 422],[1, 0, 0, 0, 0, 0, 0, 0]
95,8,3,[5, 6, 8, 16, 39, 74, 213, 422],[1, 0, 0, 0, 0, 0, 0, 0]
96,4,10,[11, 40, 111, 428],[1, 0, 0, 0]
97,8,5,[5, 6, 8, 16, 39, 74, 213, 422],[1, 0, 0, 0, 0, 0, 0, 0]
98,8,1,[5, 6, 8, 16, 39, 74, 213, 422],[1, 0, 0, 0, 0, 0, 0, 0]
99,4,3,[11, 40, 111, 428],[1, 0, 0, 0]
100,8,3,[5, 6, 8, 16, 39, 74, 213, 422],[1, 0, 0, 0, 0, 0, 0, 0]
