1,1,0,[1]
2,8,10,[208, 21, 10, 7, 198, 19, 210, 17]
3,8,10,[208, 21, 10, 7, 198, 19, 210, 17]
4,1,0,[4]
5,5,4,[196, 18, 8, 6, 5]
6,5,4,[5, 196, 18, 8, 6]
7,8,7,[198, 19, 210, 17, 208, 21, 10, 7]
8,5,4,[6, 5, 196, 18, 8]
9,5,5,[5, 196, 18, 8, 6]
10,8,7,[7, 198, 19, 210, 17, 208, 21, 10]
11,8,11,[210, 17, 208, 21, 10, 7, 198, 19]
12,8,8,[198, 19, 210, 17, 208, 21, 10, 7]
13,5,8,[5, 196, 18, 8, 6]
14,5,6,[5, 196, 18, 8, 6]
15,5,5,[6, 5, 196, 18, 8]
16,5,5,[6, 5, 196, 18, 8]
17,8,7,[208, 21, 10, 7, 198, 19, 210, 17]
18,5,4,[8, 6, 5, 196, 18]
19,8,7,[210, 17, 208, 21, 10, 7, 198, 19]
20,5,6,[5, 196, 18, 8, 6]
21,8,7,[10, 7, 198, 19, 210, 17, 208, 21]
22,5,9,[5, 196, 18, 8, 6]
23,8,11,[208, 21, 10, 7, 198, 19, 210, 17]
24,5,6,[5, 196, 18, 8, 6]
25,8,8,[7, 198, 19, 210, 17, 208, 21, 10]
26,5,6,[6, 5, 196, 18, 8]
27,5,6,[5, 196, 18, 8, 6]
28,8,12,[210, 17, 208, 21, 10, 7, 198, 19]
29,5,8,[5, 196, 18, 8, 6]
30,8,8,[7, 198, 19, 210, 17, 208, 21, 10]
31,8,11,[198, 19, 210, 17, 208, 21, 10, 7]
32,8,8,[7, 198, 19, 210, 17, 208, 21, 10]
33,5,7,[5, 196, 18, 8, 6]
34,8,8,[210, 17, 208, 21, 10, 7, 198, 19]
35,8,9,[198, 19, 210, 17, 208, 21, 10, 7]
36,8,8,[7, 198, 19, 210, 17, 208, 21, 10]
37,5,8,[6, 5, 196, 18, 8]
38,8,8,[10, 7, 198, 19, 210, 17, 208, 21]
39,5,6,[6, 5, 196, 18, 8]
40,8,12,[210, 17, 208, 21, 10, 7, 198, 19]
41,8,11,[198, 19, 210, 17, 208, 21, 10, 7]
42,8,9,[198, 19, 210, 17, 208, 21, 10, 7]
43,8,9,[10, 7, 198, 19, 210, 17, 208, 21]
44,5,6,[6, 5, 196, 18, 8]
45,8,12,[210, 17, 208, 21, 10, 7, 198, 19]
46,8,9,[7, 198, 19, 210, 17, 208, 21, 10]
47,5,8,[6, 5, 196, 18, 8]
48,8,12,[210, 17, 208, 21, 10, 7, 198, 19]
49,5,7,[5, 196, 18, 8, 6]
50,8,9,[198, 19, 210, 17, 208, 21, 10, 7]
51,5,7,[5, 196, 18, 8, 6]
52,8,8,[208, 21, 10, 7, 198, 19, 210, 17]
53,5,7,[8, 6, 5, 196, 18]
54,8,12,[210, 17, 208, 21, 10, 7, 198, 19]
55,5,6,[6, 5, 196, 18, 8]
56,5,9,[5, 196, 18, 8, 6]
57,5,10,[5, 196, 18, 8, 6]
58,8,12,[198, 19, 210, 17, 208, 21, 10, 7]
59,8,9,[208, 21, 10, 7, 198, 19, 210, 17]
60,8,9,[198, 19, 210, 17, 208, 21, 10, 7]
61,8,9,[208, 21, 10, 7, 198, 19, 210, 17]
62,5,8,[5, 196, 18, 8, 6]
63,5,9,[5, 196, 18, 8, 6]
64,8,9,[198, 19, 210, 17, 208, 21, 10, 7]
65,5,5,[8, 6, 5, 196, 18]
66,5,6,[6, 5, 196, 18, 8]
67,8,14,[210, 17, 208, 21, 10, 7, 198, 19]
68,8,8,[10, 7, 198, 19, 210, 17, 208, 21]
69,5,7,[6, 5, 196, 18, 8]
70,5,7,[5, 196, 18, 8, 6]
71,5,9,[6, 5, 196, 18, 8]
72,8,9,[198, 19, 210, 17, 208, 21, 10, 7]
73,5,8,[5, 196, 18, 8, 6]
74,5,7,[6, 5, 196, 18, 8]
75,5,9,[5, 196, 18, 8, 6]
76,8,12,[208, 21, 10, 7, 198, 19, 210, 17]
77,5,5,[8, 6, 5, 196, 18]
78,5,5,[8, 6, 5, 196, 18]
79,5,7,[6, 5, 196, 18, 8]
80,5,9,[5, 196, 18, 8, 6]
81,8,9,[198, 19, 210, 17, 208, 21, 10, 7]
82,8,10,[10, 7, 198, 19, 210, 17, 208, 21]
83,8,11,[10, 7, 198, 19, 210, 17, 208, 21]
84,5,7,[5, 196, 18, 8, 6]
85,5,10,[5, 196, 18, 8, 6]
86,8,13,[210, 17, 208, 21, 10, 7, 198, 19]
87,8,9,[7, 198, 19, 210, 17, 208, 21, 10]
88,8,8,[208, 21, 10, 7, 198, 19, 210, 17]
89,5,6,[8, 6, 5, 196, 18]
90,5,9,[5, 196, 18, 8, 6]
91,5,7,[5, 196, 18, 8, 6]
92,5,7,[5, 196, 18, 8, 6]
93,8,9,[210, 17, 208, 21, 10, 7, 198, 19]
94,5,8,[5, 196, 18, 8, 6]
95,5,7,[5, 196, 18, 8, 6]
96,5,9,[5, 196, 18, 8, 6]
97,5,7,[6, 5, 196, 18, 8]
98,5,6,[6, 5, 196, 18, 8]
99,8,8,[208, 21, 10, 7, 198, 19, 210, 17]
100,5,7,[5, 196, 18, 8, 6]
101,5,7,[8, 6, 5, 196, 18]
102,5,10,[5, 196, 18, 8, 6]
103,8,9,[210, 17, 208, 21, 10, 7, 198, 19]
104,8,8,[210, 17, 208, 21, 10, 7, 198, 19]
105,5,6,[6, 5, 196, 18, 8]
106,5,7,[6, 5, 196, 18, 8]
107,5,10,[5, 196, 18, 8, 6]
108,5,9,[5, 196, 18, 8, 6]
109,8,9,[208, 21, 10, 7, 198, 19, 210, 17]
110,5,5,[8, 6, 5, 196, 18]
111,8,13,[210, 17, 208, 21, 10, 7, 198, 19]
112,5,6,[6, 5, 196, 18, 8]
113,5,8,[5, 196, 18, 8, 6]
114,5,7,[5, 196, 18, 8, 6]
115,8,13,[210, 17, 208, 21, 10, 7, 198, 19]
116,5,8,[5, 196, 18, 8, 6]
117,8,8,[210, 17, 208, 21, 10, 7, 198, 19]
118,8,10,[208, 21, 10, 7, 198, 19, 210, 17]
119,5,7,[5, 196, 18, 8, 6]
120,5,7,[5, 196, 18, 8, 6]
121,5,10,[5, 196, 18, 8, 6]
122,5,10,[5, 196, 18, 8, 6]
123,5,7,[6, 5, 196, 18, 8]
124,8,10,[198, 19, 210, 17, 208, 21, 10, 7]
125,5,6,[6, 5, 196, 18, 8]
126,5,6,[6, 5, 196, 18, 8]
127,8,14,[198, 19, 210, 17, 208, 21, 10, 7]
128,5,7,[5, 196, 18, 8, 6]
129,8,10,[7, 198, 19, 210, 17, 208, 21, 10]
130,5,7,[5, 196, 18, 8, 6]
131,8,10,[7, 198, 19, 210, 17, 208, 21, 10]
132,5,5,[8, 6, 5, 196, 18]
133,5,7,[6, 5, 196, 18, 8]
134,5,8,[6, 5, 196, 18, 8]
135,5,7,[5, 196, 18, 8, 6]
136,8,12,[208, 21, 10, 7, 198, 19, 210, 17]
137,5,10,[6, 5, 196, 18, 8]
138,8,13,[210, 17, 208, 21, 10, 7, 198, 19]
139,8,9,[10, 7, 198, 19, 210, 17, 208, 21]
140,5,6,[6, 5, 196, 18, 8]
141,8,10,[198, 19, 210, 17, 208, 21, 10, 7]
142,5,9,[5, 196, 18, 8, 6]
143,5,7,[5, 196, 18, 8, 6]
144,5,7,[5, 196, 18, 8, 6]
145,8,9,[210, 17, 208, 21, 10, 7, 198, 19]
146,5,10,[5, 196, 18, 8, 6]
147,8,8,[208, 21, 10, 7, 198, 19, 210, 17]
148,8,12,[198, 19, 210, 17, 208, 21, 10, 7]
149,5,8,[6, 5, 196, 18, 8]
150,5,6,[6, 5, 196, 18, 8]
151,5,8,[5, 196, 18, 8, 6]
152,8,9,[7, 198, 19, 210, 17, 208, 21, 10]
153,8,12,[208, 21, 10, 7, 198, 19, 210, 17]
154,5,7,[5, 196, 18, 8, 6]
155,8,9,[7, 198, 19, 210, 17, 208, 21, 10]
156,5,7,[5, 196, 18, 8, 6]
157,8,10,[7, 198, 19, 210, 17, 208, 21, 10]
158,8,10,[198, 19, 210, 17, 208, 21, 10, 7]
159,5,10,[5, 196, 18, 8, 6]
160,5,6,[6, 5, 196, 18, 8]
161,8,9,[7, 198, 19, 210, 17, 208, 21, 10]
162,5,7,[5, 196, 18, 8, 6]
163,8,11,[198, 19, 210, 17, 208, 21, 10, 7]
164,8,13,[210, 17, 208, 21, 10, 7, 198, 19]
165,8,8,[210, 17, 208, 21, 10, 7, 198, 19]
166,5,11,[5, 196, 18, 8, 6]
167,8,12,[10, 7, 198, 19, 210, 17, 208, 21]
168,5,6,[6, 5, 196, 18, 8]
169,5,7,[6, 5, 196, 18, 8]
170,5,7,[5, 196, 18, 8, 6]
171,8,9,[7, 198, 19, 210, 17, 208, 21, 10]
172,5,9,[6, 5, 196, 18, 8]
173,5,8,[5, 196, 18, 8, 6]
174,8,9,[210, 17, 208, 21, 10, 7, 198, 19]
175,8,8,[208, 21, 10, 7, 198, 19, 210, 17]
176,8,8,[210, 17, 208, 21, 10, 7, 198, 19]
177,5,9,[5, 196, 18, 8, 6]
178,5,8,[5, 196, 18, 8, 6]
179,5,8,[6, 5, 196, 18, 8]
180,5,6,[6, 5, 196, 18, 8]
181,8,10,[10, 7, 198, 19, 210, 17, 208, 21]
182,5,10,[5, 196, 18, 8, 6]
183,8,10,[198, 19, 210, 17, 208, 21, 10, 7]
184,5,9,[5, 196, 18, 8, 6]
185,8,10,[198, 19, 210, 17, 208, 21, 10, 7]
186,8,9,[7, 198, 19, 210, 17, 208, 21, 10]
187,8,13,[210, 17, 208, 21, 10, 7, 198, 19]
188,5,8,[5, 196, 18, 8, 6]
189,5,6,[6, 5, 196, 18, 8]
190,5,7,[6, 5, 196, 18, 8]
191,8,11,[208, 21, 10, 7, 198, 19, 210, 17]
192,5,6,[6, 5, 196, 18, 8]
193,8,9,[208, 21, 10, 7, 198, 19, 210, 17]
194,8,9,[208, 21, 10, 7, 198, 19, 210, 17]
195,8,8,[10, 7, 198, 19, 210, 17, 208, 21]
196,5,4,[18, 8, 6, 5, 196]
197,5,9,[8, 6, 5, 196, 18]
198,8,7,[19, 210, 17, 208, 21, 10, 7, 198]
199,8,13,[208, 21, 10, 7, 198, 19, 210, 17]
200,5,6,[6, 5, 196, 18, 8]
