1  1  [1]
2  6  [10, 7, 34, 19, 46, 25]
3  6  [10, 7, 34, 19, 46, 25]
4  1  [4]
5  6  [10, 7, 34, 19, 46, 25]
6  6  [25, 10, 7, 34, 19, 46]
7  6  [19, 46, 25, 10, 7, 34]
8  6  [46, 25, 10, 7, 34, 19]
9  6  [46, 25, 10, 7, 34, 19]
10  6  [34, 19, 46, 25, 10, 7]
11  6  [25, 10, 7, 34, 19, 46]
12  6  [34, 19, 46, 25, 10, 7]
13  6  [19, 46, 25, 10, 7, 34]
14  6  [19, 46, 25, 10, 7, 34]
15  6  [19, 46, 25, 10, 7, 34]
16  6  [19, 46, 25, 10, 7, 34]
17  6  [7, 34, 19, 46, 25, 10]
18  6  [19, 46, 25, 10, 7, 34]
19  6  [25, 10, 7, 34, 19, 46]
20  6  [19, 46, 25, 10, 7, 34]
21  6  [7, 34, 19, 46, 25, 10]
22  6  [34, 19, 46, 25, 10, 7]
23  6  [10, 7, 34, 19, 46, 25]
24  6  [19, 46, 25, 10, 7, 34]
25  6  [7, 34, 19, 46, 25, 10]
26  6  [34, 19, 46, 25, 10, 7]
27  6  [19, 46, 25, 10, 7, 34]
28  6  [46, 25, 10, 7, 34, 19]
29  6  [7, 34, 19, 46, 25, 10]
30  6  [7, 34, 19, 46, 25, 10]
31  2  [31, 58]
32  6  [7, 34, 19, 46, 25, 10]
33  6  [34, 19, 46, 25, 10, 7]
34  6  [46, 25, 10, 7, 34, 19]
35  6  [7, 34, 19, 46, 25, 10]
36  6  [7, 34, 19, 46, 25, 10]
37  6  [10, 7, 34, 19, 46, 25]
38  6  [10, 7, 34, 19, 46, 25]
39  6  [34, 19, 46, 25, 10, 7]
40  6  [46, 25, 10, 7, 34, 19]
41  6  [25, 10, 7, 34, 19, 46]
42  6  [7, 34, 19, 46, 25, 10]
43  6  [7, 34, 19, 46, 25, 10]
44  6  [34, 19, 46, 25, 10, 7]
45  6  [46, 25, 10, 7, 34, 19]
46  6  [10, 7, 34, 19, 46, 25]
47  6  [10, 7, 34, 19, 46, 25]
48  6  [46, 25, 10, 7, 34, 19]
49  6  [34, 19, 46, 25, 10, 7]
50  6  [7, 34, 19, 46, 25, 10]
51  6  [34, 19, 46, 25, 10, 7]
52  6  [10, 7, 34, 19, 46, 25]
53  6  [7, 34, 19, 46, 25, 10]
54  6  [46, 25, 10, 7, 34, 19]
55  6  [34, 19, 46, 25, 10, 7]
56  6  [34, 19, 46, 25, 10, 7]
57  6  [7, 34, 19, 46, 25, 10]
58  2  [58, 31]
59  6  [34, 19, 46, 25, 10, 7]
60  6  [7, 34, 19, 46, 25, 10]
61  6  [25, 10, 7, 34, 19, 46]
62  6  [7, 34, 19, 46, 25, 10]
63  6  [34, 19, 46, 25, 10, 7]
64  6  [7, 34, 19, 46, 25, 10]
65  6  [34, 19, 46, 25, 10, 7]
66  6  [34, 19, 46, 25, 10, 7]
67  6  [10, 7, 34, 19, 46, 25]
68  6  [10, 7, 34, 19, 46, 25]
69  6  [7, 34, 19, 46, 25, 10]
70  6  [34, 19, 46, 25, 10, 7]
71  6  [7, 34, 19, 46, 25, 10]
72  6  [7, 34, 19, 46, 25, 10]
73  6  [7, 34, 19, 46, 25, 10]
74  6  [7, 34, 19, 46, 25, 10]
75  6  [34, 19, 46, 25, 10, 7]
76  6  [25, 10, 7, 34, 19, 46]
77  6  [34, 19, 46, 25, 10, 7]
78  6  [34, 19, 46, 25, 10, 7]
79  6  [10, 7, 34, 19, 46, 25]
80  6  [34, 19, 46, 25, 10, 7]
81  6  [7, 34, 19, 46, 25, 10]
82  6  [10, 7, 34, 19, 46, 25]
83  6  [7, 34, 19, 46, 25, 10]
84  6  [34, 19, 46, 25, 10, 7]
85  6  [7, 34, 19, 46, 25, 10]
86  6  [19, 46, 25, 10, 7, 34]
87  6  [10, 7, 34, 19, 46, 25]
88  6  [10, 7, 34, 19, 46, 25]
89  6  [10, 7, 34, 19, 46, 25]
90  6  [34, 19, 46, 25, 10, 7]
91  6  [34, 19, 46, 25, 10, 7]
92  6  [34, 19, 46, 25, 10, 7]
93  6  [19, 46, 25, 10, 7, 34]
94  6  [7, 34, 19, 46, 25, 10]
95  6  [34, 19, 46, 25, 10, 7]
96  6  [34, 19, 46, 25, 10, 7]
97  6  [25, 10, 7, 34, 19, 46]
98  6  [34, 19, 46, 25, 10, 7]
99  6  [10, 7, 34, 19, 46, 25]
100  6  [34, 19, 46, 25, 10, 7]
101  6  [7, 34, 19, 46, 25, 10]
102  6  [7, 34, 19, 46, 25, 10]
103  6  [7, 34, 19, 46, 25, 10]
104  6  [46, 25, 10, 7, 34, 19]
