1  1  0 [1]
2  6  4 [6, 5, 123, 44, 15, 8]
3  6  15 [15, 8, 6, 5, 123, 44]
4  1  0 [4]
5  6  0 [5, 123, 44, 15, 8, 6]
6  6  0 [6, 5, 123, 44, 15, 8]
7  6  2 [15, 8, 6, 5, 123, 44]
8  6  0 [8, 6, 5, 123, 44, 15]
9  6  1 [6, 5, 123, 44, 15, 8]
10  6  3 [15, 8, 6, 5, 123, 44]
11  6  7 [15, 8, 6, 5, 123, 44]
12  6  3 [15, 8, 6, 5, 123, 44]
13  6  12 [15, 8, 6, 5, 123, 44]
14  6  2 [6, 5, 123, 44, 15, 8]
15  6  0 [15, 8, 6, 5, 123, 44]
16  6  1 [8, 6, 5, 123, 44, 15]
17  6  4 [6, 5, 123, 44, 15, 8]
18  6  1 [8, 6, 5, 123, 44, 15]
19  6  7 [15, 8, 6, 5, 123, 44]
20  6  2 [6, 5, 123, 44, 15, 8]
21  6  4 [15, 8, 6, 5, 123, 44]
22  6  13 [15, 8, 6, 5, 123, 44]
23  6  6 [15, 8, 6, 5, 123, 44]
24  6  2 [6, 5, 123, 44, 15, 8]
25  6  4 [15, 8, 6, 5, 123, 44]
26  6  1 [15, 8, 6, 5, 123, 44]
27  6  2 [6, 5, 123, 44, 15, 8]
28  6  8 [15, 8, 6, 5, 123, 44]
29  6  6 [6, 5, 123, 44, 15, 8]
30  6  4 [15, 8, 6, 5, 123, 44]
31  6  6 [6, 5, 123, 44, 15, 8]
32  6  4 [15, 8, 6, 5, 123, 44]
33  6  3 [6, 5, 123, 44, 15, 8]
34  6  8 [15, 8, 6, 5, 123, 44]
35  6  4 [15, 8, 6, 5, 123, 44]
36  6  4 [15, 8, 6, 5, 123, 44]
37  6  6 [15, 8, 6, 5, 123, 44]
38  6  5 [15, 8, 6, 5, 123, 44]
39  6  2 [8, 6, 5, 123, 44, 15]
40  6  8 [15, 8, 6, 5, 123, 44]
41  6  15 [15, 8, 6, 5, 123, 44]
42  6  4 [15, 8, 6, 5, 123, 44]
43  6  6 [15, 8, 6, 5, 123, 44]
44  6  0 [44, 15, 8, 6, 5, 123]
45  6  8 [15, 8, 6, 5, 123, 44]
46  6  5 [15, 8, 6, 5, 123, 44]
47  6  9 [15, 8, 6, 5, 123, 44]
48  6  8 [15, 8, 6, 5, 123, 44]
49  6  3 [6, 5, 123, 44, 15, 8]
50  6  4 [15, 8, 6, 5, 123, 44]
51  6  3 [6, 5, 123, 44, 15, 8]
52  6  5 [6, 5, 123, 44, 15, 8]
53  6  6 [15, 8, 6, 5, 123, 44]
54  6  8 [15, 8, 6, 5, 123, 44]
55  6  2 [8, 6, 5, 123, 44, 15]
56  6  13 [15, 8, 6, 5, 123, 44]
57  6  14 [15, 8, 6, 5, 123, 44]
58  6  7 [6, 5, 123, 44, 15, 8]
59  6  6 [6, 5, 123, 44, 15, 8]
60  6  4 [15, 8, 6, 5, 123, 44]
61  6  5 [6, 5, 123, 44, 15, 8]
62  6  4 [6, 5, 123, 44, 15, 8]
63  6  13 [15, 8, 6, 5, 123, 44]
64  6  4 [15, 8, 6, 5, 123, 44]
65  6  2 [8, 6, 5, 123, 44, 15]
66  6  2 [8, 6, 5, 123, 44, 15]
67  6  6 [15, 8, 6, 5, 123, 44]
68  6  5 [15, 8, 6, 5, 123, 44]
69  6  2 [15, 8, 6, 5, 123, 44]
70  6  3 [6, 5, 123, 44, 15, 8]
71  6  3 [8, 6, 5, 123, 44, 15]
72  6  4 [15, 8, 6, 5, 123, 44]
73  6  6 [8, 6, 5, 123, 44, 15]
74  6  3 [8, 6, 5, 123, 44, 15]
75  6  13 [15, 8, 6, 5, 123, 44]
76  6  7 [15, 8, 6, 5, 123, 44]
77  6  2 [8, 6, 5, 123, 44, 15]
78  6  2 [8, 6, 5, 123, 44, 15]
79  6  4 [8, 6, 5, 123, 44, 15]
80  6  13 [15, 8, 6, 5, 123, 44]
81  6  4 [15, 8, 6, 5, 123, 44]
82  6  7 [15, 8, 6, 5, 123, 44]
83  6  5 [6, 5, 123, 44, 15, 8]
84  6  3 [6, 5, 123, 44, 15, 8]
85  6  14 [15, 8, 6, 5, 123, 44]
86  6  9 [15, 8, 6, 5, 123, 44]
87  6  5 [15, 8, 6, 5, 123, 44]
88  6  5 [6, 5, 123, 44, 15, 8]
89  6  8 [6, 5, 123, 44, 15, 8]
90  6  13 [15, 8, 6, 5, 123, 44]
91  6  3 [6, 5, 123, 44, 15, 8]
92  6  3 [6, 5, 123, 44, 15, 8]
93  6  9 [15, 8, 6, 5, 123, 44]
94  6  4 [6, 5, 123, 44, 15, 8]
95  6  3 [6, 5, 123, 44, 15, 8]
96  6  13 [15, 8, 6, 5, 123, 44]
97  6  10 [15, 8, 6, 5, 123, 44]
98  6  2 [8, 6, 5, 123, 44, 15]
99  6  5 [6, 5, 123, 44, 15, 8]
100  6  3 [6, 5, 123, 44, 15, 8]
