1  1  0 [1]
2  3  2 [10, 7, 30]
3  3  12 [7, 30, 10]
4  1  0 [4]
5  3  7 [7, 30, 10]
6  3  8 [7, 30, 10]
7  3  0 [7, 30, 10]
8  3  9 [7, 30, 10]
9  3  9 [7, 30, 10]
10  3  0 [10, 7, 30]
11  3  5 [7, 30, 10]
12  3  1 [7, 30, 10]
13  3  2 [10, 7, 30]
14  3  10 [7, 30, 10]
15  3  10 [7, 30, 10]
16  3  10 [7, 30, 10]
17  3  7 [7, 30, 10]
18  3  10 [7, 30, 10]
19  3  3 [7, 30, 10]
20  3  10 [7, 30, 10]
21  3  1 [10, 7, 30]
22  3  3 [10, 7, 30]
23  3  3 [10, 7, 30]
24  3  10 [7, 30, 10]
25  3  1 [10, 7, 30]
26  3  11 [7, 30, 10]
27  3  10 [7, 30, 10]
28  3  6 [7, 30, 10]
29  3  9 [7, 30, 10]
30  3  0 [30, 10, 7]
31  3  7 [7, 30, 10]
32  3  1 [10, 7, 30]
33  3  11 [7, 30, 10]
34  3  4 [7, 30, 10]
35  3  2 [7, 30, 10]
36  3  1 [10, 7, 30]
37  3  3 [7, 30, 10]
38  3  2 [10, 7, 30]
39  3  11 [7, 30, 10]
40  3  6 [7, 30, 10]
41  3  3 [7, 30, 10]
42  3  2 [7, 30, 10]
43  3  12 [7, 30, 10]
44  3  11 [7, 30, 10]
45  3  6 [7, 30, 10]
46  3  2 [10, 7, 30]
47  3  12 [7, 30, 10]
48  3  6 [7, 30, 10]
49  3  11 [7, 30, 10]
50  3  2 [7, 30, 10]
51  3  11 [7, 30, 10]
52  3  8 [7, 30, 10]
53  3  5 [10, 7, 30]
54  3  6 [7, 30, 10]
55  3  11 [7, 30, 10]
56  3  3 [10, 7, 30]
57  3  4 [10, 7, 30]
58  3  8 [7, 30, 10]
59  3  14 [7, 30, 10]
60  3  2 [7, 30, 10]
61  3  12 [7, 30, 10]
62  3  12 [7, 30, 10]
63  3  3 [10, 7, 30]
64  3  2 [7, 30, 10]
65  3  11 [7, 30, 10]
66  3  11 [7, 30, 10]
67  3  4 [10, 7, 30]
68  3  2 [10, 7, 30]
69  3  12 [7, 30, 10]
70  3  11 [7, 30, 10]
71  3  13 [7, 30, 10]
72  3  2 [7, 30, 10]
73  3  4 [10, 7, 30]
74  3  12 [7, 30, 10]
75  3  3 [10, 7, 30]
76  3  4 [10, 7, 30]
77  3  11 [7, 30, 10]
78  3  11 [7, 30, 10]
79  3  5 [10, 7, 30]
80  3  3 [10, 7, 30]
81  3  2 [7, 30, 10]
82  3  13 [7, 30, 10]
83  3  13 [7, 30, 10]
84  3  11 [7, 30, 10]
85  3  4 [10, 7, 30]
86  3  7 [7, 30, 10]
87  3  2 [10, 7, 30]
88  3  8 [7, 30, 10]
89  3  12 [7, 30, 10]
90  3  3 [10, 7, 30]
91  3  11 [7, 30, 10]
92  3  11 [7, 30, 10]
93  3  5 [7, 30, 10]
94  3  12 [7, 30, 10]
95  3  11 [7, 30, 10]
96  3  3 [10, 7, 30]
97  3  12 [7, 30, 10]
98  3  11 [7, 30, 10]
99  3  8 [7, 30, 10]
100  3  11 [7, 30, 10]
