1  1  [1]
2  7  [27, 9, 6, 5, 25, 10, 7]
3  7  [10, 7, 27, 9, 6, 5, 25]
4  1  [4]
5  7  [27, 9, 6, 5, 25, 10, 7]
6  7  [7, 27, 9, 6, 5, 25, 10]
7  7  [5, 25, 10, 7, 27, 9, 6]
8  7  [10, 7, 27, 9, 6, 5, 25]
9  7  [10, 7, 27, 9, 6, 5, 25]
10  7  [6, 5, 25, 10, 7, 27, 9]
11  7  [9, 6, 5, 25, 10, 7, 27]
12  7  [6, 5, 25, 10, 7, 27, 9]
13  7  [6, 5, 25, 10, 7, 27, 9]
14  7  [25, 10, 7, 27, 9, 6, 5]
15  7  [25, 10, 7, 27, 9, 6, 5]
16  7  [25, 10, 7, 27, 9, 6, 5]
17  7  [10, 7, 27, 9, 6, 5, 25]
18  7  [25, 10, 7, 27, 9, 6, 5]
19  7  [6, 5, 25, 10, 7, 27, 9]
20  7  [25, 10, 7, 27, 9, 6, 5]
21  7  [9, 6, 5, 25, 10, 7, 27]
22  7  [9, 6, 5, 25, 10, 7, 27]
23  7  [7, 27, 9, 6, 5, 25, 10]
24  7  [25, 10, 7, 27, 9, 6, 5]
25  7  [9, 6, 5, 25, 10, 7, 27]
26  7  [5, 25, 10, 7, 27, 9, 6]
27  7  [25, 10, 7, 27, 9, 6, 5]
28  7  [27, 9, 6, 5, 25, 10, 7]
29  7  [6, 5, 25, 10, 7, 27, 9]
30  7  [9, 6, 5, 25, 10, 7, 27]
31  7  [6, 5, 25, 10, 7, 27, 9]
32  7  [9, 6, 5, 25, 10, 7, 27]
33  7  [5, 25, 10, 7, 27, 9, 6]
34  7  [9, 6, 5, 25, 10, 7, 27]
35  7  [9, 6, 5, 25, 10, 7, 27]
36  7  [9, 6, 5, 25, 10, 7, 27]
37  7  [7, 27, 9, 6, 5, 25, 10]
38  7  [27, 9, 6, 5, 25, 10, 7]
39  7  [5, 25, 10, 7, 27, 9, 6]
40  7  [27, 9, 6, 5, 25, 10, 7]
41  7  [7, 27, 9, 6, 5, 25, 10]
42  7  [9, 6, 5, 25, 10, 7, 27]
43  7  [27, 9, 6, 5, 25, 10, 7]
44  7  [5, 25, 10, 7, 27, 9, 6]
45  7  [27, 9, 6, 5, 25, 10, 7]
46  7  [27, 9, 6, 5, 25, 10, 7]
47  7  [10, 7, 27, 9, 6, 5, 25]
48  7  [27, 9, 6, 5, 25, 10, 7]
49  7  [5, 25, 10, 7, 27, 9, 6]
50  7  [9, 6, 5, 25, 10, 7, 27]
51  7  [5, 25, 10, 7, 27, 9, 6]
52  7  [25, 10, 7, 27, 9, 6, 5]
53  7  [10, 7, 27, 9, 6, 5, 25]
54  7  [27, 9, 6, 5, 25, 10, 7]
55  7  [5, 25, 10, 7, 27, 9, 6]
56  7  [9, 6, 5, 25, 10, 7, 27]
57  7  [27, 9, 6, 5, 25, 10, 7]
58  7  [9, 6, 5, 25, 10, 7, 27]
59  7  [6, 5, 25, 10, 7, 27, 9]
60  7  [9, 6, 5, 25, 10, 7, 27]
61  7  [27, 9, 6, 5, 25, 10, 7]
62  7  [6, 5, 25, 10, 7, 27, 9]
63  7  [9, 6, 5, 25, 10, 7, 27]
64  7  [9, 6, 5, 25, 10, 7, 27]
65  7  [5, 25, 10, 7, 27, 9, 6]
66  7  [5, 25, 10, 7, 27, 9, 6]
67  7  [7, 27, 9, 6, 5, 25, 10]
68  7  [27, 9, 6, 5, 25, 10, 7]
69  7  [6, 5, 25, 10, 7, 27, 9]
70  7  [5, 25, 10, 7, 27, 9, 6]
71  7  [6, 5, 25, 10, 7, 27, 9]
72  7  [9, 6, 5, 25, 10, 7, 27]
73  7  [7, 27, 9, 6, 5, 25, 10]
74  7  [6, 5, 25, 10, 7, 27, 9]
75  7  [9, 6, 5, 25, 10, 7, 27]
76  7  [10, 7, 27, 9, 6, 5, 25]
77  7  [5, 25, 10, 7, 27, 9, 6]
78  7  [5, 25, 10, 7, 27, 9, 6]
79  7  [5, 25, 10, 7, 27, 9, 6]
80  7  [9, 6, 5, 25, 10, 7, 27]
81  7  [9, 6, 5, 25, 10, 7, 27]
82  7  [7, 27, 9, 6, 5, 25, 10]
83  7  [27, 9, 6, 5, 25, 10, 7]
84  7  [5, 25, 10, 7, 27, 9, 6]
85  7  [27, 9, 6, 5, 25, 10, 7]
86  7  [7, 27, 9, 6, 5, 25, 10]
87  7  [27, 9, 6, 5, 25, 10, 7]
88  7  [25, 10, 7, 27, 9, 6, 5]
89  7  [25, 10, 7, 27, 9, 6, 5]
90  7  [9, 6, 5, 25, 10, 7, 27]
91  7  [5, 25, 10, 7, 27, 9, 6]
92  7  [5, 25, 10, 7, 27, 9, 6]
93  7  [27, 9, 6, 5, 25, 10, 7]
94  7  [6, 5, 25, 10, 7, 27, 9]
95  7  [5, 25, 10, 7, 27, 9, 6]
96  7  [9, 6, 5, 25, 10, 7, 27]
97  7  [27, 9, 6, 5, 25, 10, 7]
98  7  [5, 25, 10, 7, 27, 9, 6]
99  7  [25, 10, 7, 27, 9, 6, 5]
100  7  [5, 25, 10, 7, 27, 9, 6]
101  7  [7, 27, 9, 6, 5, 25, 10]
102  7  [27, 9, 6, 5, 25, 10, 7]
103  7  [9, 6, 5, 25, 10, 7, 27]
104  7  [9, 6, 5, 25, 10, 7, 27]
