1  1  [1]
2  6  [15, 8, 6, 5, 69, 26]
3  6  [26, 15, 8, 6, 5, 69]
4  1  [4]
5  6  [26, 15, 8, 6, 5, 69]
6  6  [69, 26, 15, 8, 6, 5]
7  6  [26, 15, 8, 6, 5, 69]
8  6  [5, 69, 26, 15, 8, 6]
9  6  [5, 69, 26, 15, 8, 6]
10  6  [69, 26, 15, 8, 6, 5]
11  6  [69, 26, 15, 8, 6, 5]
12  6  [69, 26, 15, 8, 6, 5]
13  6  [15, 8, 6, 5, 69, 26]
14  6  [6, 5, 69, 26, 15, 8]
15  6  [6, 5, 69, 26, 15, 8]
16  6  [6, 5, 69, 26, 15, 8]
17  6  [6, 5, 69, 26, 15, 8]
18  6  [6, 5, 69, 26, 15, 8]
19  6  [26, 15, 8, 6, 5, 69]
20  6  [6, 5, 69, 26, 15, 8]
21  6  [5, 69, 26, 15, 8, 6]
22  6  [26, 15, 8, 6, 5, 69]
23  6  [8, 6, 5, 69, 26, 15]
24  6  [6, 5, 69, 26, 15, 8]
25  6  [5, 69, 26, 15, 8, 6]
26  6  [8, 6, 5, 69, 26, 15]
27  6  [6, 5, 69, 26, 15, 8]
28  6  [5, 69, 26, 15, 8, 6]
29  6  [6, 5, 69, 26, 15, 8]
30  6  [5, 69, 26, 15, 8, 6]
31  6  [15, 8, 6, 5, 69, 26]
32  6  [5, 69, 26, 15, 8, 6]
33  6  [8, 6, 5, 69, 26, 15]
34  6  [69, 26, 15, 8, 6, 5]
35  6  [5, 69, 26, 15, 8, 6]
36  6  [5, 69, 26, 15, 8, 6]
37  6  [6, 5, 69, 26, 15, 8]
38  6  [6, 5, 69, 26, 15, 8]
39  6  [8, 6, 5, 69, 26, 15]
40  6  [5, 69, 26, 15, 8, 6]
41  6  [15, 8, 6, 5, 69, 26]
42  6  [5, 69, 26, 15, 8, 6]
43  6  [15, 8, 6, 5, 69, 26]
44  6  [8, 6, 5, 69, 26, 15]
45  6  [5, 69, 26, 15, 8, 6]
46  6  [6, 5, 69, 26, 15, 8]
47  6  [8, 6, 5, 69, 26, 15]
48  6  [5, 69, 26, 15, 8, 6]
49  6  [8, 6, 5, 69, 26, 15]
50  6  [5, 69, 26, 15, 8, 6]
51  6  [8, 6, 5, 69, 26, 15]
52  6  [8, 6, 5, 69, 26, 15]
53  6  [5, 69, 26, 15, 8, 6]
54  6  [5, 69, 26, 15, 8, 6]
55  6  [8, 6, 5, 69, 26, 15]
56  6  [26, 15, 8, 6, 5, 69]
57  6  [69, 26, 15, 8, 6, 5]
58  6  [26, 15, 8, 6, 5, 69]
59  6  [26, 15, 8, 6, 5, 69]
60  6  [5, 69, 26, 15, 8, 6]
61  6  [15, 8, 6, 5, 69, 26]
62  6  [15, 8, 6, 5, 69, 26]
63  6  [26, 15, 8, 6, 5, 69]
64  6  [5, 69, 26, 15, 8, 6]
65  6  [8, 6, 5, 69, 26, 15]
66  6  [8, 6, 5, 69, 26, 15]
67  6  [15, 8, 6, 5, 69, 26]
68  6  [6, 5, 69, 26, 15, 8]
69  6  [15, 8, 6, 5, 69, 26]
70  6  [8, 6, 5, 69, 26, 15]
71  6  [15, 8, 6, 5, 69, 26]
72  6  [5, 69, 26, 15, 8, 6]
73  6  [69, 26, 15, 8, 6, 5]
74  6  [15, 8, 6, 5, 69, 26]
75  6  [26, 15, 8, 6, 5, 69]
76  6  [15, 8, 6, 5, 69, 26]
77  6  [8, 6, 5, 69, 26, 15]
78  6  [8, 6, 5, 69, 26, 15]
79  6  [15, 8, 6, 5, 69, 26]
80  6  [26, 15, 8, 6, 5, 69]
81  6  [5, 69, 26, 15, 8, 6]
82  6  [26, 15, 8, 6, 5, 69]
83  6  [15, 8, 6, 5, 69, 26]
84  6  [8, 6, 5, 69, 26, 15]
85  6  [69, 26, 15, 8, 6, 5]
86  6  [6, 5, 69, 26, 15, 8]
87  6  [6, 5, 69, 26, 15, 8]
88  6  [8, 6, 5, 69, 26, 15]
89  6  [26, 15, 8, 6, 5, 69]
90  6  [26, 15, 8, 6, 5, 69]
91  6  [8, 6, 5, 69, 26, 15]
92  6  [8, 6, 5, 69, 26, 15]
93  6  [5, 69, 26, 15, 8, 6]
94  6  [15, 8, 6, 5, 69, 26]
95  6  [8, 6, 5, 69, 26, 15]
96  6  [26, 15, 8, 6, 5, 69]
97  6  [8, 6, 5, 69, 26, 15]
98  6  [8, 6, 5, 69, 26, 15]
99  6  [8, 6, 5, 69, 26, 15]
100  6  [8, 6, 5, 69, 26, 15]
101  6  [5, 69, 26, 15, 8, 6]
102  6  [69, 26, 15, 8, 6, 5]
103  6  [15, 8, 6, 5, 69, 26]
104  6  [69, 26, 15, 8, 6, 5]
