1,1,0,[1]
2,3,11,[303, 104, 19]
3,3,18,[303, 104, 19]
4,1,0,[4]
5,3,5,[303, 104, 19]
6,3,6,[303, 104, 19]
7,3,11,[303, 104, 19]
8,3,7,[303, 104, 19]
9,3,7,[303, 104, 19]
10,3,12,[303, 104, 19]
11,3,15,[303, 104, 19]
12,3,12,[303, 104, 19]
13,3,10,[303, 104, 19]
14,3,8,[303, 104, 19]
15,3,8,[303, 104, 19]
16,3,8,[303, 104, 19]
17,3,15,[303, 104, 19]
18,3,8,[303, 104, 19]
19,3,2,[303, 104, 19]
20,3,8,[303, 104, 19]
21,3,13,[303, 104, 19]
22,3,11,[303, 104, 19]
23,3,12,[303, 104, 19]
24,3,8,[303, 104, 19]
25,3,13,[303, 104, 19]
26,3,9,[303, 104, 19]
27,3,8,[303, 104, 19]
28,3,16,[303, 104, 19]
29,3,15,[303, 104, 19]
30,3,13,[303, 104, 19]
31,3,10,[303, 104, 19]
32,3,13,[303, 104, 19]
33,3,9,[303, 104, 19]
34,3,3,[303, 104, 19]
35,3,13,[303, 104, 19]
36,3,13,[303, 104, 19]
37,3,11,[303, 104, 19]
38,3,14,[303, 104, 19]
39,3,9,[303, 104, 19]
40,3,16,[303, 104, 19]
41,3,14,[303, 104, 19]
42,3,13,[303, 104, 19]
43,3,11,[303, 104, 19]
44,3,9,[303, 104, 19]
45,3,16,[303, 104, 19]
46,3,14,[303, 104, 19]
47,3,12,[303, 104, 19]
48,3,16,[303, 104, 19]
49,3,9,[303, 104, 19]
50,3,13,[303, 104, 19]
51,3,9,[303, 104, 19]
52,3,16,[303, 104, 19]
53,3,16,[303, 104, 19]
54,3,16,[303, 104, 19]
55,3,9,[303, 104, 19]
56,3,11,[303, 104, 19]
57,3,12,[303, 104, 19]
58,3,11,[303, 104, 19]
59,3,15,[303, 104, 19]
60,3,13,[303, 104, 19]
61,3,12,[303, 104, 19]
62,3,10,[303, 104, 19]
63,3,11,[303, 104, 19]
64,3,13,[303, 104, 19]
65,3,9,[303, 104, 19]
66,3,9,[303, 104, 19]
67,3,13,[303, 104, 19]
68,3,14,[303, 104, 19]
69,3,10,[303, 104, 19]
70,3,9,[303, 104, 19]
71,3,15,[303, 104, 19]
72,3,13,[303, 104, 19]
73,3,10,[303, 104, 19]
74,3,10,[303, 104, 19]
75,3,11,[303, 104, 19]
76,3,13,[303, 104, 19]
77,3,9,[303, 104, 19]
78,3,9,[303, 104, 19]
79,3,15,[303, 104, 19]
80,3,11,[303, 104, 19]
81,3,13,[303, 104, 19]
82,3,12,[303, 104, 19]
83,3,17,[303, 104, 19]
84,3,9,[303, 104, 19]
85,3,12,[303, 104, 19]
86,3,17,[303, 104, 19]
87,3,14,[303, 104, 19]
88,3,16,[303, 104, 19]
89,3,18,[303, 104, 19]
90,3,11,[303, 104, 19]
91,3,9,[303, 104, 19]
92,3,9,[303, 104, 19]
93,3,4,[303, 104, 19]
94,3,10,[303, 104, 19]
95,3,9,[303, 104, 19]
96,3,11,[303, 104, 19]
97,3,11,[303, 104, 19]
98,3,9,[303, 104, 19]
99,3,16,[303, 104, 19]
100,3,9,[303, 104, 19]
101,3,14,[303, 104, 19]
102,3,12,[303, 104, 19]
103,3,11,[303, 104, 19]
104,3,2,[19, 303, 104]
105,3,9,[303, 104, 19]
106,3,10,[303, 104, 19]
107,3,18,[303, 104, 19]
108,3,11,[303, 104, 19]
109,3,13,[303, 104, 19]
110,3,9,[303, 104, 19]
111,3,17,[303, 104, 19]
112,3,9,[303, 104, 19]
113,3,17,[303, 104, 19]
114,3,9,[303, 104, 19]
115,3,17,[303, 104, 19]
116,3,10,[303, 104, 19]
117,3,3,[303, 104, 19]
118,3,13,[303, 104, 19]
119,3,9,[303, 104, 19]
120,3,9,[303, 104, 19]
121,3,12,[303, 104, 19]
122,3,12,[303, 104, 19]
123,3,10,[303, 104, 19]
124,3,14,[303, 104, 19]
125,3,9,[303, 104, 19]
126,3,9,[303, 104, 19]
127,3,11,[303, 104, 19]
128,3,9,[303, 104, 19]
129,3,15,[303, 104, 19]
130,3,9,[303, 104, 19]
131,3,18,[303, 104, 19]
132,3,9,[303, 104, 19]
133,3,10,[303, 104, 19]
134,3,11,[303, 104, 19]
135,3,9,[303, 104, 19]
136,3,13,[303, 104, 19]
137,3,12,[303, 104, 19]
138,3,17,[303, 104, 19]
139,3,18,[303, 104, 19]
140,3,9,[303, 104, 19]
141,3,14,[303, 104, 19]
142,3,11,[303, 104, 19]
143,3,9,[303, 104, 19]
144,3,9,[303, 104, 19]
145,3,4,[303, 104, 19]
146,3,12,[303, 104, 19]
147,3,16,[303, 104, 19]
148,3,15,[303, 104, 19]
149,3,12,[303, 104, 19]
150,3,9,[303, 104, 19]
151,3,13,[303, 104, 19]
152,3,14,[303, 104, 19]
153,3,13,[303, 104, 19]
154,3,9,[303, 104, 19]
155,3,14,[303, 104, 19]
156,3,9,[303, 104, 19]
157,3,10,[303, 104, 19]
158,3,14,[303, 104, 19]
159,3,12,[303, 104, 19]
160,3,9,[303, 104, 19]
161,3,14,[303, 104, 19]
162,3,9,[303, 104, 19]
163,3,16,[303, 104, 19]
164,3,17,[303, 104, 19]
165,3,3,[303, 104, 19]
166,3,13,[303, 104, 19]
167,3,18,[303, 104, 19]
168,3,9,[303, 104, 19]
169,3,10,[303, 104, 19]
170,3,9,[303, 104, 19]
171,3,14,[303, 104, 19]
172,3,13,[303, 104, 19]
173,3,16,[303, 104, 19]
174,3,4,[303, 104, 19]
175,3,16,[303, 104, 19]
176,3,3,[303, 104, 19]
177,3,11,[303, 104, 19]
178,3,10,[303, 104, 19]
179,3,21,[303, 104, 19]
180,3,9,[303, 104, 19]
181,3,11,[303, 104, 19]
182,3,12,[303, 104, 19]
183,3,14,[303, 104, 19]
184,3,16,[303, 104, 19]
185,3,14,[303, 104, 19]
186,3,14,[303, 104, 19]
187,3,17,[303, 104, 19]
188,3,10,[303, 104, 19]
189,3,9,[303, 104, 19]
190,3,10,[303, 104, 19]
191,3,17,[303, 104, 19]
192,3,9,[303, 104, 19]
193,3,17,[303, 104, 19]
194,3,17,[303, 104, 19]
195,3,14,[303, 104, 19]
196,3,9,[303, 104, 19]
197,3,15,[303, 104, 19]
198,3,3,[303, 104, 19]
199,3,11,[303, 104, 19]
200,3,9,[303, 104, 19]
