1,1,0,[1],[0]
2,10,4,[5, 6, 8, 13, 16, 17, 22, 312, 320, 324],[1, 0, 0, 1, 0, 1, 0, 0, 0, 0]
3,10,9,[5, 6, 8, 13, 16, 17, 22, 312, 320, 324],[1, 0, 0, 1, 0, 1, 0, 0, 0, 0]
4,1,0,[4],[0]
5,10,0,[5, 6, 8, 13, 16, 17, 22, 312, 320, 324],[1, 0, 0, 1, 0, 1, 0, 0, 0, 0]
6,10,0,[5, 6, 8, 13, 16, 17, 22, 312, 320, 324],[1, 0, 0, 1, 0, 1, 0, 0, 0, 0]
7,10,4,[5, 6, 8, 13, 16, 17, 22, 312, 320, 324],[1, 0, 0, 1, 0, 1, 0, 0, 0, 0]
8,10,0,[5, 6, 8, 13, 16, 17, 22, 312, 320, 324],[1, 0, 0, 1, 0, 1, 0, 0, 0, 0]
9,10,1,[5, 6, 8, 13, 16, 17, 22, 312, 320, 324],[1, 0, 0, 1, 0, 1, 0, 0, 0, 0]
10,10,5,[5, 6, 8, 13, 16, 17, 22, 312, 320, 324],[1, 0, 0, 1, 0, 1, 0, 0, 0, 0]
11,6,0,[11, 28, 31, 58, 318, 338],[1, 0, 1, 0, 0, 0]
12,10,5,[5, 6, 8, 13, 16, 17, 22, 312, 320, 324],[1, 0, 0, 1, 0, 1, 0, 0, 0, 0]
13,10,0,[5, 6, 8, 13, 16, 17, 22, 312, 320, 324],[1, 0, 0, 1, 0, 1, 0, 0, 0, 0]
14,10,2,[5, 6, 8, 13, 16, 17, 22, 312, 320, 324],[1, 0, 0, 1, 0, 1, 0, 0, 0, 0]
15,10,1,[5, 6, 8, 13, 16, 17, 22, 312, 320, 324],[1, 0, 0, 1, 0, 1, 0, 0, 0, 0]
16,10,0,[5, 6, 8, 13, 16, 17, 22, 312, 320, 324],[1, 0, 0, 1, 0, 1, 0, 0, 0, 0]
17,10,0,[5, 6, 8, 13, 16, 17, 22, 312, 320, 324],[1, 0, 0, 1, 0, 1, 0, 0, 0, 0]
18,10,1,[5, 6, 8, 13, 16, 17, 22, 312, 320, 324],[1, 0, 0, 1, 0, 1, 0, 0, 0, 0]
19,3,0,[19, 165, 326],[1, 0, 0]
20,10,2,[5, 6, 8, 13, 16, 17, 22, 312, 320, 324],[1, 0, 0, 1, 0, 1, 0, 0, 0, 0]
21,10,6,[5, 6, 8, 13, 16, 17, 22, 312, 320, 324],[1, 0, 0, 1, 0, 1, 0, 0, 0, 0]
22,10,0,[5, 6, 8, 13, 16, 17, 22, 312, 320, 324],[1, 0, 0, 1, 0, 1, 0, 0, 0, 0]
23,10,8,[5, 6, 8, 13, 16, 17, 22, 312, 320, 324],[1, 0, 0, 1, 0, 1, 0, 0, 0, 0]
24,10,2,[5, 6, 8, 13, 16, 17, 22, 312, 320, 324],[1, 0, 0, 1, 0, 1, 0, 0, 0, 0]
25,10,6,[5, 6, 8, 13, 16, 17, 22, 312, 320, 324],[1, 0, 0, 1, 0, 1, 0, 0, 0, 0]
26,10,2,[5, 6, 8, 13, 16, 17, 22, 312, 320, 324],[1, 0, 0, 1, 0, 1, 0, 0, 0, 0]
27,10,2,[5, 6, 8, 13, 16, 17, 22, 312, 320, 324],[1, 0, 0, 1, 0, 1, 0, 0, 0, 0]
28,6,0,[11, 28, 31, 58, 318, 338],[1, 0, 1, 0, 0, 0]
29,10,3,[5, 6, 8, 13, 16, 17, 22, 312, 320, 324],[1, 0, 0, 1, 0, 1, 0, 0, 0, 0]
30,10,6,[5, 6, 8, 13, 16, 17, 22, 312, 320, 324],[1, 0, 0, 1, 0, 1, 0, 0, 0, 0]
31,6,0,[11, 28, 31, 58, 318, 338],[1, 0, 1, 0, 0, 0]
32,10,6,[5, 6, 8, 13, 16, 17, 22, 312, 320, 324],[1, 0, 0, 1, 0, 1, 0, 0, 0, 0]
33,10,3,[5, 6, 8, 13, 16, 17, 22, 312, 320, 324],[1, 0, 0, 1, 0, 1, 0, 0, 0, 0]
34,3,1,[19, 165, 326],[1, 0, 0]
35,10,6,[5, 6, 8, 13, 16, 17, 22, 312, 320, 324],[1, 0, 0, 1, 0, 1, 0, 0, 0, 0]
36,10,6,[5, 6, 8, 13, 16, 17, 22, 312, 320, 324],[1, 0, 0, 1, 0, 1, 0, 0, 0, 0]
37,10,5,[5, 6, 8, 13, 16, 17, 22, 312, 320, 324],[1, 0, 0, 1, 0, 1, 0, 0, 0, 0]
38,10,7,[5, 6, 8, 13, 16, 17, 22, 312, 320, 324],[1, 0, 0, 1, 0, 1, 0, 0, 0, 0]
39,10,1,[5, 6, 8, 13, 16, 17, 22, 312, 320, 324],[1, 0, 0, 1, 0, 1, 0, 0, 0, 0]
40,6,1,[11, 28, 31, 58, 318, 338],[1, 0, 1, 0, 0, 0]
41,10,8,[5, 6, 8, 13, 16, 17, 22, 312, 320, 324],[1, 0, 0, 1, 0, 1, 0, 0, 0, 0]
42,10,6,[5, 6, 8, 13, 16, 17, 22, 312, 320, 324],[1, 0, 0, 1, 0, 1, 0, 0, 0, 0]
43,3,2,[19, 165, 326],[1, 0, 0]
44,10,2,[5, 6, 8, 13, 16, 17, 22, 312, 320, 324],[1, 0, 0, 1, 0, 1, 0, 0, 0, 0]
45,6,1,[11, 28, 31, 58, 318, 338],[1, 0, 1, 0, 0, 0]
46,10,7,[5, 6, 8, 13, 16, 17, 22, 312, 320, 324],[1, 0, 0, 1, 0, 1, 0, 0, 0, 0]
47,10,8,[5, 6, 8, 13, 16, 17, 22, 312, 320, 324],[1, 0, 0, 1, 0, 1, 0, 0, 0, 0]
48,6,1,[11, 28, 31, 58, 318, 338],[1, 0, 1, 0, 0, 0]
49,10,3,[5, 6, 8, 13, 16, 17, 22, 312, 320, 324],[1, 0, 0, 1, 0, 1, 0, 0, 0, 0]
50,10,6,[5, 6, 8, 13, 16, 17, 22, 312, 320, 324],[1, 0, 0, 1, 0, 1, 0, 0, 0, 0]
51,10,3,[5, 6, 8, 13, 16, 17, 22, 312, 320, 324],[1, 0, 0, 1, 0, 1, 0, 0, 0, 0]
52,10,1,[5, 6, 8, 13, 16, 17, 22, 312, 320, 324],[1, 0, 0, 1, 0, 1, 0, 0, 0, 0]
53,10,2,[5, 6, 8, 13, 16, 17, 22, 312, 320, 324],[1, 0, 0, 1, 0, 1, 0, 0, 0, 0]
54,6,1,[11, 28, 31, 58, 318, 338],[1, 0, 1, 0, 0, 0]
55,10,1,[5, 6, 8, 13, 16, 17, 22, 312, 320, 324],[1, 0, 0, 1, 0, 1, 0, 0, 0, 0]
56,10,1,[5, 6, 8, 13, 16, 17, 22, 312, 320, 324],[1, 0, 0, 1, 0, 1, 0, 0, 0, 0]
57,10,1,[5, 6, 8, 13, 16, 17, 22, 312, 320, 324],[1, 0, 0, 1, 0, 1, 0, 0, 0, 0]
58,6,0,[11, 28, 31, 58, 318, 338],[1, 0, 1, 0, 0, 0]
59,10,3,[5, 6, 8, 13, 16, 17, 22, 312, 320, 324],[1, 0, 0, 1, 0, 1, 0, 0, 0, 0]
60,10,6,[5, 6, 8, 13, 16, 17, 22, 312, 320, 324],[1, 0, 0, 1, 0, 1, 0, 0, 0, 0]
61,6,2,[11, 28, 31, 58, 318, 338],[1, 0, 1, 0, 0, 0]
62,10,4,[5, 6, 8, 13, 16, 17, 22, 312, 320, 324],[1, 0, 0, 1, 0, 1, 0, 0, 0, 0]
63,10,1,[5, 6, 8, 13, 16, 17, 22, 312, 320, 324],[1, 0, 0, 1, 0, 1, 0, 0, 0, 0]
64,10,6,[5, 6, 8, 13, 16, 17, 22, 312, 320, 324],[1, 0, 0, 1, 0, 1, 0, 0, 0, 0]
65,10,2,[5, 6, 8, 13, 16, 17, 22, 312, 320, 324],[1, 0, 0, 1, 0, 1, 0, 0, 0, 0]
66,10,1,[5, 6, 8, 13, 16, 17, 22, 312, 320, 324],[1, 0, 0, 1, 0, 1, 0, 0, 0, 0]
67,10,8,[5, 6, 8, 13, 16, 17, 22, 312, 320, 324],[1, 0, 0, 1, 0, 1, 0, 0, 0, 0]
68,10,7,[5, 6, 8, 13, 16, 17, 22, 312, 320, 324],[1, 0, 0, 1, 0, 1, 0, 0, 0, 0]
69,10,3,[5, 6, 8, 13, 16, 17, 22, 312, 320, 324],[1, 0, 0, 1, 0, 1, 0, 0, 0, 0]
70,10,3,[5, 6, 8, 13, 16, 17, 22, 312, 320, 324],[1, 0, 0, 1, 0, 1, 0, 0, 0, 0]
71,10,3,[5, 6, 8, 13, 16, 17, 22, 312, 320, 324],[1, 0, 0, 1, 0, 1, 0, 0, 0, 0]
72,10,6,[5, 6, 8, 13, 16, 17, 22, 312, 320, 324],[1, 0, 0, 1, 0, 1, 0, 0, 0, 0]
73,6,2,[11, 28, 31, 58, 318, 338],[1, 0, 1, 0, 0, 0]
74,10,2,[5, 6, 8, 13, 16, 17, 22, 312, 320, 324],[1, 0, 0, 1, 0, 1, 0, 0, 0, 0]
75,10,1,[5, 6, 8, 13, 16, 17, 22, 312, 320, 324],[1, 0, 0, 1, 0, 1, 0, 0, 0, 0]
76,10,9,[5, 6, 8, 13, 16, 17, 22, 312, 320, 324],[1, 0, 0, 1, 0, 1, 0, 0, 0, 0]
77,10,2,[5, 6, 8, 13, 16, 17, 22, 312, 320, 324],[1, 0, 0, 1, 0, 1, 0, 0, 0, 0]
78,10,2,[5, 6, 8, 13, 16, 17, 22, 312, 320, 324],[1, 0, 0, 1, 0, 1, 0, 0, 0, 0]
79,10,9,[5, 6, 8, 13, 16, 17, 22, 312, 320, 324],[1, 0, 0, 1, 0, 1, 0, 0, 0, 0]
80,10,1,[5, 6, 8, 13, 16, 17, 22, 312, 320, 324],[1, 0, 0, 1, 0, 1, 0, 0, 0, 0]
81,10,6,[5, 6, 8, 13, 16, 17, 22, 312, 320, 324],[1, 0, 0, 1, 0, 1, 0, 0, 0, 0]
82,3,3,[19, 165, 326],[1, 0, 0]
83,10,10,[5, 6, 8, 13, 16, 17, 22, 312, 320, 324],[1, 0, 0, 1, 0, 1, 0, 0, 0, 0]
84,10,3,[5, 6, 8, 13, 16, 17, 22, 312, 320, 324],[1, 0, 0, 1, 0, 1, 0, 0, 0, 0]
85,10,1,[5, 6, 8, 13, 16, 17, 22, 312, 320, 324],[1, 0, 0, 1, 0, 1, 0, 0, 0, 0]
86,6,2,[11, 28, 31, 58, 318, 338],[1, 0, 1, 0, 0, 0]
87,10,7,[5, 6, 8, 13, 16, 17, 22, 312, 320, 324],[1, 0, 0, 1, 0, 1, 0, 0, 0, 0]
88,10,1,[5, 6, 8, 13, 16, 17, 22, 312, 320, 324],[1, 0, 0, 1, 0, 1, 0, 0, 0, 0]
89,10,8,[5, 6, 8, 13, 16, 17, 22, 312, 320, 324],[1, 0, 0, 1, 0, 1, 0, 0, 0, 0]
90,10,1,[5, 6, 8, 13, 16, 17, 22, 312, 320, 324],[1, 0, 0, 1, 0, 1, 0, 0, 0, 0]
91,10,3,[5, 6, 8, 13, 16, 17, 22, 312, 320, 324],[1, 0, 0, 1, 0, 1, 0, 0, 0, 0]
92,10,3,[5, 6, 8, 13, 16, 17, 22, 312, 320, 324],[1, 0, 0, 1, 0, 1, 0, 0, 0, 0]
93,3,2,[19, 165, 326],[1, 0, 0]
94,10,4,[5, 6, 8, 13, 16, 17, 22, 312, 320, 324],[1, 0, 0, 1, 0, 1, 0, 0, 0, 0]
95,10,3,[5, 6, 8, 13, 16, 17, 22, 312, 320, 324],[1, 0, 0, 1, 0, 1, 0, 0, 0, 0]
96,10,1,[5, 6, 8, 13, 16, 17, 22, 312, 320, 324],[1, 0, 0, 1, 0, 1, 0, 0, 0, 0]
97,10,4,[5, 6, 8, 13, 16, 17, 22, 312, 320, 324],[1, 0, 0, 1, 0, 1, 0, 0, 0, 0]
98,10,1,[5, 6, 8, 13, 16, 17, 22, 312, 320, 324],[1, 0, 0, 1, 0, 1, 0, 0, 0, 0]
99,10,1,[5, 6, 8, 13, 16, 17, 22, 312, 320, 324],[1, 0, 0, 1, 0, 1, 0, 0, 0, 0]
100,10,3,[5, 6, 8, 13, 16, 17, 22, 312, 320, 324],[1, 0, 0, 1, 0, 1, 0, 0, 0, 0]
