1,1,0,[1]
2,8,11,[6, 5, 274, 139, 408, 26, 15, 8]
3,4,6,[7, 276, 30, 10]
4,1,0,[4]
5,8,7,[274, 139, 408, 26, 15, 8, 6, 5]
6,8,7,[5, 274, 139, 408, 26, 15, 8, 6]
7,4,3,[276, 30, 10, 7]
8,8,7,[6, 5, 274, 139, 408, 26, 15, 8]
9,8,8,[5, 274, 139, 408, 26, 15, 8, 6]
10,4,3,[7, 276, 30, 10]
11,8,10,[6, 5, 274, 139, 408, 26, 15, 8]
12,4,4,[276, 30, 10, 7]
13,8,12,[15, 8, 6, 5, 274, 139, 408, 26]
14,8,9,[5, 274, 139, 408, 26, 15, 8, 6]
15,8,7,[8, 6, 5, 274, 139, 408, 26, 15]
16,8,8,[6, 5, 274, 139, 408, 26, 15, 8]
17,8,9,[15, 8, 6, 5, 274, 139, 408, 26]
18,8,8,[6, 5, 274, 139, 408, 26, 15, 8]
19,8,10,[6, 5, 274, 139, 408, 26, 15, 8]
20,8,9,[5, 274, 139, 408, 26, 15, 8, 6]
21,4,4,[7, 276, 30, 10]
22,8,13,[15, 8, 6, 5, 274, 139, 408, 26]
23,8,11,[6, 5, 274, 139, 408, 26, 15, 8]
24,8,9,[5, 274, 139, 408, 26, 15, 8, 6]
25,4,4,[7, 276, 30, 10]
26,8,7,[15, 8, 6, 5, 274, 139, 408, 26]
27,8,9,[5, 274, 139, 408, 26, 15, 8, 6]
28,8,11,[6, 5, 274, 139, 408, 26, 15, 8]
29,8,14,[6, 5, 274, 139, 408, 26, 15, 8]
30,4,3,[10, 7, 276, 30]
31,8,11,[15, 8, 6, 5, 274, 139, 408, 26]
32,4,4,[7, 276, 30, 10]
33,8,10,[5, 274, 139, 408, 26, 15, 8, 6]
34,8,11,[6, 5, 274, 139, 408, 26, 15, 8]
35,4,5,[276, 30, 10, 7]
36,4,4,[7, 276, 30, 10]
37,4,6,[7, 276, 30, 10]
38,4,5,[7, 276, 30, 10]
39,8,9,[6, 5, 274, 139, 408, 26, 15, 8]
40,8,11,[6, 5, 274, 139, 408, 26, 15, 8]
41,4,7,[7, 276, 30, 10]
42,4,5,[276, 30, 10, 7]
43,8,15,[15, 8, 6, 5, 274, 139, 408, 26]
44,8,8,[8, 6, 5, 274, 139, 408, 26, 15]
45,8,11,[6, 5, 274, 139, 408, 26, 15, 8]
46,4,5,[7, 276, 30, 10]
47,4,8,[7, 276, 30, 10]
48,8,11,[6, 5, 274, 139, 408, 26, 15, 8]
49,8,10,[5, 274, 139, 408, 26, 15, 8, 6]
50,4,5,[276, 30, 10, 7]
51,8,10,[5, 274, 139, 408, 26, 15, 8, 6]
52,8,10,[15, 8, 6, 5, 274, 139, 408, 26]
53,4,6,[7, 276, 30, 10]
54,8,11,[6, 5, 274, 139, 408, 26, 15, 8]
55,8,9,[6, 5, 274, 139, 408, 26, 15, 8]
56,8,13,[15, 8, 6, 5, 274, 139, 408, 26]
57,8,14,[15, 8, 6, 5, 274, 139, 408, 26]
58,8,12,[15, 8, 6, 5, 274, 139, 408, 26]
59,4,10,[7, 276, 30, 10]
60,4,5,[276, 30, 10, 7]
61,4,6,[7, 276, 30, 10]
62,8,11,[5, 274, 139, 408, 26, 15, 8, 6]
63,8,13,[15, 8, 6, 5, 274, 139, 408, 26]
64,4,5,[276, 30, 10, 7]
65,8,9,[6, 5, 274, 139, 408, 26, 15, 8]
66,8,9,[6, 5, 274, 139, 408, 26, 15, 8]
67,8,10,[6, 5, 274, 139, 408, 26, 15, 8]
68,4,5,[7, 276, 30, 10]
69,8,8,[15, 8, 6, 5, 274, 139, 408, 26]
70,8,10,[5, 274, 139, 408, 26, 15, 8, 6]
71,8,9,[15, 8, 6, 5, 274, 139, 408, 26]
72,4,5,[276, 30, 10, 7]
73,8,11,[5, 274, 139, 408, 26, 15, 8, 6]
74,8,10,[6, 5, 274, 139, 408, 26, 15, 8]
75,8,13,[15, 8, 6, 5, 274, 139, 408, 26]
76,8,12,[6, 5, 274, 139, 408, 26, 15, 8]
77,8,9,[6, 5, 274, 139, 408, 26, 15, 8]
78,8,9,[6, 5, 274, 139, 408, 26, 15, 8]
79,4,6,[7, 276, 30, 10]
80,8,13,[15, 8, 6, 5, 274, 139, 408, 26]
81,4,5,[276, 30, 10, 7]
82,8,16,[15, 8, 6, 5, 274, 139, 408, 26]
83,4,6,[7, 276, 30, 10]
84,8,10,[5, 274, 139, 408, 26, 15, 8, 6]
85,8,14,[15, 8, 6, 5, 274, 139, 408, 26]
86,8,12,[6, 5, 274, 139, 408, 26, 15, 8]
87,4,5,[7, 276, 30, 10]
88,8,10,[15, 8, 6, 5, 274, 139, 408, 26]
89,8,12,[6, 5, 274, 139, 408, 26, 15, 8]
90,8,13,[15, 8, 6, 5, 274, 139, 408, 26]
91,8,10,[5, 274, 139, 408, 26, 15, 8, 6]
92,8,10,[5, 274, 139, 408, 26, 15, 8, 6]
93,8,12,[6, 5, 274, 139, 408, 26, 15, 8]
94,8,11,[5, 274, 139, 408, 26, 15, 8, 6]
95,8,10,[5, 274, 139, 408, 26, 15, 8, 6]
96,8,13,[15, 8, 6, 5, 274, 139, 408, 26]
97,8,11,[6, 5, 274, 139, 408, 26, 15, 8]
98,8,9,[6, 5, 274, 139, 408, 26, 15, 8]
99,8,10,[15, 8, 6, 5, 274, 139, 408, 26]
100,8,10,[5, 274, 139, 408, 26, 15, 8, 6]
101,8,10,[8, 6, 5, 274, 139, 408, 26, 15]
102,8,14,[15, 8, 6, 5, 274, 139, 408, 26]
103,4,7,[7, 276, 30, 10]
104,8,11,[6, 5, 274, 139, 408, 26, 15, 8]
105,8,8,[8, 6, 5, 274, 139, 408, 26, 15]
106,8,10,[6, 5, 274, 139, 408, 26, 15, 8]
107,4,8,[7, 276, 30, 10]
108,8,13,[15, 8, 6, 5, 274, 139, 408, 26]
109,8,10,[6, 5, 274, 139, 408, 26, 15, 8]
110,8,9,[6, 5, 274, 139, 408, 26, 15, 8]
111,8,12,[6, 5, 274, 139, 408, 26, 15, 8]
112,8,8,[8, 6, 5, 274, 139, 408, 26, 15]
113,8,15,[6, 5, 274, 139, 408, 26, 15, 8]
114,8,10,[5, 274, 139, 408, 26, 15, 8, 6]
115,8,12,[6, 5, 274, 139, 408, 26, 15, 8]
116,8,11,[5, 274, 139, 408, 26, 15, 8, 6]
117,8,11,[6, 5, 274, 139, 408, 26, 15, 8]
118,4,7,[7, 276, 30, 10]
119,8,10,[5, 274, 139, 408, 26, 15, 8, 6]
120,8,10,[5, 274, 139, 408, 26, 15, 8, 6]
121,8,14,[15, 8, 6, 5, 274, 139, 408, 26]
122,8,14,[15, 8, 6, 5, 274, 139, 408, 26]
123,8,9,[8, 6, 5, 274, 139, 408, 26, 15]
124,4,6,[276, 30, 10, 7]
125,8,8,[8, 6, 5, 274, 139, 408, 26, 15]
126,8,8,[8, 6, 5, 274, 139, 408, 26, 15]
127,4,6,[7, 276, 30, 10]
128,8,10,[5, 274, 139, 408, 26, 15, 8, 6]
129,4,6,[7, 276, 30, 10]
130,8,10,[5, 274, 139, 408, 26, 15, 8, 6]
131,8,10,[6, 5, 274, 139, 408, 26, 15, 8]
132,8,9,[6, 5, 274, 139, 408, 26, 15, 8]
133,8,8,[15, 8, 6, 5, 274, 139, 408, 26]
134,8,9,[15, 8, 6, 5, 274, 139, 408, 26]
135,8,10,[5, 274, 139, 408, 26, 15, 8, 6]
136,8,12,[6, 5, 274, 139, 408, 26, 15, 8]
137,4,7,[7, 276, 30, 10]
138,8,12,[6, 5, 274, 139, 408, 26, 15, 8]
139,8,7,[408, 26, 15, 8, 6, 5, 274, 139]
140,8,9,[6, 5, 274, 139, 408, 26, 15, 8]
141,4,6,[276, 30, 10, 7]
142,8,12,[5, 274, 139, 408, 26, 15, 8, 6]
143,8,10,[5, 274, 139, 408, 26, 15, 8, 6]
144,8,10,[5, 274, 139, 408, 26, 15, 8, 6]
145,8,12,[6, 5, 274, 139, 408, 26, 15, 8]
146,8,14,[15, 8, 6, 5, 274, 139, 408, 26]
147,8,10,[15, 8, 6, 5, 274, 139, 408, 26]
148,4,8,[7, 276, 30, 10]
149,4,6,[7, 276, 30, 10]
150,8,8,[8, 6, 5, 274, 139, 408, 26, 15]
151,8,12,[6, 5, 274, 139, 408, 26, 15, 8]
152,4,5,[7, 276, 30, 10]
153,8,12,[6, 5, 274, 139, 408, 26, 15, 8]
154,8,10,[5, 274, 139, 408, 26, 15, 8, 6]
155,4,5,[7, 276, 30, 10]
156,8,10,[5, 274, 139, 408, 26, 15, 8, 6]
157,8,14,[6, 5, 274, 139, 408, 26, 15, 8]
158,4,6,[276, 30, 10, 7]
159,8,14,[15, 8, 6, 5, 274, 139, 408, 26]
160,8,8,[8, 6, 5, 274, 139, 408, 26, 15]
161,4,4,[10, 7, 276, 30]
162,8,10,[5, 274, 139, 408, 26, 15, 8, 6]
163,8,11,[15, 8, 6, 5, 274, 139, 408, 26]
164,8,12,[6, 5, 274, 139, 408, 26, 15, 8]
165,8,11,[6, 5, 274, 139, 408, 26, 15, 8]
166,8,15,[15, 8, 6, 5, 274, 139, 408, 26]
167,8,17,[6, 5, 274, 139, 408, 26, 15, 8]
168,8,9,[6, 5, 274, 139, 408, 26, 15, 8]
169,8,8,[15, 8, 6, 5, 274, 139, 408, 26]
170,8,10,[5, 274, 139, 408, 26, 15, 8, 6]
171,4,5,[7, 276, 30, 10]
172,4,9,[7, 276, 30, 10]
173,4,6,[7, 276, 30, 10]
174,8,12,[6, 5, 274, 139, 408, 26, 15, 8]
175,8,10,[15, 8, 6, 5, 274, 139, 408, 26]
176,8,11,[6, 5, 274, 139, 408, 26, 15, 8]
177,8,12,[5, 274, 139, 408, 26, 15, 8, 6]
178,8,11,[5, 274, 139, 408, 26, 15, 8, 6]
179,8,12,[6, 5, 274, 139, 408, 26, 15, 8]
180,8,8,[8, 6, 5, 274, 139, 408, 26, 15]
181,8,10,[6, 5, 274, 139, 408, 26, 15, 8]
182,8,14,[15, 8, 6, 5, 274, 139, 408, 26]
183,4,6,[276, 30, 10, 7]
184,8,15,[6, 5, 274, 139, 408, 26, 15, 8]
185,4,6,[276, 30, 10, 7]
186,4,5,[7, 276, 30, 10]
187,8,12,[6, 5, 274, 139, 408, 26, 15, 8]
188,8,11,[5, 274, 139, 408, 26, 15, 8, 6]
189,8,9,[6, 5, 274, 139, 408, 26, 15, 8]
190,8,8,[15, 8, 6, 5, 274, 139, 408, 26]
191,4,6,[7, 276, 30, 10]
192,8,8,[8, 6, 5, 274, 139, 408, 26, 15]
193,8,13,[6, 5, 274, 139, 408, 26, 15, 8]
194,8,11,[15, 8, 6, 5, 274, 139, 408, 26]
195,4,5,[7, 276, 30, 10]
196,8,9,[6, 5, 274, 139, 408, 26, 15, 8]
197,8,13,[15, 8, 6, 5, 274, 139, 408, 26]
198,8,11,[6, 5, 274, 139, 408, 26, 15, 8]
199,8,13,[6, 5, 274, 139, 408, 26, 15, 8]
200,8,9,[6, 5, 274, 139, 408, 26, 15, 8]
