1  1  [1]
2  6  [9, 6, 5, 188, 51, 20]
3  6  [9, 6, 5, 188, 51, 20]
4  1  [4]
5  6  [51, 20, 9, 6, 5, 188]
6  6  [188, 51, 20, 9, 6, 5]
7  6  [51, 20, 9, 6, 5, 188]
8  6  [5, 188, 51, 20, 9, 6]
9  6  [5, 188, 51, 20, 9, 6]
10  6  [188, 51, 20, 9, 6, 5]
11  6  [5, 188, 51, 20, 9, 6]
12  6  [188, 51, 20, 9, 6, 5]
13  6  [20, 9, 6, 5, 188, 51]
14  6  [6, 5, 188, 51, 20, 9]
15  6  [6, 5, 188, 51, 20, 9]
16  6  [6, 5, 188, 51, 20, 9]
17  6  [20, 9, 6, 5, 188, 51]
18  6  [6, 5, 188, 51, 20, 9]
19  6  [5, 188, 51, 20, 9, 6]
20  6  [6, 5, 188, 51, 20, 9]
21  6  [5, 188, 51, 20, 9, 6]
22  6  [51, 20, 9, 6, 5, 188]
23  6  [51, 20, 9, 6, 5, 188]
24  6  [6, 5, 188, 51, 20, 9]
25  6  [5, 188, 51, 20, 9, 6]
26  6  [9, 6, 5, 188, 51, 20]
27  6  [6, 5, 188, 51, 20, 9]
28  6  [6, 5, 188, 51, 20, 9]
29  6  [6, 5, 188, 51, 20, 9]
30  6  [5, 188, 51, 20, 9, 6]
31  6  [5, 188, 51, 20, 9, 6]
32  6  [5, 188, 51, 20, 9, 6]
33  6  [9, 6, 5, 188, 51, 20]
34  6  [6, 5, 188, 51, 20, 9]
35  6  [5, 188, 51, 20, 9, 6]
36  6  [5, 188, 51, 20, 9, 6]
37  6  [20, 9, 6, 5, 188, 51]
38  6  [6, 5, 188, 51, 20, 9]
39  6  [9, 6, 5, 188, 51, 20]
40  6  [6, 5, 188, 51, 20, 9]
41  6  [188, 51, 20, 9, 6, 5]
42  6  [5, 188, 51, 20, 9, 6]
43  6  [51, 20, 9, 6, 5, 188]
44  6  [9, 6, 5, 188, 51, 20]
45  6  [6, 5, 188, 51, 20, 9]
46  6  [6, 5, 188, 51, 20, 9]
47  6  [9, 6, 5, 188, 51, 20]
48  6  [6, 5, 188, 51, 20, 9]
49  6  [9, 6, 5, 188, 51, 20]
50  6  [5, 188, 51, 20, 9, 6]
51  6  [9, 6, 5, 188, 51, 20]
52  6  [51, 20, 9, 6, 5, 188]
53  6  [5, 188, 51, 20, 9, 6]
54  6  [6, 5, 188, 51, 20, 9]
55  6  [9, 6, 5, 188, 51, 20]
56  6  [51, 20, 9, 6, 5, 188]
57  6  [188, 51, 20, 9, 6, 5]
58  6  [6, 5, 188, 51, 20, 9]
59  6  [20, 9, 6, 5, 188, 51]
60  6  [5, 188, 51, 20, 9, 6]
61  6  [51, 20, 9, 6, 5, 188]
62  6  [20, 9, 6, 5, 188, 51]
63  6  [51, 20, 9, 6, 5, 188]
64  6  [5, 188, 51, 20, 9, 6]
65  6  [9, 6, 5, 188, 51, 20]
66  6  [9, 6, 5, 188, 51, 20]
67  6  [188, 51, 20, 9, 6, 5]
68  6  [6, 5, 188, 51, 20, 9]
69  6  [20, 9, 6, 5, 188, 51]
70  6  [9, 6, 5, 188, 51, 20]
71  6  [51, 20, 9, 6, 5, 188]
72  6  [5, 188, 51, 20, 9, 6]
73  6  [20, 9, 6, 5, 188, 51]
74  6  [20, 9, 6, 5, 188, 51]
75  6  [51, 20, 9, 6, 5, 188]
76  6  [188, 51, 20, 9, 6, 5]
77  6  [9, 6, 5, 188, 51, 20]
78  6  [9, 6, 5, 188, 51, 20]
79  6  [188, 51, 20, 9, 6, 5]
80  6  [51, 20, 9, 6, 5, 188]
81  6  [5, 188, 51, 20, 9, 6]
82  6  [188, 51, 20, 9, 6, 5]
83  6  [20, 9, 6, 5, 188, 51]
84  6  [9, 6, 5, 188, 51, 20]
85  6  [188, 51, 20, 9, 6, 5]
86  6  [9, 6, 5, 188, 51, 20]
87  6  [6, 5, 188, 51, 20, 9]
88  6  [51, 20, 9, 6, 5, 188]
89  6  [9, 6, 5, 188, 51, 20]
90  6  [51, 20, 9, 6, 5, 188]
91  6  [9, 6, 5, 188, 51, 20]
92  6  [9, 6, 5, 188, 51, 20]
93  6  [9, 6, 5, 188, 51, 20]
94  6  [20, 9, 6, 5, 188, 51]
95  6  [9, 6, 5, 188, 51, 20]
96  6  [51, 20, 9, 6, 5, 188]
97  6  [20, 9, 6, 5, 188, 51]
98  6  [9, 6, 5, 188, 51, 20]
99  6  [51, 20, 9, 6, 5, 188]
100  6  [9, 6, 5, 188, 51, 20]
101  6  [5, 188, 51, 20, 9, 6]
102  6  [188, 51, 20, 9, 6, 5]
103  6  [51, 20, 9, 6, 5, 188]
104  6  [6, 5, 188, 51, 20, 9]
