1,1,0,[1]
2,9,17,[9, 6, 5, 253, 34, 19, 267, 92, 27]
3,9,16,[6, 5, 253, 34, 19, 267, 92, 27, 9]
4,1,0,[4]
5,9,8,[253, 34, 19, 267, 92, 27, 9, 6, 5]
6,9,8,[5, 253, 34, 19, 267, 92, 27, 9, 6]
7,4,3,[255, 25, 10, 7]
8,9,9,[5, 253, 34, 19, 267, 92, 27, 9, 6]
9,9,8,[6, 5, 253, 34, 19, 267, 92, 27, 9]
10,4,3,[7, 255, 25, 10]
11,9,13,[5, 253, 34, 19, 267, 92, 27, 9, 6]
12,4,4,[255, 25, 10, 7]
13,4,7,[255, 25, 10, 7]
14,9,9,[6, 5, 253, 34, 19, 267, 92, 27, 9]
15,9,10,[5, 253, 34, 19, 267, 92, 27, 9, 6]
16,9,10,[5, 253, 34, 19, 267, 92, 27, 9, 6]
17,9,15,[9, 6, 5, 253, 34, 19, 267, 92, 27]
18,9,10,[5, 253, 34, 19, 267, 92, 27, 9, 6]
19,9,8,[267, 92, 27, 9, 6, 5, 253, 34, 19]
20,9,9,[6, 5, 253, 34, 19, 267, 92, 27, 9]
21,4,4,[7, 255, 25, 10]
22,4,8,[255, 25, 10, 7]
23,9,12,[267, 92, 27, 9, 6, 5, 253, 34, 19]
24,9,9,[6, 5, 253, 34, 19, 267, 92, 27, 9]
25,4,3,[10, 7, 255, 25]
26,9,11,[5, 253, 34, 19, 267, 92, 27, 9, 6]
27,9,8,[9, 6, 5, 253, 34, 19, 267, 92, 27]
28,9,14,[5, 253, 34, 19, 267, 92, 27, 9, 6]
29,9,12,[6, 5, 253, 34, 19, 267, 92, 27, 9]
30,4,4,[7, 255, 25, 10]
31,9,12,[9, 6, 5, 253, 34, 19, 267, 92, 27]
32,4,4,[7, 255, 25, 10]
33,9,10,[6, 5, 253, 34, 19, 267, 92, 27, 9]
34,9,8,[19, 267, 92, 27, 9, 6, 5, 253, 34]
35,4,5,[255, 25, 10, 7]
36,4,4,[7, 255, 25, 10]
37,9,10,[9, 6, 5, 253, 34, 19, 267, 92, 27]
38,4,5,[7, 255, 25, 10]
39,9,11,[5, 253, 34, 19, 267, 92, 27, 9, 6]
40,9,14,[5, 253, 34, 19, 267, 92, 27, 9, 6]
41,9,10,[19, 267, 92, 27, 9, 6, 5, 253, 34]
42,4,5,[255, 25, 10, 7]
43,9,12,[6, 5, 253, 34, 19, 267, 92, 27, 9]
44,9,11,[5, 253, 34, 19, 267, 92, 27, 9, 6]
45,9,14,[5, 253, 34, 19, 267, 92, 27, 9, 6]
46,4,4,[10, 7, 255, 25]
47,4,7,[255, 25, 10, 7]
48,9,14,[5, 253, 34, 19, 267, 92, 27, 9, 6]
49,9,10,[6, 5, 253, 34, 19, 267, 92, 27, 9]
50,4,5,[255, 25, 10, 7]
51,9,10,[6, 5, 253, 34, 19, 267, 92, 27, 9]
52,9,16,[9, 6, 5, 253, 34, 19, 267, 92, 27]
53,4,7,[255, 25, 10, 7]
54,9,14,[5, 253, 34, 19, 267, 92, 27, 9, 6]
55,9,11,[5, 253, 34, 19, 267, 92, 27, 9, 6]
56,4,8,[255, 25, 10, 7]
57,4,9,[255, 25, 10, 7]
58,9,13,[9, 6, 5, 253, 34, 19, 267, 92, 27]
59,9,17,[5, 253, 34, 19, 267, 92, 27, 9, 6]
60,4,5,[255, 25, 10, 7]
61,9,14,[5, 253, 34, 19, 267, 92, 27, 9, 6]
62,9,11,[6, 5, 253, 34, 19, 267, 92, 27, 9]
63,4,8,[255, 25, 10, 7]
64,4,5,[255, 25, 10, 7]
65,9,11,[5, 253, 34, 19, 267, 92, 27, 9, 6]
66,9,11,[5, 253, 34, 19, 267, 92, 27, 9, 6]
67,9,12,[5, 253, 34, 19, 267, 92, 27, 9, 6]
68,4,5,[7, 255, 25, 10]
69,9,12,[5, 253, 34, 19, 267, 92, 27, 9, 6]
70,9,10,[6, 5, 253, 34, 19, 267, 92, 27, 9]
71,9,16,[5, 253, 34, 19, 267, 92, 27, 9, 6]
72,4,5,[255, 25, 10, 7]
73,9,13,[5, 253, 34, 19, 267, 92, 27, 9, 6]
74,9,12,[5, 253, 34, 19, 267, 92, 27, 9, 6]
75,4,8,[255, 25, 10, 7]
76,9,13,[267, 92, 27, 9, 6, 5, 253, 34, 19]
77,9,11,[5, 253, 34, 19, 267, 92, 27, 9, 6]
78,9,11,[5, 253, 34, 19, 267, 92, 27, 9, 6]
79,9,13,[5, 253, 34, 19, 267, 92, 27, 9, 6]
80,4,8,[255, 25, 10, 7]
81,4,5,[255, 25, 10, 7]
82,9,13,[6, 5, 253, 34, 19, 267, 92, 27, 9]
83,9,14,[5, 253, 34, 19, 267, 92, 27, 9, 6]
84,9,10,[6, 5, 253, 34, 19, 267, 92, 27, 9]
85,4,9,[255, 25, 10, 7]
86,9,15,[5, 253, 34, 19, 267, 92, 27, 9, 6]
87,4,5,[7, 255, 25, 10]
88,9,16,[9, 6, 5, 253, 34, 19, 267, 92, 27]
89,9,12,[6, 5, 253, 34, 19, 267, 92, 27, 9]
90,4,8,[255, 25, 10, 7]
91,9,10,[6, 5, 253, 34, 19, 267, 92, 27, 9]
92,9,8,[27, 9, 6, 5, 253, 34, 19, 267, 92]
93,9,9,[19, 267, 92, 27, 9, 6, 5, 253, 34]
94,9,11,[6, 5, 253, 34, 19, 267, 92, 27, 9]
95,9,10,[6, 5, 253, 34, 19, 267, 92, 27, 9]
96,4,8,[255, 25, 10, 7]
97,9,14,[9, 6, 5, 253, 34, 19, 267, 92, 27]
98,9,11,[5, 253, 34, 19, 267, 92, 27, 9, 6]
99,9,16,[9, 6, 5, 253, 34, 19, 267, 92, 27]
100,9,10,[6, 5, 253, 34, 19, 267, 92, 27, 9]
101,4,14,[255, 25, 10, 7]
102,4,9,[255, 25, 10, 7]
103,4,10,[255, 25, 10, 7]
104,9,9,[267, 92, 27, 9, 6, 5, 253, 34, 19]
105,9,11,[5, 253, 34, 19, 267, 92, 27, 9, 6]
106,9,12,[5, 253, 34, 19, 267, 92, 27, 9, 6]
107,9,15,[267, 92, 27, 9, 6, 5, 253, 34, 19]
108,4,8,[255, 25, 10, 7]
109,9,10,[9, 6, 5, 253, 34, 19, 267, 92, 27]
110,9,11,[5, 253, 34, 19, 267, 92, 27, 9, 6]
111,9,15,[5, 253, 34, 19, 267, 92, 27, 9, 6]
112,9,11,[5, 253, 34, 19, 267, 92, 27, 9, 6]
113,4,7,[7, 255, 25, 10]
114,9,10,[6, 5, 253, 34, 19, 267, 92, 27, 9]
115,9,15,[5, 253, 34, 19, 267, 92, 27, 9, 6]
116,9,11,[6, 5, 253, 34, 19, 267, 92, 27, 9]
117,9,9,[267, 92, 27, 9, 6, 5, 253, 34, 19]
118,9,15,[5, 253, 34, 19, 267, 92, 27, 9, 6]
119,9,10,[6, 5, 253, 34, 19, 267, 92, 27, 9]
120,9,10,[6, 5, 253, 34, 19, 267, 92, 27, 9]
121,4,9,[255, 25, 10, 7]
122,4,9,[255, 25, 10, 7]
123,9,12,[5, 253, 34, 19, 267, 92, 27, 9, 6]
124,4,6,[255, 25, 10, 7]
125,9,11,[5, 253, 34, 19, 267, 92, 27, 9, 6]
126,9,11,[5, 253, 34, 19, 267, 92, 27, 9, 6]
127,9,12,[5, 253, 34, 19, 267, 92, 27, 9, 6]
128,9,10,[6, 5, 253, 34, 19, 267, 92, 27, 9]
129,4,5,[10, 7, 255, 25]
130,9,10,[6, 5, 253, 34, 19, 267, 92, 27, 9]
131,9,13,[6, 5, 253, 34, 19, 267, 92, 27, 9]
132,9,11,[5, 253, 34, 19, 267, 92, 27, 9, 6]
133,9,12,[5, 253, 34, 19, 267, 92, 27, 9, 6]
134,9,13,[5, 253, 34, 19, 267, 92, 27, 9, 6]
135,9,10,[6, 5, 253, 34, 19, 267, 92, 27, 9]
136,9,13,[267, 92, 27, 9, 6, 5, 253, 34, 19]
137,9,14,[267, 92, 27, 9, 6, 5, 253, 34, 19]
138,9,15,[5, 253, 34, 19, 267, 92, 27, 9, 6]
139,9,12,[6, 5, 253, 34, 19, 267, 92, 27, 9]
140,9,11,[5, 253, 34, 19, 267, 92, 27, 9, 6]
141,4,6,[255, 25, 10, 7]
142,9,14,[5, 253, 34, 19, 267, 92, 27, 9, 6]
143,9,10,[6, 5, 253, 34, 19, 267, 92, 27, 9]
144,9,10,[6, 5, 253, 34, 19, 267, 92, 27, 9]
145,9,9,[19, 267, 92, 27, 9, 6, 5, 253, 34]
146,4,9,[255, 25, 10, 7]
147,9,16,[9, 6, 5, 253, 34, 19, 267, 92, 27]
148,9,11,[19, 267, 92, 27, 9, 6, 5, 253, 34]
149,9,13,[6, 5, 253, 34, 19, 267, 92, 27, 9]
150,9,11,[5, 253, 34, 19, 267, 92, 27, 9, 6]
151,9,14,[6, 5, 253, 34, 19, 267, 92, 27, 9]
152,4,4,[10, 7, 255, 25]
153,9,13,[267, 92, 27, 9, 6, 5, 253, 34, 19]
154,9,10,[6, 5, 253, 34, 19, 267, 92, 27, 9]
155,4,5,[7, 255, 25, 10]
156,9,10,[6, 5, 253, 34, 19, 267, 92, 27, 9]
157,9,17,[9, 6, 5, 253, 34, 19, 267, 92, 27]
158,4,6,[255, 25, 10, 7]
159,4,9,[255, 25, 10, 7]
160,9,11,[5, 253, 34, 19, 267, 92, 27, 9, 6]
161,4,5,[7, 255, 25, 10]
162,9,10,[6, 5, 253, 34, 19, 267, 92, 27, 9]
163,9,13,[5, 253, 34, 19, 267, 92, 27, 9, 6]
164,9,15,[5, 253, 34, 19, 267, 92, 27, 9, 6]
165,9,9,[267, 92, 27, 9, 6, 5, 253, 34, 19]
166,4,10,[255, 25, 10, 7]
167,9,18,[9, 6, 5, 253, 34, 19, 267, 92, 27]
168,9,11,[5, 253, 34, 19, 267, 92, 27, 9, 6]
169,9,12,[5, 253, 34, 19, 267, 92, 27, 9, 6]
170,9,10,[6, 5, 253, 34, 19, 267, 92, 27, 9]
171,4,4,[10, 7, 255, 25]
172,4,8,[255, 25, 10, 7]
173,9,19,[5, 253, 34, 19, 267, 92, 27, 9, 6]
174,9,9,[19, 267, 92, 27, 9, 6, 5, 253, 34]
175,9,16,[9, 6, 5, 253, 34, 19, 267, 92, 27]
176,9,9,[267, 92, 27, 9, 6, 5, 253, 34, 19]
177,9,12,[6, 5, 253, 34, 19, 267, 92, 27, 9]
178,9,11,[6, 5, 253, 34, 19, 267, 92, 27, 9]
179,4,7,[7, 255, 25, 10]
180,9,11,[5, 253, 34, 19, 267, 92, 27, 9, 6]
181,9,10,[9, 6, 5, 253, 34, 19, 267, 92, 27]
182,4,9,[255, 25, 10, 7]
183,4,6,[255, 25, 10, 7]
184,9,13,[6, 5, 253, 34, 19, 267, 92, 27, 9]
185,4,6,[255, 25, 10, 7]
186,4,5,[7, 255, 25, 10]
187,9,15,[5, 253, 34, 19, 267, 92, 27, 9, 6]
188,9,11,[6, 5, 253, 34, 19, 267, 92, 27, 9]
189,9,11,[5, 253, 34, 19, 267, 92, 27, 9, 6]
190,9,12,[5, 253, 34, 19, 267, 92, 27, 9, 6]
191,4,9,[255, 25, 10, 7]
192,9,11,[5, 253, 34, 19, 267, 92, 27, 9, 6]
193,9,11,[6, 5, 253, 34, 19, 267, 92, 27, 9]
194,9,17,[9, 6, 5, 253, 34, 19, 267, 92, 27]
195,4,5,[7, 255, 25, 10]
196,9,11,[5, 253, 34, 19, 267, 92, 27, 9, 6]
197,9,13,[6, 5, 253, 34, 19, 267, 92, 27, 9]
198,9,9,[267, 92, 27, 9, 6, 5, 253, 34, 19]
199,4,6,[10, 7, 255, 25]
200,9,11,[5, 253, 34, 19, 267, 92, 27, 9, 6]
