1,1,0,[1]
2,6,18,[5, 413, 66, 16, 8, 6]
3,6,8,[8, 6, 5, 413, 66, 16]
4,1,0,[4]
5,6,5,[413, 66, 16, 8, 6, 5]
6,6,5,[5, 413, 66, 16, 8, 6]
7,6,12,[5, 413, 66, 16, 8, 6]
8,6,5,[6, 5, 413, 66, 16, 8]
9,6,6,[5, 413, 66, 16, 8, 6]
10,6,13,[5, 413, 66, 16, 8, 6]
11,6,15,[5, 413, 66, 16, 8, 6]
12,6,13,[5, 413, 66, 16, 8, 6]
13,9,8,[421, 829, 1237, 1645, 59, 467, 875, 22, 13]
14,6,7,[5, 413, 66, 16, 8, 6]
15,6,6,[6, 5, 413, 66, 16, 8]
16,6,5,[8, 6, 5, 413, 66, 16]
17,6,9,[5, 413, 66, 16, 8, 6]
18,6,6,[6, 5, 413, 66, 16, 8]
19,6,17,[5, 413, 66, 16, 8, 6]
20,6,7,[5, 413, 66, 16, 8, 6]
21,6,14,[5, 413, 66, 16, 8, 6]
22,9,8,[13, 421, 829, 1237, 1645, 59, 467, 875, 22]
23,6,18,[5, 413, 66, 16, 8, 6]
24,6,7,[5, 413, 66, 16, 8, 6]
25,6,14,[5, 413, 66, 16, 8, 6]
26,6,7,[6, 5, 413, 66, 16, 8]
27,6,7,[5, 413, 66, 16, 8, 6]
28,6,16,[5, 413, 66, 16, 8, 6]
29,6,16,[5, 413, 66, 16, 8, 6]
30,6,14,[5, 413, 66, 16, 8, 6]
31,6,19,[5, 413, 66, 16, 8, 6]
32,6,14,[5, 413, 66, 16, 8, 6]
33,6,8,[5, 413, 66, 16, 8, 6]
34,6,18,[5, 413, 66, 16, 8, 6]
35,6,14,[5, 413, 66, 16, 8, 6]
36,6,14,[5, 413, 66, 16, 8, 6]
37,6,11,[5, 413, 66, 16, 8, 6]
38,6,15,[5, 413, 66, 16, 8, 6]
39,6,6,[8, 6, 5, 413, 66, 16]
40,6,16,[5, 413, 66, 16, 8, 6]
41,6,10,[8, 6, 5, 413, 66, 16]
42,6,14,[5, 413, 66, 16, 8, 6]
43,6,12,[5, 413, 66, 16, 8, 6]
44,6,7,[6, 5, 413, 66, 16, 8]
45,6,16,[5, 413, 66, 16, 8, 6]
46,6,15,[5, 413, 66, 16, 8, 6]
47,6,16,[5, 413, 66, 16, 8, 6]
48,6,16,[5, 413, 66, 16, 8, 6]
49,6,8,[5, 413, 66, 16, 8, 6]
50,6,14,[5, 413, 66, 16, 8, 6]
51,6,8,[5, 413, 66, 16, 8, 6]
52,6,10,[5, 413, 66, 16, 8, 6]
53,9,12,[421, 829, 1237, 1645, 59, 467, 875, 22, 13]
54,6,16,[5, 413, 66, 16, 8, 6]
55,6,6,[8, 6, 5, 413, 66, 16]
56,9,9,[421, 829, 1237, 1645, 59, 467, 875, 22, 13]
57,9,9,[13, 421, 829, 1237, 1645, 59, 467, 875, 22]
58,6,20,[5, 413, 66, 16, 8, 6]
59,9,8,[467, 875, 22, 13, 421, 829, 1237, 1645, 59]
60,6,14,[5, 413, 66, 16, 8, 6]
61,6,9,[8, 6, 5, 413, 66, 16]
62,6,9,[5, 413, 66, 16, 8, 6]
63,9,9,[421, 829, 1237, 1645, 59, 467, 875, 22, 13]
64,6,14,[5, 413, 66, 16, 8, 6]
65,6,7,[6, 5, 413, 66, 16, 8]
66,6,5,[16, 8, 6, 5, 413, 66]
67,6,18,[5, 413, 66, 16, 8, 6]
68,6,15,[5, 413, 66, 16, 8, 6]
69,6,8,[6, 5, 413, 66, 16, 8]
70,6,8,[5, 413, 66, 16, 8, 6]
71,6,12,[5, 413, 66, 16, 8, 6]
72,6,14,[5, 413, 66, 16, 8, 6]
73,6,16,[5, 413, 66, 16, 8, 6]
74,6,7,[8, 6, 5, 413, 66, 16]
75,9,9,[421, 829, 1237, 1645, 59, 467, 875, 22, 13]
76,6,19,[5, 413, 66, 16, 8, 6]
77,6,7,[6, 5, 413, 66, 16, 8]
78,6,7,[6, 5, 413, 66, 16, 8]
79,6,20,[5, 413, 66, 16, 8, 6]
80,9,9,[421, 829, 1237, 1645, 59, 467, 875, 22, 13]
81,6,14,[5, 413, 66, 16, 8, 6]
82,6,13,[5, 413, 66, 16, 8, 6]
83,6,17,[5, 413, 66, 16, 8, 6]
84,6,8,[5, 413, 66, 16, 8, 6]
85,9,9,[13, 421, 829, 1237, 1645, 59, 467, 875, 22]
86,6,17,[5, 413, 66, 16, 8, 6]
87,6,15,[5, 413, 66, 16, 8, 6]
88,6,10,[5, 413, 66, 16, 8, 6]
89,6,9,[6, 5, 413, 66, 16, 8]
90,9,9,[421, 829, 1237, 1645, 59, 467, 875, 22, 13]
91,6,8,[5, 413, 66, 16, 8, 6]
92,6,8,[5, 413, 66, 16, 8, 6]
93,6,19,[5, 413, 66, 16, 8, 6]
94,6,9,[5, 413, 66, 16, 8, 6]
95,6,8,[5, 413, 66, 16, 8, 6]
96,9,9,[421, 829, 1237, 1645, 59, 467, 875, 22, 13]
97,6,9,[8, 6, 5, 413, 66, 16]
98,6,6,[8, 6, 5, 413, 66, 16]
99,6,10,[5, 413, 66, 16, 8, 6]
100,6,8,[5, 413, 66, 16, 8, 6]
101,6,20,[5, 413, 66, 16, 8, 6]
102,9,9,[13, 421, 829, 1237, 1645, 59, 467, 875, 22]
103,9,11,[421, 829, 1237, 1645, 59, 467, 875, 22, 13]
104,6,18,[5, 413, 66, 16, 8, 6]
105,6,7,[6, 5, 413, 66, 16, 8]
106,6,7,[8, 6, 5, 413, 66, 16]
107,9,11,[421, 829, 1237, 1645, 59, 467, 875, 22, 13]
108,9,9,[421, 829, 1237, 1645, 59, 467, 875, 22, 13]
109,6,22,[5, 413, 66, 16, 8, 6]
110,6,7,[6, 5, 413, 66, 16, 8]
111,6,17,[5, 413, 66, 16, 8, 6]
112,6,7,[6, 5, 413, 66, 16, 8]
113,6,22,[5, 413, 66, 16, 8, 6]
114,6,8,[5, 413, 66, 16, 8, 6]
115,6,17,[5, 413, 66, 16, 8, 6]
116,6,9,[5, 413, 66, 16, 8, 6]
117,6,18,[5, 413, 66, 16, 8, 6]
118,6,10,[8, 6, 5, 413, 66, 16]
119,6,8,[5, 413, 66, 16, 8, 6]
120,6,8,[5, 413, 66, 16, 8, 6]
121,9,9,[13, 421, 829, 1237, 1645, 59, 467, 875, 22]
122,9,10,[421, 829, 1237, 1645, 59, 467, 875, 22, 13]
123,6,8,[6, 5, 413, 66, 16, 8]
124,6,15,[5, 413, 66, 16, 8, 6]
125,6,7,[6, 5, 413, 66, 16, 8]
126,6,7,[6, 5, 413, 66, 16, 8]
127,6,9,[6, 5, 413, 66, 16, 8]
128,6,8,[5, 413, 66, 16, 8, 6]
129,6,16,[5, 413, 66, 16, 8, 6]
130,6,8,[5, 413, 66, 16, 8, 6]
131,6,16,[5, 413, 66, 16, 8, 6]
132,6,7,[6, 5, 413, 66, 16, 8]
133,6,8,[6, 5, 413, 66, 16, 8]
134,6,9,[6, 5, 413, 66, 16, 8]
135,6,8,[5, 413, 66, 16, 8, 6]
136,6,19,[5, 413, 66, 16, 8, 6]
137,6,10,[5, 413, 66, 16, 8, 6]
138,6,17,[5, 413, 66, 16, 8, 6]
139,6,10,[6, 5, 413, 66, 16, 8]
140,6,6,[8, 6, 5, 413, 66, 16]
141,6,15,[5, 413, 66, 16, 8, 6]
142,6,17,[5, 413, 66, 16, 8, 6]
143,6,8,[5, 413, 66, 16, 8, 6]
144,6,8,[5, 413, 66, 16, 8, 6]
145,6,19,[5, 413, 66, 16, 8, 6]
146,9,10,[421, 829, 1237, 1645, 59, 467, 875, 22, 13]
147,6,10,[5, 413, 66, 16, 8, 6]
148,6,11,[8, 6, 5, 413, 66, 16]
149,6,21,[5, 413, 66, 16, 8, 6]
150,6,7,[6, 5, 413, 66, 16, 8]
151,9,11,[421, 829, 1237, 1645, 59, 467, 875, 22, 13]
152,6,15,[5, 413, 66, 16, 8, 6]
153,6,19,[5, 413, 66, 16, 8, 6]
154,6,8,[5, 413, 66, 16, 8, 6]
155,6,15,[5, 413, 66, 16, 8, 6]
156,6,8,[5, 413, 66, 16, 8, 6]
157,6,12,[8, 6, 5, 413, 66, 16]
158,6,15,[5, 413, 66, 16, 8, 6]
159,9,10,[421, 829, 1237, 1645, 59, 467, 875, 22, 13]
160,6,7,[6, 5, 413, 66, 16, 8]
161,6,15,[5, 413, 66, 16, 8, 6]
162,6,8,[5, 413, 66, 16, 8, 6]
163,6,11,[5, 413, 66, 16, 8, 6]
164,6,17,[5, 413, 66, 16, 8, 6]
165,6,18,[5, 413, 66, 16, 8, 6]
166,9,10,[13, 421, 829, 1237, 1645, 59, 467, 875, 22]
167,6,10,[5, 413, 66, 16, 8, 6]
168,6,6,[8, 6, 5, 413, 66, 16]
169,6,8,[6, 5, 413, 66, 16, 8]
170,6,8,[5, 413, 66, 16, 8, 6]
171,6,15,[5, 413, 66, 16, 8, 6]
172,6,17,[5, 413, 66, 16, 8, 6]
173,9,11,[421, 829, 1237, 1645, 59, 467, 875, 22, 13]
174,6,19,[5, 413, 66, 16, 8, 6]
175,6,10,[5, 413, 66, 16, 8, 6]
176,6,18,[5, 413, 66, 16, 8, 6]
177,6,10,[5, 413, 66, 16, 8, 6]
178,6,9,[5, 413, 66, 16, 8, 6]
179,6,11,[5, 413, 66, 16, 8, 6]
180,6,7,[6, 5, 413, 66, 16, 8]
181,6,16,[5, 413, 66, 16, 8, 6]
182,9,9,[13, 421, 829, 1237, 1645, 59, 467, 875, 22]
183,6,15,[5, 413, 66, 16, 8, 6]
184,6,17,[5, 413, 66, 16, 8, 6]
185,6,15,[5, 413, 66, 16, 8, 6]
186,6,15,[5, 413, 66, 16, 8, 6]
187,6,17,[5, 413, 66, 16, 8, 6]
188,6,9,[5, 413, 66, 16, 8, 6]
189,6,6,[8, 6, 5, 413, 66, 16]
190,6,8,[6, 5, 413, 66, 16, 8]
191,6,17,[5, 413, 66, 16, 8, 6]
192,6,7,[6, 5, 413, 66, 16, 8]
193,9,14,[421, 829, 1237, 1645, 59, 467, 875, 22, 13]
194,6,11,[5, 413, 66, 16, 8, 6]
195,6,15,[5, 413, 66, 16, 8, 6]
196,6,7,[6, 5, 413, 66, 16, 8]
197,6,9,[5, 413, 66, 16, 8, 6]
198,6,18,[5, 413, 66, 16, 8, 6]
199,6,13,[8, 6, 5, 413, 66, 16]
200,6,6,[8, 6, 5, 413, 66, 16]
