1,1,0,[1],[0]
2,6,4,[5, 6, 8, 16, 55, 705],[1, 0, 0, 0, 0, 0]
3,7,3,[11, 13, 22, 54, 85, 711, 713],[1, 1, 0, 0, 0, 0, 0]
4,1,0,[4],[0]
5,6,0,[5, 6, 8, 16, 55, 705],[1, 0, 0, 0, 0, 0]
6,6,0,[5, 6, 8, 16, 55, 705],[1, 0, 0, 0, 0, 0]
7,7,3,[11, 13, 22, 54, 85, 711, 713],[1, 1, 0, 0, 0, 0, 0]
8,6,0,[5, 6, 8, 16, 55, 705],[1, 0, 0, 0, 0, 0]
9,6,1,[5, 6, 8, 16, 55, 705],[1, 0, 0, 0, 0, 0]
10,7,4,[11, 13, 22, 54, 85, 711, 713],[1, 1, 0, 0, 0, 0, 0]
11,7,0,[11, 13, 22, 54, 85, 711, 713],[1, 1, 0, 0, 0, 0, 0]
12,7,4,[11, 13, 22, 54, 85, 711, 713],[1, 1, 0, 0, 0, 0, 0]
13,7,0,[11, 13, 22, 54, 85, 711, 713],[1, 1, 0, 0, 0, 0, 0]
14,6,2,[5, 6, 8, 16, 55, 705],[1, 0, 0, 0, 0, 0]
15,6,1,[5, 6, 8, 16, 55, 705],[1, 0, 0, 0, 0, 0]
16,6,0,[5, 6, 8, 16, 55, 705],[1, 0, 0, 0, 0, 0]
17,6,5,[5, 6, 8, 16, 55, 705],[1, 0, 0, 0, 0, 0]
18,6,1,[5, 6, 8, 16, 55, 705],[1, 0, 0, 0, 0, 0]
19,7,4,[11, 13, 22, 54, 85, 711, 713],[1, 1, 0, 0, 0, 0, 0]
20,6,2,[5, 6, 8, 16, 55, 705],[1, 0, 0, 0, 0, 0]
21,7,5,[11, 13, 22, 54, 85, 711, 713],[1, 1, 0, 0, 0, 0, 0]
22,7,0,[11, 13, 22, 54, 85, 711, 713],[1, 1, 0, 0, 0, 0, 0]
23,6,5,[5, 6, 8, 16, 55, 705],[1, 0, 0, 0, 0, 0]
24,6,2,[5, 6, 8, 16, 55, 705],[1, 0, 0, 0, 0, 0]
25,7,5,[11, 13, 22, 54, 85, 711, 713],[1, 1, 0, 0, 0, 0, 0]
26,6,2,[5, 6, 8, 16, 55, 705],[1, 0, 0, 0, 0, 0]
27,6,2,[5, 6, 8, 16, 55, 705],[1, 0, 0, 0, 0, 0]
28,7,1,[11, 13, 22, 54, 85, 711, 713],[1, 1, 0, 0, 0, 0, 0]
29,6,3,[5, 6, 8, 16, 55, 705],[1, 0, 0, 0, 0, 0]
30,7,5,[11, 13, 22, 54, 85, 711, 713],[1, 1, 0, 0, 0, 0, 0]
31,7,7,[11, 13, 22, 54, 85, 711, 713],[1, 1, 0, 0, 0, 0, 0]
32,7,5,[11, 13, 22, 54, 85, 711, 713],[1, 1, 0, 0, 0, 0, 0]
33,6,3,[5, 6, 8, 16, 55, 705],[1, 0, 0, 0, 0, 0]
34,7,5,[11, 13, 22, 54, 85, 711, 713],[1, 1, 0, 0, 0, 0, 0]
35,7,5,[11, 13, 22, 54, 85, 711, 713],[1, 1, 0, 0, 0, 0, 0]
36,7,5,[11, 13, 22, 54, 85, 711, 713],[1, 1, 0, 0, 0, 0, 0]
37,6,4,[5, 6, 8, 16, 55, 705],[1, 0, 0, 0, 0, 0]
38,7,6,[11, 13, 22, 54, 85, 711, 713],[1, 1, 0, 0, 0, 0, 0]
39,6,1,[5, 6, 8, 16, 55, 705],[1, 0, 0, 0, 0, 0]
40,7,1,[11, 13, 22, 54, 85, 711, 713],[1, 1, 0, 0, 0, 0, 0]
41,7,7,[11, 13, 22, 54, 85, 711, 713],[1, 1, 0, 0, 0, 0, 0]
42,7,5,[11, 13, 22, 54, 85, 711, 713],[1, 1, 0, 0, 0, 0, 0]
43,7,13,[11, 13, 22, 54, 85, 711, 713],[1, 1, 0, 0, 0, 0, 0]
44,6,2,[5, 6, 8, 16, 55, 705],[1, 0, 0, 0, 0, 0]
45,7,1,[11, 13, 22, 54, 85, 711, 713],[1, 1, 0, 0, 0, 0, 0]
46,7,6,[11, 13, 22, 54, 85, 711, 713],[1, 1, 0, 0, 0, 0, 0]
47,7,6,[11, 13, 22, 54, 85, 711, 713],[1, 1, 0, 0, 0, 0, 0]
48,7,1,[11, 13, 22, 54, 85, 711, 713],[1, 1, 0, 0, 0, 0, 0]
49,6,3,[5, 6, 8, 16, 55, 705],[1, 0, 0, 0, 0, 0]
50,7,5,[11, 13, 22, 54, 85, 711, 713],[1, 1, 0, 0, 0, 0, 0]
51,6,3,[5, 6, 8, 16, 55, 705],[1, 0, 0, 0, 0, 0]
52,6,6,[5, 6, 8, 16, 55, 705],[1, 0, 0, 0, 0, 0]
53,7,10,[11, 13, 22, 54, 85, 711, 713],[1, 1, 0, 0, 0, 0, 0]
54,7,0,[11, 13, 22, 54, 85, 711, 713],[1, 1, 0, 0, 0, 0, 0]
55,6,0,[5, 6, 8, 16, 55, 705],[1, 0, 0, 0, 0, 0]
56,7,1,[11, 13, 22, 54, 85, 711, 713],[1, 1, 0, 0, 0, 0, 0]
57,7,1,[11, 13, 22, 54, 85, 711, 713],[1, 1, 0, 0, 0, 0, 0]
58,7,8,[11, 13, 22, 54, 85, 711, 713],[1, 1, 0, 0, 0, 0, 0]
59,6,6,[5, 6, 8, 16, 55, 705],[1, 0, 0, 0, 0, 0]
60,7,5,[11, 13, 22, 54, 85, 711, 713],[1, 1, 0, 0, 0, 0, 0]
61,7,9,[11, 13, 22, 54, 85, 711, 713],[1, 1, 0, 0, 0, 0, 0]
62,6,4,[5, 6, 8, 16, 55, 705],[1, 0, 0, 0, 0, 0]
63,7,1,[11, 13, 22, 54, 85, 711, 713],[1, 1, 0, 0, 0, 0, 0]
64,7,5,[11, 13, 22, 54, 85, 711, 713],[1, 1, 0, 0, 0, 0, 0]
65,6,2,[5, 6, 8, 16, 55, 705],[1, 0, 0, 0, 0, 0]
66,6,1,[5, 6, 8, 16, 55, 705],[1, 0, 0, 0, 0, 0]
67,7,7,[11, 13, 22, 54, 85, 711, 713],[1, 1, 0, 0, 0, 0, 0]
68,7,6,[11, 13, 22, 54, 85, 711, 713],[1, 1, 0, 0, 0, 0, 0]
69,6,3,[5, 6, 8, 16, 55, 705],[1, 0, 0, 0, 0, 0]
70,6,3,[5, 6, 8, 16, 55, 705],[1, 0, 0, 0, 0, 0]
71,7,3,[11, 13, 22, 54, 85, 711, 713],[1, 1, 0, 0, 0, 0, 0]
72,7,5,[11, 13, 22, 54, 85, 711, 713],[1, 1, 0, 0, 0, 0, 0]
73,7,9,[11, 13, 22, 54, 85, 711, 713],[1, 1, 0, 0, 0, 0, 0]
74,6,2,[5, 6, 8, 16, 55, 705],[1, 0, 0, 0, 0, 0]
75,7,1,[11, 13, 22, 54, 85, 711, 713],[1, 1, 0, 0, 0, 0, 0]
76,6,6,[5, 6, 8, 16, 55, 705],[1, 0, 0, 0, 0, 0]
77,6,2,[5, 6, 8, 16, 55, 705],[1, 0, 0, 0, 0, 0]
78,6,2,[5, 6, 8, 16, 55, 705],[1, 0, 0, 0, 0, 0]
79,7,7,[11, 13, 22, 54, 85, 711, 713],[1, 1, 0, 0, 0, 0, 0]
80,7,1,[11, 13, 22, 54, 85, 711, 713],[1, 1, 0, 0, 0, 0, 0]
81,7,5,[11, 13, 22, 54, 85, 711, 713],[1, 1, 0, 0, 0, 0, 0]
82,7,14,[11, 13, 22, 54, 85, 711, 713],[1, 1, 0, 0, 0, 0, 0]
83,7,8,[11, 13, 22, 54, 85, 711, 713],[1, 1, 0, 0, 0, 0, 0]
84,6,3,[5, 6, 8, 16, 55, 705],[1, 0, 0, 0, 0, 0]
85,7,0,[11, 13, 22, 54, 85, 711, 713],[1, 1, 0, 0, 0, 0, 0]
86,7,2,[11, 13, 22, 54, 85, 711, 713],[1, 1, 0, 0, 0, 0, 0]
87,7,6,[11, 13, 22, 54, 85, 711, 713],[1, 1, 0, 0, 0, 0, 0]
88,6,6,[5, 6, 8, 16, 55, 705],[1, 0, 0, 0, 0, 0]
89,7,4,[11, 13, 22, 54, 85, 711, 713],[1, 1, 0, 0, 0, 0, 0]
90,7,1,[11, 13, 22, 54, 85, 711, 713],[1, 1, 0, 0, 0, 0, 0]
91,6,3,[5, 6, 8, 16, 55, 705],[1, 0, 0, 0, 0, 0]
92,6,3,[5, 6, 8, 16, 55, 705],[1, 0, 0, 0, 0, 0]
93,7,6,[11, 13, 22, 54, 85, 711, 713],[1, 1, 0, 0, 0, 0, 0]
94,6,4,[5, 6, 8, 16, 55, 705],[1, 0, 0, 0, 0, 0]
95,6,3,[5, 6, 8, 16, 55, 705],[1, 0, 0, 0, 0, 0]
96,7,1,[11, 13, 22, 54, 85, 711, 713],[1, 1, 0, 0, 0, 0, 0]
97,7,10,[11, 13, 22, 54, 85, 711, 713],[1, 1, 0, 0, 0, 0, 0]
98,6,1,[5, 6, 8, 16, 55, 705],[1, 0, 0, 0, 0, 0]
99,6,6,[5, 6, 8, 16, 55, 705],[1, 0, 0, 0, 0, 0]
100,6,3,[5, 6, 8, 16, 55, 705],[1, 0, 0, 0, 0, 0]
