1  1  [1]
2  13  [9, 6, 5, 93, 34, 19, 107, 195, 21, 10, 7, 95, 24]
3  13  [93, 34, 19, 107, 195, 21, 10, 7, 95, 24, 9, 6, 5]
4  1  [4]
5  13  [21, 10, 7, 95, 24, 9, 6, 5, 93, 34, 19, 107, 195]
6  13  [195, 21, 10, 7, 95, 24, 9, 6, 5, 93, 34, 19, 107]
7  13  [93, 34, 19, 107, 195, 21, 10, 7, 95, 24, 9, 6, 5]
8  13  [107, 195, 21, 10, 7, 95, 24, 9, 6, 5, 93, 34, 19]
9  13  [107, 195, 21, 10, 7, 95, 24, 9, 6, 5, 93, 34, 19]
10  13  [5, 93, 34, 19, 107, 195, 21, 10, 7, 95, 24, 9, 6]
11  13  [6, 5, 93, 34, 19, 107, 195, 21, 10, 7, 95, 24, 9]
12  13  [5, 93, 34, 19, 107, 195, 21, 10, 7, 95, 24, 9, 6]
13  13  [5, 93, 34, 19, 107, 195, 21, 10, 7, 95, 24, 9, 6]
14  13  [19, 107, 195, 21, 10, 7, 95, 24, 9, 6, 5, 93, 34]
15  13  [19, 107, 195, 21, 10, 7, 95, 24, 9, 6, 5, 93, 34]
16  13  [19, 107, 195, 21, 10, 7, 95, 24, 9, 6, 5, 93, 34]
17  13  [93, 34, 19, 107, 195, 21, 10, 7, 95, 24, 9, 6, 5]
18  13  [19, 107, 195, 21, 10, 7, 95, 24, 9, 6, 5, 93, 34]
19  13  [95, 24, 9, 6, 5, 93, 34, 19, 107, 195, 21, 10, 7]
20  13  [19, 107, 195, 21, 10, 7, 95, 24, 9, 6, 5, 93, 34]
21  13  [6, 5, 93, 34, 19, 107, 195, 21, 10, 7, 95, 24, 9]
22  13  [6, 5, 93, 34, 19, 107, 195, 21, 10, 7, 95, 24, 9]
23  13  [95, 24, 9, 6, 5, 93, 34, 19, 107, 195, 21, 10, 7]
24  13  [19, 107, 195, 21, 10, 7, 95, 24, 9, 6, 5, 93, 34]
25  13  [6, 5, 93, 34, 19, 107, 195, 21, 10, 7, 95, 24, 9]
26  13  [34, 19, 107, 195, 21, 10, 7, 95, 24, 9, 6, 5, 93]
27  13  [19, 107, 195, 21, 10, 7, 95, 24, 9, 6, 5, 93, 34]
28  13  [9, 6, 5, 93, 34, 19, 107, 195, 21, 10, 7, 95, 24]
29  13  [10, 7, 95, 24, 9, 6, 5, 93, 34, 19, 107, 195, 21]
30  13  [6, 5, 93, 34, 19, 107, 195, 21, 10, 7, 95, 24, 9]
31  13  [93, 34, 19, 107, 195, 21, 10, 7, 95, 24, 9, 6, 5]
32  13  [6, 5, 93, 34, 19, 107, 195, 21, 10, 7, 95, 24, 9]
33  13  [34, 19, 107, 195, 21, 10, 7, 95, 24, 9, 6, 5, 93]
34  13  [7, 95, 24, 9, 6, 5, 93, 34, 19, 107, 195, 21, 10]
35  13  [6, 5, 93, 34, 19, 107, 195, 21, 10, 7, 95, 24, 9]
36  13  [6, 5, 93, 34, 19, 107, 195, 21, 10, 7, 95, 24, 9]
37  13  [93, 34, 19, 107, 195, 21, 10, 7, 95, 24, 9, 6, 5]
38  13  [9, 6, 5, 93, 34, 19, 107, 195, 21, 10, 7, 95, 24]
39  13  [34, 19, 107, 195, 21, 10, 7, 95, 24, 9, 6, 5, 93]
40  13  [9, 6, 5, 93, 34, 19, 107, 195, 21, 10, 7, 95, 24]
41  13  [95, 24, 9, 6, 5, 93, 34, 19, 107, 195, 21, 10, 7]
42  13  [6, 5, 93, 34, 19, 107, 195, 21, 10, 7, 95, 24, 9]
43  13  [195, 21, 10, 7, 95, 24, 9, 6, 5, 93, 34, 19, 107]
44  13  [34, 19, 107, 195, 21, 10, 7, 95, 24, 9, 6, 5, 93]
45  13  [9, 6, 5, 93, 34, 19, 107, 195, 21, 10, 7, 95, 24]
46  13  [9, 6, 5, 93, 34, 19, 107, 195, 21, 10, 7, 95, 24]
47  13  [93, 34, 19, 107, 195, 21, 10, 7, 95, 24, 9, 6, 5]
48  13  [9, 6, 5, 93, 34, 19, 107, 195, 21, 10, 7, 95, 24]
49  13  [34, 19, 107, 195, 21, 10, 7, 95, 24, 9, 6, 5, 93]
50  13  [6, 5, 93, 34, 19, 107, 195, 21, 10, 7, 95, 24, 9]
51  13  [34, 19, 107, 195, 21, 10, 7, 95, 24, 9, 6, 5, 93]
52  13  [5, 93, 34, 19, 107, 195, 21, 10, 7, 95, 24, 9, 6]
53  13  [24, 9, 6, 5, 93, 34, 19, 107, 195, 21, 10, 7, 95]
54  13  [9, 6, 5, 93, 34, 19, 107, 195, 21, 10, 7, 95, 24]
55  13  [34, 19, 107, 195, 21, 10, 7, 95, 24, 9, 6, 5, 93]
56  13  [6, 5, 93, 34, 19, 107, 195, 21, 10, 7, 95, 24, 9]
57  13  [9, 6, 5, 93, 34, 19, 107, 195, 21, 10, 7, 95, 24]
58  13  [5, 93, 34, 19, 107, 195, 21, 10, 7, 95, 24, 9, 6]
59  13  [6, 5, 93, 34, 19, 107, 195, 21, 10, 7, 95, 24, 9]
60  13  [6, 5, 93, 34, 19, 107, 195, 21, 10, 7, 95, 24, 9]
61  13  [93, 34, 19, 107, 195, 21, 10, 7, 95, 24, 9, 6, 5]
62  13  [93, 34, 19, 107, 195, 21, 10, 7, 95, 24, 9, 6, 5]
63  13  [6, 5, 93, 34, 19, 107, 195, 21, 10, 7, 95, 24, 9]
64  13  [6, 5, 93, 34, 19, 107, 195, 21, 10, 7, 95, 24, 9]
65  13  [34, 19, 107, 195, 21, 10, 7, 95, 24, 9, 6, 5, 93]
66  13  [34, 19, 107, 195, 21, 10, 7, 95, 24, 9, 6, 5, 93]
67  13  [24, 9, 6, 5, 93, 34, 19, 107, 195, 21, 10, 7, 95]
68  13  [9, 6, 5, 93, 34, 19, 107, 195, 21, 10, 7, 95, 24]
69  13  [93, 34, 19, 107, 195, 21, 10, 7, 95, 24, 9, 6, 5]
70  13  [34, 19, 107, 195, 21, 10, 7, 95, 24, 9, 6, 5, 93]
71  13  [24, 9, 6, 5, 93, 34, 19, 107, 195, 21, 10, 7, 95]
72  13  [6, 5, 93, 34, 19, 107, 195, 21, 10, 7, 95, 24, 9]
73  13  [24, 9, 6, 5, 93, 34, 19, 107, 195, 21, 10, 7, 95]
74  13  [93, 34, 19, 107, 195, 21, 10, 7, 95, 24, 9, 6, 5]
75  13  [6, 5, 93, 34, 19, 107, 195, 21, 10, 7, 95, 24, 9]
76  13  [7, 95, 24, 9, 6, 5, 93, 34, 19, 107, 195, 21, 10]
77  13  [34, 19, 107, 195, 21, 10, 7, 95, 24, 9, 6, 5, 93]
78  13  [34, 19, 107, 195, 21, 10, 7, 95, 24, 9, 6, 5, 93]
79  13  [95, 24, 9, 6, 5, 93, 34, 19, 107, 195, 21, 10, 7]
80  13  [6, 5, 93, 34, 19, 107, 195, 21, 10, 7, 95, 24, 9]
81  13  [6, 5, 93, 34, 19, 107, 195, 21, 10, 7, 95, 24, 9]
82  13  [107, 195, 21, 10, 7, 95, 24, 9, 6, 5, 93, 34, 19]
83  13  [24, 9, 6, 5, 93, 34, 19, 107, 195, 21, 10, 7, 95]
84  13  [34, 19, 107, 195, 21, 10, 7, 95, 24, 9, 6, 5, 93]
85  13  [9, 6, 5, 93, 34, 19, 107, 195, 21, 10, 7, 95, 24]
86  13  [24, 9, 6, 5, 93, 34, 19, 107, 195, 21, 10, 7, 95]
87  13  [9, 6, 5, 93, 34, 19, 107, 195, 21, 10, 7, 95, 24]
88  13  [5, 93, 34, 19, 107, 195, 21, 10, 7, 95, 24, 9, 6]
89  13  [6, 5, 93, 34, 19, 107, 195, 21, 10, 7, 95, 24, 9]
90  13  [6, 5, 93, 34, 19, 107, 195, 21, 10, 7, 95, 24, 9]
91  13  [34, 19, 107, 195, 21, 10, 7, 95, 24, 9, 6, 5, 93]
92  13  [34, 19, 107, 195, 21, 10, 7, 95, 24, 9, 6, 5, 93]
93  13  [10, 7, 95, 24, 9, 6, 5, 93, 34, 19, 107, 195, 21]
94  13  [93, 34, 19, 107, 195, 21, 10, 7, 95, 24, 9, 6, 5]
95  13  [34, 19, 107, 195, 21, 10, 7, 95, 24, 9, 6, 5, 93]
96  13  [6, 5, 93, 34, 19, 107, 195, 21, 10, 7, 95, 24, 9]
97  13  [24, 9, 6, 5, 93, 34, 19, 107, 195, 21, 10, 7, 95]
98  13  [34, 19, 107, 195, 21, 10, 7, 95, 24, 9, 6, 5, 93]
99  13  [5, 93, 34, 19, 107, 195, 21, 10, 7, 95, 24, 9, 6]
100  13  [34, 19, 107, 195, 21, 10, 7, 95, 24, 9, 6, 5, 93]
101  13  [93, 34, 19, 107, 195, 21, 10, 7, 95, 24, 9, 6, 5]
102  13  [9, 6, 5, 93, 34, 19, 107, 195, 21, 10, 7, 95, 24]
103  13  [9, 6, 5, 93, 34, 19, 107, 195, 21, 10, 7, 95, 24]
104  13  [7, 95, 24, 9, 6, 5, 93, 34, 19, 107, 195, 21, 10]
