1,1,0,[1],[0]
2,5,8,[5, 6, 9, 24, 990],[1, 0, 0, 0, 0]
3,6,3,[7, 10, 30, 41, 992, 1026],[1, 0, 0, 1, 0, 0]
4,1,0,[4],[0]
5,5,0,[5, 6, 9, 24, 990],[1, 0, 0, 0, 0]
6,5,0,[5, 6, 9, 24, 990],[1, 0, 0, 0, 0]
7,6,0,[7, 10, 30, 41, 992, 1026],[1, 0, 0, 1, 0, 0]
8,5,1,[5, 6, 9, 24, 990],[1, 0, 0, 0, 0]
9,5,0,[5, 6, 9, 24, 990],[1, 0, 0, 0, 0]
10,6,0,[7, 10, 30, 41, 992, 1026],[1, 0, 0, 1, 0, 0]
11,5,7,[5, 6, 9, 24, 990],[1, 0, 0, 0, 0]
12,6,1,[7, 10, 30, 41, 992, 1026],[1, 0, 0, 1, 0, 0]
13,5,4,[5, 6, 9, 24, 990],[1, 0, 0, 0, 0]
14,5,1,[5, 6, 9, 24, 990],[1, 0, 0, 0, 0]
15,5,2,[5, 6, 9, 24, 990],[1, 0, 0, 0, 0]
16,5,2,[5, 6, 9, 24, 990],[1, 0, 0, 0, 0]
17,6,0,[17, 47, 52, 172, 1002, 1032],[1, 1, 0, 0, 0, 0]
18,5,2,[5, 6, 9, 24, 990],[1, 0, 0, 0, 0]
19,6,4,[7, 10, 30, 41, 992, 1026],[1, 0, 0, 1, 0, 0]
20,5,1,[5, 6, 9, 24, 990],[1, 0, 0, 0, 0]
21,6,1,[7, 10, 30, 41, 992, 1026],[1, 0, 0, 1, 0, 0]
22,5,5,[5, 6, 9, 24, 990],[1, 0, 0, 0, 0]
23,6,3,[7, 10, 30, 41, 992, 1026],[1, 0, 0, 1, 0, 0]
24,5,0,[5, 6, 9, 24, 990],[1, 0, 0, 0, 0]
25,6,1,[7, 10, 30, 41, 992, 1026],[1, 0, 0, 1, 0, 0]
26,5,3,[5, 6, 9, 24, 990],[1, 0, 0, 0, 0]
27,5,1,[5, 6, 9, 24, 990],[1, 0, 0, 0, 0]
28,5,8,[5, 6, 9, 24, 990],[1, 0, 0, 0, 0]
29,5,8,[5, 6, 9, 24, 990],[1, 0, 0, 0, 0]
30,6,0,[7, 10, 30, 41, 992, 1026],[1, 0, 0, 1, 0, 0]
31,5,6,[5, 6, 9, 24, 990],[1, 0, 0, 0, 0]
32,6,1,[7, 10, 30, 41, 992, 1026],[1, 0, 0, 1, 0, 0]
33,5,2,[5, 6, 9, 24, 990],[1, 0, 0, 0, 0]
34,6,5,[7, 10, 30, 41, 992, 1026],[1, 0, 0, 1, 0, 0]
35,6,2,[7, 10, 30, 41, 992, 1026],[1, 0, 0, 1, 0, 0]
36,6,1,[7, 10, 30, 41, 992, 1026],[1, 0, 0, 1, 0, 0]
37,6,8,[7, 10, 30, 41, 992, 1026],[1, 0, 0, 1, 0, 0]
38,6,2,[7, 10, 30, 41, 992, 1026],[1, 0, 0, 1, 0, 0]
39,5,3,[5, 6, 9, 24, 990],[1, 0, 0, 0, 0]
40,5,8,[5, 6, 9, 24, 990],[1, 0, 0, 0, 0]
41,6,0,[7, 10, 30, 41, 992, 1026],[1, 0, 0, 1, 0, 0]
42,6,2,[7, 10, 30, 41, 992, 1026],[1, 0, 0, 1, 0, 0]
43,6,5,[7, 10, 30, 41, 992, 1026],[1, 0, 0, 1, 0, 0]
44,5,3,[5, 6, 9, 24, 990],[1, 0, 0, 0, 0]
45,5,8,[5, 6, 9, 24, 990],[1, 0, 0, 0, 0]
46,6,2,[7, 10, 30, 41, 992, 1026],[1, 0, 0, 1, 0, 0]
47,6,0,[17, 47, 52, 172, 1002, 1032],[1, 1, 0, 0, 0, 0]
48,5,8,[5, 6, 9, 24, 990],[1, 0, 0, 0, 0]
49,5,2,[5, 6, 9, 24, 990],[1, 0, 0, 0, 0]
50,6,2,[7, 10, 30, 41, 992, 1026],[1, 0, 0, 1, 0, 0]
51,5,2,[5, 6, 9, 24, 990],[1, 0, 0, 0, 0]
52,6,0,[17, 47, 52, 172, 1002, 1032],[1, 1, 0, 0, 0, 0]
53,5,5,[5, 6, 9, 24, 990],[1, 0, 0, 0, 0]
54,5,8,[5, 6, 9, 24, 990],[1, 0, 0, 0, 0]
55,5,3,[5, 6, 9, 24, 990],[1, 0, 0, 0, 0]
56,5,5,[5, 6, 9, 24, 990],[1, 0, 0, 0, 0]
57,5,6,[5, 6, 9, 24, 990],[1, 0, 0, 0, 0]
58,5,7,[5, 6, 9, 24, 990],[1, 0, 0, 0, 0]
59,5,5,[5, 6, 9, 24, 990],[1, 0, 0, 0, 0]
60,6,2,[7, 10, 30, 41, 992, 1026],[1, 0, 0, 1, 0, 0]
61,5,4,[5, 6, 9, 24, 990],[1, 0, 0, 0, 0]
62,5,3,[5, 6, 9, 24, 990],[1, 0, 0, 0, 0]
63,5,5,[5, 6, 9, 24, 990],[1, 0, 0, 0, 0]
64,6,2,[7, 10, 30, 41, 992, 1026],[1, 0, 0, 1, 0, 0]
65,5,3,[5, 6, 9, 24, 990],[1, 0, 0, 0, 0]
66,5,3,[5, 6, 9, 24, 990],[1, 0, 0, 0, 0]
67,5,5,[5, 6, 9, 24, 990],[1, 0, 0, 0, 0]
68,6,2,[7, 10, 30, 41, 992, 1026],[1, 0, 0, 1, 0, 0]
69,5,4,[5, 6, 9, 24, 990],[1, 0, 0, 0, 0]
70,5,2,[5, 6, 9, 24, 990],[1, 0, 0, 0, 0]
71,5,2,[5, 6, 9, 24, 990],[1, 0, 0, 0, 0]
72,6,2,[7, 10, 30, 41, 992, 1026],[1, 0, 0, 1, 0, 0]
73,5,10,[5, 6, 9, 24, 990],[1, 0, 0, 0, 0]
74,5,4,[5, 6, 9, 24, 990],[1, 0, 0, 0, 0]
75,5,5,[5, 6, 9, 24, 990],[1, 0, 0, 0, 0]
76,6,4,[7, 10, 30, 41, 992, 1026],[1, 0, 0, 1, 0, 0]
77,5,3,[5, 6, 9, 24, 990],[1, 0, 0, 0, 0]
78,5,3,[5, 6, 9, 24, 990],[1, 0, 0, 0, 0]
79,6,3,[7, 10, 30, 41, 992, 1026],[1, 0, 0, 1, 0, 0]
80,5,5,[5, 6, 9, 24, 990],[1, 0, 0, 0, 0]
81,6,2,[7, 10, 30, 41, 992, 1026],[1, 0, 0, 1, 0, 0]
82,6,6,[7, 10, 30, 41, 992, 1026],[1, 0, 0, 1, 0, 0]
83,5,7,[5, 6, 9, 24, 990],[1, 0, 0, 0, 0]
84,5,2,[5, 6, 9, 24, 990],[1, 0, 0, 0, 0]
85,5,6,[5, 6, 9, 24, 990],[1, 0, 0, 0, 0]
86,5,9,[5, 6, 9, 24, 990],[1, 0, 0, 0, 0]
87,6,2,[7, 10, 30, 41, 992, 1026],[1, 0, 0, 1, 0, 0]
88,6,1,[17, 47, 52, 172, 1002, 1032],[1, 1, 0, 0, 0, 0]
89,5,11,[5, 6, 9, 24, 990],[1, 0, 0, 0, 0]
90,5,5,[5, 6, 9, 24, 990],[1, 0, 0, 0, 0]
91,5,2,[5, 6, 9, 24, 990],[1, 0, 0, 0, 0]
92,5,2,[5, 6, 9, 24, 990],[1, 0, 0, 0, 0]
93,6,6,[7, 10, 30, 41, 992, 1026],[1, 0, 0, 1, 0, 0]
94,5,3,[5, 6, 9, 24, 990],[1, 0, 0, 0, 0]
95,5,1,[5, 6, 9, 24, 990],[1, 0, 0, 0, 0]
96,5,5,[5, 6, 9, 24, 990],[1, 0, 0, 0, 0]
97,5,12,[5, 6, 9, 24, 990],[1, 0, 0, 0, 0]
98,5,3,[5, 6, 9, 24, 990],[1, 0, 0, 0, 0]
99,6,1,[17, 47, 52, 172, 1002, 1032],[1, 1, 0, 0, 0, 0]
100,5,2,[5, 6, 9, 24, 990],[1, 0, 0, 0, 0]
