1,1,0,[1],[0]
2,8,7,[5, 6, 8, 15, 26, 69, 134, 889],[1, 0, 0, 0, 0, 0, 0, 0]
3,8,10,[5, 6, 8, 15, 26, 69, 134, 889],[1, 0, 0, 0, 0, 0, 0, 0]
4,1,0,[4],[0]
5,8,0,[5, 6, 8, 15, 26, 69, 134, 889],[1, 0, 0, 0, 0, 0, 0, 0]
6,8,0,[5, 6, 8, 15, 26, 69, 134, 889],[1, 0, 0, 0, 0, 0, 0, 0]
7,9,0,[7, 10, 23, 25, 46, 205, 891, 907, 1791],[1, 0, 1, 0, 0, 0, 0, 1, 0]
8,8,0,[5, 6, 8, 15, 26, 69, 134, 889],[1, 0, 0, 0, 0, 0, 0, 0]
9,8,1,[5, 6, 8, 15, 26, 69, 134, 889],[1, 0, 0, 0, 0, 0, 0, 0]
10,9,0,[7, 10, 23, 25, 46, 205, 891, 907, 1791],[1, 0, 1, 0, 0, 0, 0, 1, 0]
11,8,9,[5, 6, 8, 15, 26, 69, 134, 889],[1, 0, 0, 0, 0, 0, 0, 0]
12,9,1,[7, 10, 23, 25, 46, 205, 891, 907, 1791],[1, 0, 1, 0, 0, 0, 0, 1, 0]
13,8,4,[5, 6, 8, 15, 26, 69, 134, 889],[1, 0, 0, 0, 0, 0, 0, 0]
14,8,2,[5, 6, 8, 15, 26, 69, 134, 889],[1, 0, 0, 0, 0, 0, 0, 0]
15,8,0,[5, 6, 8, 15, 26, 69, 134, 889],[1, 0, 0, 0, 0, 0, 0, 0]
16,8,1,[5, 6, 8, 15, 26, 69, 134, 889],[1, 0, 0, 0, 0, 0, 0, 0]
17,8,5,[5, 6, 8, 15, 26, 69, 134, 889],[1, 0, 0, 0, 0, 0, 0, 0]
18,8,1,[5, 6, 8, 15, 26, 69, 134, 889],[1, 0, 0, 0, 0, 0, 0, 0]
19,9,8,[7, 10, 23, 25, 46, 205, 891, 907, 1791],[1, 0, 1, 0, 0, 0, 0, 1, 0]
20,8,2,[5, 6, 8, 15, 26, 69, 134, 889],[1, 0, 0, 0, 0, 0, 0, 0]
21,9,1,[7, 10, 23, 25, 46, 205, 891, 907, 1791],[1, 0, 1, 0, 0, 0, 0, 1, 0]
22,8,5,[5, 6, 8, 15, 26, 69, 134, 889],[1, 0, 0, 0, 0, 0, 0, 0]
23,9,0,[7, 10, 23, 25, 46, 205, 891, 907, 1791],[1, 0, 1, 0, 0, 0, 0, 1, 0]
24,8,2,[5, 6, 8, 15, 26, 69, 134, 889],[1, 0, 0, 0, 0, 0, 0, 0]
25,9,0,[7, 10, 23, 25, 46, 205, 891, 907, 1791],[1, 0, 1, 0, 0, 0, 0, 1, 0]
26,8,0,[5, 6, 8, 15, 26, 69, 134, 889],[1, 0, 0, 0, 0, 0, 0, 0]
27,8,2,[5, 6, 8, 15, 26, 69, 134, 889],[1, 0, 0, 0, 0, 0, 0, 0]
28,8,10,[5, 6, 8, 15, 26, 69, 134, 889],[1, 0, 0, 0, 0, 0, 0, 0]
29,8,6,[5, 6, 8, 15, 26, 69, 134, 889],[1, 0, 0, 0, 0, 0, 0, 0]
30,9,1,[7, 10, 23, 25, 46, 205, 891, 907, 1791],[1, 0, 1, 0, 0, 0, 0, 1, 0]
31,8,2,[5, 6, 8, 15, 26, 69, 134, 889],[1, 0, 0, 0, 0, 0, 0, 0]
32,9,1,[7, 10, 23, 25, 46, 205, 891, 907, 1791],[1, 0, 1, 0, 0, 0, 0, 1, 0]
33,8,3,[5, 6, 8, 15, 26, 69, 134, 889],[1, 0, 0, 0, 0, 0, 0, 0]
34,9,9,[7, 10, 23, 25, 46, 205, 891, 907, 1791],[1, 0, 1, 0, 0, 0, 0, 1, 0]
35,9,2,[7, 10, 23, 25, 46, 205, 891, 907, 1791],[1, 0, 1, 0, 0, 0, 0, 1, 0]
36,9,1,[7, 10, 23, 25, 46, 205, 891, 907, 1791],[1, 0, 1, 0, 0, 0, 0, 1, 0]
37,9,5,[7, 10, 23, 25, 46, 205, 891, 907, 1791],[1, 0, 1, 0, 0, 0, 0, 1, 0]
38,9,2,[7, 10, 23, 25, 46, 205, 891, 907, 1791],[1, 0, 1, 0, 0, 0, 0, 1, 0]
39,8,2,[5, 6, 8, 15, 26, 69, 134, 889],[1, 0, 0, 0, 0, 0, 0, 0]
40,8,10,[5, 6, 8, 15, 26, 69, 134, 889],[1, 0, 0, 0, 0, 0, 0, 0]
41,8,7,[5, 6, 8, 15, 26, 69, 134, 889],[1, 0, 0, 0, 0, 0, 0, 0]
42,9,2,[7, 10, 23, 25, 46, 205, 891, 907, 1791],[1, 0, 1, 0, 0, 0, 0, 1, 0]
43,8,6,[5, 6, 8, 15, 26, 69, 134, 889],[1, 0, 0, 0, 0, 0, 0, 0]
44,8,1,[5, 6, 8, 15, 26, 69, 134, 889],[1, 0, 0, 0, 0, 0, 0, 0]
45,8,10,[5, 6, 8, 15, 26, 69, 134, 889],[1, 0, 0, 0, 0, 0, 0, 0]
46,9,0,[7, 10, 23, 25, 46, 205, 891, 907, 1791],[1, 0, 1, 0, 0, 0, 0, 1, 0]
47,8,5,[5, 6, 8, 15, 26, 69, 134, 889],[1, 0, 0, 0, 0, 0, 0, 0]
48,8,10,[5, 6, 8, 15, 26, 69, 134, 889],[1, 0, 0, 0, 0, 0, 0, 0]
49,8,3,[5, 6, 8, 15, 26, 69, 134, 889],[1, 0, 0, 0, 0, 0, 0, 0]
50,9,2,[7, 10, 23, 25, 46, 205, 891, 907, 1791],[1, 0, 1, 0, 0, 0, 0, 1, 0]
51,8,3,[5, 6, 8, 15, 26, 69, 134, 889],[1, 0, 0, 0, 0, 0, 0, 0]
52,8,6,[5, 6, 8, 15, 26, 69, 134, 889],[1, 0, 0, 0, 0, 0, 0, 0]
53,9,6,[7, 10, 23, 25, 46, 205, 891, 907, 1791],[1, 0, 1, 0, 0, 0, 0, 1, 0]
54,8,10,[5, 6, 8, 15, 26, 69, 134, 889],[1, 0, 0, 0, 0, 0, 0, 0]
55,8,2,[5, 6, 8, 15, 26, 69, 134, 889],[1, 0, 0, 0, 0, 0, 0, 0]
56,8,5,[5, 6, 8, 15, 26, 69, 134, 889],[1, 0, 0, 0, 0, 0, 0, 0]
57,8,6,[5, 6, 8, 15, 26, 69, 134, 889],[1, 0, 0, 0, 0, 0, 0, 0]
58,8,3,[5, 6, 8, 15, 26, 69, 134, 889],[1, 0, 0, 0, 0, 0, 0, 0]
59,9,4,[7, 10, 23, 25, 46, 205, 891, 907, 1791],[1, 0, 1, 0, 0, 0, 0, 1, 0]
60,9,2,[7, 10, 23, 25, 46, 205, 891, 907, 1791],[1, 0, 1, 0, 0, 0, 0, 1, 0]
61,9,3,[7, 10, 23, 25, 46, 205, 891, 907, 1791],[1, 0, 1, 0, 0, 0, 0, 1, 0]
62,8,4,[5, 6, 8, 15, 26, 69, 134, 889],[1, 0, 0, 0, 0, 0, 0, 0]
63,8,5,[5, 6, 8, 15, 26, 69, 134, 889],[1, 0, 0, 0, 0, 0, 0, 0]
64,9,2,[7, 10, 23, 25, 46, 205, 891, 907, 1791],[1, 0, 1, 0, 0, 0, 0, 1, 0]
65,8,2,[5, 6, 8, 15, 26, 69, 134, 889],[1, 0, 0, 0, 0, 0, 0, 0]
66,8,2,[5, 6, 8, 15, 26, 69, 134, 889],[1, 0, 0, 0, 0, 0, 0, 0]
67,8,8,[5, 6, 8, 15, 26, 69, 134, 889],[1, 0, 0, 0, 0, 0, 0, 0]
68,9,2,[7, 10, 23, 25, 46, 205, 891, 907, 1791],[1, 0, 1, 0, 0, 0, 0, 1, 0]
69,8,0,[5, 6, 8, 15, 26, 69, 134, 889],[1, 0, 0, 0, 0, 0, 0, 0]
70,8,3,[5, 6, 8, 15, 26, 69, 134, 889],[1, 0, 0, 0, 0, 0, 0, 0]
71,8,4,[5, 6, 8, 15, 26, 69, 134, 889],[1, 0, 0, 0, 0, 0, 0, 0]
72,9,2,[7, 10, 23, 25, 46, 205, 891, 907, 1791],[1, 0, 1, 0, 0, 0, 0, 1, 0]
73,8,8,[5, 6, 8, 15, 26, 69, 134, 889],[1, 0, 0, 0, 0, 0, 0, 0]
74,8,3,[5, 6, 8, 15, 26, 69, 134, 889],[1, 0, 0, 0, 0, 0, 0, 0]
75,8,5,[5, 6, 8, 15, 26, 69, 134, 889],[1, 0, 0, 0, 0, 0, 0, 0]
76,9,1,[7, 10, 23, 25, 46, 205, 891, 907, 1791],[1, 0, 1, 0, 0, 0, 0, 1, 0]
77,8,2,[5, 6, 8, 15, 26, 69, 134, 889],[1, 0, 0, 0, 0, 0, 0, 0]
78,8,2,[5, 6, 8, 15, 26, 69, 134, 889],[1, 0, 0, 0, 0, 0, 0, 0]
79,9,6,[7, 10, 23, 25, 46, 205, 891, 907, 1791],[1, 0, 1, 0, 0, 0, 0, 1, 0]
80,8,5,[5, 6, 8, 15, 26, 69, 134, 889],[1, 0, 0, 0, 0, 0, 0, 0]
81,9,2,[7, 10, 23, 25, 46, 205, 891, 907, 1791],[1, 0, 1, 0, 0, 0, 0, 1, 0]
82,8,7,[5, 6, 8, 15, 26, 69, 134, 889],[1, 0, 0, 0, 0, 0, 0, 0]
83,8,14,[5, 6, 8, 15, 26, 69, 134, 889],[1, 0, 0, 0, 0, 0, 0, 0]
84,8,3,[5, 6, 8, 15, 26, 69, 134, 889],[1, 0, 0, 0, 0, 0, 0, 0]
85,8,6,[5, 6, 8, 15, 26, 69, 134, 889],[1, 0, 0, 0, 0, 0, 0, 0]
86,8,11,[5, 6, 8, 15, 26, 69, 134, 889],[1, 0, 0, 0, 0, 0, 0, 0]
87,9,2,[7, 10, 23, 25, 46, 205, 891, 907, 1791],[1, 0, 1, 0, 0, 0, 0, 1, 0]
88,8,6,[5, 6, 8, 15, 26, 69, 134, 889],[1, 0, 0, 0, 0, 0, 0, 0]
89,8,8,[5, 6, 8, 15, 26, 69, 134, 889],[1, 0, 0, 0, 0, 0, 0, 0]
90,8,5,[5, 6, 8, 15, 26, 69, 134, 889],[1, 0, 0, 0, 0, 0, 0, 0]
91,8,3,[5, 6, 8, 15, 26, 69, 134, 889],[1, 0, 0, 0, 0, 0, 0, 0]
92,8,3,[5, 6, 8, 15, 26, 69, 134, 889],[1, 0, 0, 0, 0, 0, 0, 0]
93,9,10,[7, 10, 23, 25, 46, 205, 891, 907, 1791],[1, 0, 1, 0, 0, 0, 0, 1, 0]
94,8,4,[5, 6, 8, 15, 26, 69, 134, 889],[1, 0, 0, 0, 0, 0, 0, 0]
95,8,3,[5, 6, 8, 15, 26, 69, 134, 889],[1, 0, 0, 0, 0, 0, 0, 0]
96,8,5,[5, 6, 8, 15, 26, 69, 134, 889],[1, 0, 0, 0, 0, 0, 0, 0]
97,8,13,[5, 6, 8, 15, 26, 69, 134, 889],[1, 0, 0, 0, 0, 0, 0, 0]
98,8,2,[5, 6, 8, 15, 26, 69, 134, 889],[1, 0, 0, 0, 0, 0, 0, 0]
99,8,6,[5, 6, 8, 15, 26, 69, 134, 889],[1, 0, 0, 0, 0, 0, 0, 0]
100,8,3,[5, 6, 8, 15, 26, 69, 134, 889],[1, 0, 0, 0, 0, 0, 0, 0]
