1,1,0,[1]
2,17,22,[5, 337, 669, 226, 115, 28, 11, 343, 21, 10, 7, 339, 116, 33, 14, 9, 6]
3,17,20,[339, 116, 33, 14, 9, 6, 5, 337, 669, 226, 115, 28, 11, 343, 21, 10, 7]
4,1,0,[4]
5,17,16,[337, 669, 226, 115, 28, 11, 343, 21, 10, 7, 339, 116, 33, 14, 9, 6, 5]
6,17,16,[5, 337, 669, 226, 115, 28, 11, 343, 21, 10, 7, 339, 116, 33, 14, 9, 6]
7,17,16,[339, 116, 33, 14, 9, 6, 5, 337, 669, 226, 115, 28, 11, 343, 21, 10, 7]
8,17,17,[5, 337, 669, 226, 115, 28, 11, 343, 21, 10, 7, 339, 116, 33, 14, 9, 6]
9,17,16,[6, 5, 337, 669, 226, 115, 28, 11, 343, 21, 10, 7, 339, 116, 33, 14, 9]
10,17,16,[7, 339, 116, 33, 14, 9, 6, 5, 337, 669, 226, 115, 28, 11, 343, 21, 10]
11,17,16,[343, 21, 10, 7, 339, 116, 33, 14, 9, 6, 5, 337, 669, 226, 115, 28, 11]
12,17,17,[339, 116, 33, 14, 9, 6, 5, 337, 669, 226, 115, 28, 11, 343, 21, 10, 7]
13,17,21,[7, 339, 116, 33, 14, 9, 6, 5, 337, 669, 226, 115, 28, 11, 343, 21, 10]
14,17,16,[9, 6, 5, 337, 669, 226, 115, 28, 11, 343, 21, 10, 7, 339, 116, 33, 14]
15,17,18,[5, 337, 669, 226, 115, 28, 11, 343, 21, 10, 7, 339, 116, 33, 14, 9, 6]
16,17,18,[5, 337, 669, 226, 115, 28, 11, 343, 21, 10, 7, 339, 116, 33, 14, 9, 6]
17,17,21,[7, 339, 116, 33, 14, 9, 6, 5, 337, 669, 226, 115, 28, 11, 343, 21, 10]
18,17,18,[5, 337, 669, 226, 115, 28, 11, 343, 21, 10, 7, 339, 116, 33, 14, 9, 6]
19,17,24,[7, 339, 116, 33, 14, 9, 6, 5, 337, 669, 226, 115, 28, 11, 343, 21, 10]
20,17,17,[6, 5, 337, 669, 226, 115, 28, 11, 343, 21, 10, 7, 339, 116, 33, 14, 9]
21,17,16,[10, 7, 339, 116, 33, 14, 9, 6, 5, 337, 669, 226, 115, 28, 11, 343, 21]
22,17,22,[7, 339, 116, 33, 14, 9, 6, 5, 337, 669, 226, 115, 28, 11, 343, 21, 10]
23,3,2,[355, 76, 23]
24,17,17,[6, 5, 337, 669, 226, 115, 28, 11, 343, 21, 10, 7, 339, 116, 33, 14, 9]
25,17,17,[7, 339, 116, 33, 14, 9, 6, 5, 337, 669, 226, 115, 28, 11, 343, 21, 10]
26,17,19,[5, 337, 669, 226, 115, 28, 11, 343, 21, 10, 7, 339, 116, 33, 14, 9, 6]
27,17,17,[6, 5, 337, 669, 226, 115, 28, 11, 343, 21, 10, 7, 339, 116, 33, 14, 9]
28,17,16,[11, 343, 21, 10, 7, 339, 116, 33, 14, 9, 6, 5, 337, 669, 226, 115, 28]
29,17,19,[10, 7, 339, 116, 33, 14, 9, 6, 5, 337, 669, 226, 115, 28, 11, 343, 21]
30,17,17,[7, 339, 116, 33, 14, 9, 6, 5, 337, 669, 226, 115, 28, 11, 343, 21, 10]
31,17,19,[7, 339, 116, 33, 14, 9, 6, 5, 337, 669, 226, 115, 28, 11, 343, 21, 10]
32,17,17,[7, 339, 116, 33, 14, 9, 6, 5, 337, 669, 226, 115, 28, 11, 343, 21, 10]
33,17,16,[14, 9, 6, 5, 337, 669, 226, 115, 28, 11, 343, 21, 10, 7, 339, 116, 33]
34,17,25,[7, 339, 116, 33, 14, 9, 6, 5, 337, 669, 226, 115, 28, 11, 343, 21, 10]
35,17,18,[339, 116, 33, 14, 9, 6, 5, 337, 669, 226, 115, 28, 11, 343, 21, 10, 7]
36,17,17,[7, 339, 116, 33, 14, 9, 6, 5, 337, 669, 226, 115, 28, 11, 343, 21, 10]
37,17,28,[7, 339, 116, 33, 14, 9, 6, 5, 337, 669, 226, 115, 28, 11, 343, 21, 10]
38,17,17,[10, 7, 339, 116, 33, 14, 9, 6, 5, 337, 669, 226, 115, 28, 11, 343, 21]
39,17,19,[5, 337, 669, 226, 115, 28, 11, 343, 21, 10, 7, 339, 116, 33, 14, 9, 6]
40,17,17,[343, 21, 10, 7, 339, 116, 33, 14, 9, 6, 5, 337, 669, 226, 115, 28, 11]
41,17,22,[5, 337, 669, 226, 115, 28, 11, 343, 21, 10, 7, 339, 116, 33, 14, 9, 6]
42,17,18,[339, 116, 33, 14, 9, 6, 5, 337, 669, 226, 115, 28, 11, 343, 21, 10, 7]
43,17,20,[5, 337, 669, 226, 115, 28, 11, 343, 21, 10, 7, 339, 116, 33, 14, 9, 6]
44,17,19,[5, 337, 669, 226, 115, 28, 11, 343, 21, 10, 7, 339, 116, 33, 14, 9, 6]
45,17,17,[343, 21, 10, 7, 339, 116, 33, 14, 9, 6, 5, 337, 669, 226, 115, 28, 11]
46,17,18,[7, 339, 116, 33, 14, 9, 6, 5, 337, 669, 226, 115, 28, 11, 343, 21, 10]
47,17,26,[7, 339, 116, 33, 14, 9, 6, 5, 337, 669, 226, 115, 28, 11, 343, 21, 10]
48,17,17,[343, 21, 10, 7, 339, 116, 33, 14, 9, 6, 5, 337, 669, 226, 115, 28, 11]
49,17,17,[9, 6, 5, 337, 669, 226, 115, 28, 11, 343, 21, 10, 7, 339, 116, 33, 14]
50,17,18,[339, 116, 33, 14, 9, 6, 5, 337, 669, 226, 115, 28, 11, 343, 21, 10, 7]
51,17,18,[6, 5, 337, 669, 226, 115, 28, 11, 343, 21, 10, 7, 339, 116, 33, 14, 9]
52,17,22,[7, 339, 116, 33, 14, 9, 6, 5, 337, 669, 226, 115, 28, 11, 343, 21, 10]
53,3,4,[355, 76, 23]
54,17,17,[343, 21, 10, 7, 339, 116, 33, 14, 9, 6, 5, 337, 669, 226, 115, 28, 11]
55,17,19,[5, 337, 669, 226, 115, 28, 11, 343, 21, 10, 7, 339, 116, 33, 14, 9, 6]
56,17,22,[7, 339, 116, 33, 14, 9, 6, 5, 337, 669, 226, 115, 28, 11, 343, 21, 10]
57,17,23,[7, 339, 116, 33, 14, 9, 6, 5, 337, 669, 226, 115, 28, 11, 343, 21, 10]
58,17,20,[7, 339, 116, 33, 14, 9, 6, 5, 337, 669, 226, 115, 28, 11, 343, 21, 10]
59,17,19,[343, 21, 10, 7, 339, 116, 33, 14, 9, 6, 5, 337, 669, 226, 115, 28, 11]
60,17,18,[339, 116, 33, 14, 9, 6, 5, 337, 669, 226, 115, 28, 11, 343, 21, 10, 7]
61,17,23,[5, 337, 669, 226, 115, 28, 11, 343, 21, 10, 7, 339, 116, 33, 14, 9, 6]
62,17,17,[14, 9, 6, 5, 337, 669, 226, 115, 28, 11, 343, 21, 10, 7, 339, 116, 33]
63,17,22,[7, 339, 116, 33, 14, 9, 6, 5, 337, 669, 226, 115, 28, 11, 343, 21, 10]
64,17,18,[339, 116, 33, 14, 9, 6, 5, 337, 669, 226, 115, 28, 11, 343, 21, 10, 7]
65,17,19,[5, 337, 669, 226, 115, 28, 11, 343, 21, 10, 7, 339, 116, 33, 14, 9, 6]
66,17,19,[5, 337, 669, 226, 115, 28, 11, 343, 21, 10, 7, 339, 116, 33, 14, 9, 6]
67,17,21,[10, 7, 339, 116, 33, 14, 9, 6, 5, 337, 669, 226, 115, 28, 11, 343, 21]
68,17,17,[10, 7, 339, 116, 33, 14, 9, 6, 5, 337, 669, 226, 115, 28, 11, 343, 21]
69,17,20,[5, 337, 669, 226, 115, 28, 11, 343, 21, 10, 7, 339, 116, 33, 14, 9, 6]
70,17,17,[9, 6, 5, 337, 669, 226, 115, 28, 11, 343, 21, 10, 7, 339, 116, 33, 14]
71,17,21,[5, 337, 669, 226, 115, 28, 11, 343, 21, 10, 7, 339, 116, 33, 14, 9, 6]
72,17,18,[339, 116, 33, 14, 9, 6, 5, 337, 669, 226, 115, 28, 11, 343, 21, 10, 7]
73,17,23,[7, 339, 116, 33, 14, 9, 6, 5, 337, 669, 226, 115, 28, 11, 343, 21, 10]
74,17,20,[5, 337, 669, 226, 115, 28, 11, 343, 21, 10, 7, 339, 116, 33, 14, 9, 6]
75,17,22,[7, 339, 116, 33, 14, 9, 6, 5, 337, 669, 226, 115, 28, 11, 343, 21, 10]
76,3,2,[23, 355, 76]
77,17,19,[5, 337, 669, 226, 115, 28, 11, 343, 21, 10, 7, 339, 116, 33, 14, 9, 6]
78,17,19,[5, 337, 669, 226, 115, 28, 11, 343, 21, 10, 7, 339, 116, 33, 14, 9, 6]
79,17,21,[5, 337, 669, 226, 115, 28, 11, 343, 21, 10, 7, 339, 116, 33, 14, 9, 6]
80,17,22,[7, 339, 116, 33, 14, 9, 6, 5, 337, 669, 226, 115, 28, 11, 343, 21, 10]
81,17,18,[339, 116, 33, 14, 9, 6, 5, 337, 669, 226, 115, 28, 11, 343, 21, 10, 7]
82,17,21,[5, 337, 669, 226, 115, 28, 11, 343, 21, 10, 7, 339, 116, 33, 14, 9, 6]
83,17,24,[7, 339, 116, 33, 14, 9, 6, 5, 337, 669, 226, 115, 28, 11, 343, 21, 10]
84,17,17,[9, 6, 5, 337, 669, 226, 115, 28, 11, 343, 21, 10, 7, 339, 116, 33, 14]
85,17,23,[7, 339, 116, 33, 14, 9, 6, 5, 337, 669, 226, 115, 28, 11, 343, 21, 10]
86,17,18,[343, 21, 10, 7, 339, 116, 33, 14, 9, 6, 5, 337, 669, 226, 115, 28, 11]
87,17,18,[7, 339, 116, 33, 14, 9, 6, 5, 337, 669, 226, 115, 28, 11, 343, 21, 10]
88,17,22,[7, 339, 116, 33, 14, 9, 6, 5, 337, 669, 226, 115, 28, 11, 343, 21, 10]
89,17,23,[7, 339, 116, 33, 14, 9, 6, 5, 337, 669, 226, 115, 28, 11, 343, 21, 10]
90,17,22,[7, 339, 116, 33, 14, 9, 6, 5, 337, 669, 226, 115, 28, 11, 343, 21, 10]
91,17,18,[6, 5, 337, 669, 226, 115, 28, 11, 343, 21, 10, 7, 339, 116, 33, 14, 9]
92,17,18,[6, 5, 337, 669, 226, 115, 28, 11, 343, 21, 10, 7, 339, 116, 33, 14, 9]
93,17,26,[7, 339, 116, 33, 14, 9, 6, 5, 337, 669, 226, 115, 28, 11, 343, 21, 10]
94,17,18,[9, 6, 5, 337, 669, 226, 115, 28, 11, 343, 21, 10, 7, 339, 116, 33, 14]
95,17,18,[6, 5, 337, 669, 226, 115, 28, 11, 343, 21, 10, 7, 339, 116, 33, 14, 9]
96,17,22,[7, 339, 116, 33, 14, 9, 6, 5, 337, 669, 226, 115, 28, 11, 343, 21, 10]
97,17,19,[6, 5, 337, 669, 226, 115, 28, 11, 343, 21, 10, 7, 339, 116, 33, 14, 9]
98,17,19,[5, 337, 669, 226, 115, 28, 11, 343, 21, 10, 7, 339, 116, 33, 14, 9, 6]
99,17,22,[7, 339, 116, 33, 14, 9, 6, 5, 337, 669, 226, 115, 28, 11, 343, 21, 10]
100,17,17,[9, 6, 5, 337, 669, 226, 115, 28, 11, 343, 21, 10, 7, 339, 116, 33, 14]
101,17,19,[11, 343, 21, 10, 7, 339, 116, 33, 14, 9, 6, 5, 337, 669, 226, 115, 28]
102,17,23,[7, 339, 116, 33, 14, 9, 6, 5, 337, 669, 226, 115, 28, 11, 343, 21, 10]
103,17,30,[7, 339, 116, 33, 14, 9, 6, 5, 337, 669, 226, 115, 28, 11, 343, 21, 10]
104,17,25,[7, 339, 116, 33, 14, 9, 6, 5, 337, 669, 226, 115, 28, 11, 343, 21, 10]
105,17,19,[5, 337, 669, 226, 115, 28, 11, 343, 21, 10, 7, 339, 116, 33, 14, 9, 6]
106,17,20,[5, 337, 669, 226, 115, 28, 11, 343, 21, 10, 7, 339, 116, 33, 14, 9, 6]
107,17,26,[7, 339, 116, 33, 14, 9, 6, 5, 337, 669, 226, 115, 28, 11, 343, 21, 10]
108,17,22,[7, 339, 116, 33, 14, 9, 6, 5, 337, 669, 226, 115, 28, 11, 343, 21, 10]
109,17,19,[6, 5, 337, 669, 226, 115, 28, 11, 343, 21, 10, 7, 339, 116, 33, 14, 9]
110,17,19,[5, 337, 669, 226, 115, 28, 11, 343, 21, 10, 7, 339, 116, 33, 14, 9, 6]
111,17,18,[343, 21, 10, 7, 339, 116, 33, 14, 9, 6, 5, 337, 669, 226, 115, 28, 11]
112,17,19,[5, 337, 669, 226, 115, 28, 11, 343, 21, 10, 7, 339, 116, 33, 14, 9, 6]
113,17,20,[9, 6, 5, 337, 669, 226, 115, 28, 11, 343, 21, 10, 7, 339, 116, 33, 14]
114,17,18,[6, 5, 337, 669, 226, 115, 28, 11, 343, 21, 10, 7, 339, 116, 33, 14, 9]
115,17,16,[28, 11, 343, 21, 10, 7, 339, 116, 33, 14, 9, 6, 5, 337, 669, 226, 115]
116,17,16,[33, 14, 9, 6, 5, 337, 669, 226, 115, 28, 11, 343, 21, 10, 7, 339, 116]
117,17,25,[7, 339, 116, 33, 14, 9, 6, 5, 337, 669, 226, 115, 28, 11, 343, 21, 10]
118,17,24,[5, 337, 669, 226, 115, 28, 11, 343, 21, 10, 7, 339, 116, 33, 14, 9, 6]
119,17,18,[6, 5, 337, 669, 226, 115, 28, 11, 343, 21, 10, 7, 339, 116, 33, 14, 9]
120,17,17,[9, 6, 5, 337, 669, 226, 115, 28, 11, 343, 21, 10, 7, 339, 116, 33, 14]
121,17,23,[7, 339, 116, 33, 14, 9, 6, 5, 337, 669, 226, 115, 28, 11, 343, 21, 10]
122,17,23,[7, 339, 116, 33, 14, 9, 6, 5, 337, 669, 226, 115, 28, 11, 343, 21, 10]
123,17,20,[5, 337, 669, 226, 115, 28, 11, 343, 21, 10, 7, 339, 116, 33, 14, 9, 6]
124,17,19,[339, 116, 33, 14, 9, 6, 5, 337, 669, 226, 115, 28, 11, 343, 21, 10, 7]
125,17,19,[5, 337, 669, 226, 115, 28, 11, 343, 21, 10, 7, 339, 116, 33, 14, 9, 6]
126,17,19,[5, 337, 669, 226, 115, 28, 11, 343, 21, 10, 7, 339, 116, 33, 14, 9, 6]
127,17,21,[5, 337, 669, 226, 115, 28, 11, 343, 21, 10, 7, 339, 116, 33, 14, 9, 6]
128,17,17,[9, 6, 5, 337, 669, 226, 115, 28, 11, 343, 21, 10, 7, 339, 116, 33, 14]
129,17,19,[7, 339, 116, 33, 14, 9, 6, 5, 337, 669, 226, 115, 28, 11, 343, 21, 10]
130,17,18,[6, 5, 337, 669, 226, 115, 28, 11, 343, 21, 10, 7, 339, 116, 33, 14, 9]
131,17,26,[5, 337, 669, 226, 115, 28, 11, 343, 21, 10, 7, 339, 116, 33, 14, 9, 6]
132,17,19,[5, 337, 669, 226, 115, 28, 11, 343, 21, 10, 7, 339, 116, 33, 14, 9, 6]
133,17,20,[5, 337, 669, 226, 115, 28, 11, 343, 21, 10, 7, 339, 116, 33, 14, 9, 6]
134,17,21,[5, 337, 669, 226, 115, 28, 11, 343, 21, 10, 7, 339, 116, 33, 14, 9, 6]
135,17,17,[9, 6, 5, 337, 669, 226, 115, 28, 11, 343, 21, 10, 7, 339, 116, 33, 14]
136,3,3,[355, 76, 23]
137,17,22,[5, 337, 669, 226, 115, 28, 11, 343, 21, 10, 7, 339, 116, 33, 14, 9, 6]
138,17,17,[11, 343, 21, 10, 7, 339, 116, 33, 14, 9, 6, 5, 337, 669, 226, 115, 28]
139,17,21,[5, 337, 669, 226, 115, 28, 11, 343, 21, 10, 7, 339, 116, 33, 14, 9, 6]
140,17,19,[5, 337, 669, 226, 115, 28, 11, 343, 21, 10, 7, 339, 116, 33, 14, 9, 6]
141,17,19,[339, 116, 33, 14, 9, 6, 5, 337, 669, 226, 115, 28, 11, 343, 21, 10, 7]
142,17,24,[7, 339, 116, 33, 14, 9, 6, 5, 337, 669, 226, 115, 28, 11, 343, 21, 10]
143,17,18,[6, 5, 337, 669, 226, 115, 28, 11, 343, 21, 10, 7, 339, 116, 33, 14, 9]
144,17,17,[9, 6, 5, 337, 669, 226, 115, 28, 11, 343, 21, 10, 7, 339, 116, 33, 14]
145,17,26,[7, 339, 116, 33, 14, 9, 6, 5, 337, 669, 226, 115, 28, 11, 343, 21, 10]
146,17,23,[7, 339, 116, 33, 14, 9, 6, 5, 337, 669, 226, 115, 28, 11, 343, 21, 10]
147,17,22,[7, 339, 116, 33, 14, 9, 6, 5, 337, 669, 226, 115, 28, 11, 343, 21, 10]
148,17,23,[5, 337, 669, 226, 115, 28, 11, 343, 21, 10, 7, 339, 116, 33, 14, 9, 6]
149,17,20,[339, 116, 33, 14, 9, 6, 5, 337, 669, 226, 115, 28, 11, 343, 21, 10, 7]
150,17,19,[5, 337, 669, 226, 115, 28, 11, 343, 21, 10, 7, 339, 116, 33, 14, 9, 6]
151,17,18,[14, 9, 6, 5, 337, 669, 226, 115, 28, 11, 343, 21, 10, 7, 339, 116, 33]
152,17,18,[7, 339, 116, 33, 14, 9, 6, 5, 337, 669, 226, 115, 28, 11, 343, 21, 10]
153,3,3,[355, 76, 23]
154,17,18,[6, 5, 337, 669, 226, 115, 28, 11, 343, 21, 10, 7, 339, 116, 33, 14, 9]
155,17,18,[7, 339, 116, 33, 14, 9, 6, 5, 337, 669, 226, 115, 28, 11, 343, 21, 10]
156,17,18,[6, 5, 337, 669, 226, 115, 28, 11, 343, 21, 10, 7, 339, 116, 33, 14, 9]
157,17,26,[7, 339, 116, 33, 14, 9, 6, 5, 337, 669, 226, 115, 28, 11, 343, 21, 10]
158,17,19,[339, 116, 33, 14, 9, 6, 5, 337, 669, 226, 115, 28, 11, 343, 21, 10, 7]
159,17,23,[7, 339, 116, 33, 14, 9, 6, 5, 337, 669, 226, 115, 28, 11, 343, 21, 10]
160,17,19,[5, 337, 669, 226, 115, 28, 11, 343, 21, 10, 7, 339, 116, 33, 14, 9, 6]
161,17,18,[7, 339, 116, 33, 14, 9, 6, 5, 337, 669, 226, 115, 28, 11, 343, 21, 10]
162,17,17,[9, 6, 5, 337, 669, 226, 115, 28, 11, 343, 21, 10, 7, 339, 116, 33, 14]
163,17,24,[7, 339, 116, 33, 14, 9, 6, 5, 337, 669, 226, 115, 28, 11, 343, 21, 10]
164,17,18,[343, 21, 10, 7, 339, 116, 33, 14, 9, 6, 5, 337, 669, 226, 115, 28, 11]
165,17,25,[7, 339, 116, 33, 14, 9, 6, 5, 337, 669, 226, 115, 28, 11, 343, 21, 10]
166,17,24,[7, 339, 116, 33, 14, 9, 6, 5, 337, 669, 226, 115, 28, 11, 343, 21, 10]
167,17,22,[5, 337, 669, 226, 115, 28, 11, 343, 21, 10, 7, 339, 116, 33, 14, 9, 6]
168,17,19,[5, 337, 669, 226, 115, 28, 11, 343, 21, 10, 7, 339, 116, 33, 14, 9, 6]
169,17,20,[5, 337, 669, 226, 115, 28, 11, 343, 21, 10, 7, 339, 116, 33, 14, 9, 6]
170,17,18,[6, 5, 337, 669, 226, 115, 28, 11, 343, 21, 10, 7, 339, 116, 33, 14, 9]
171,17,18,[7, 339, 116, 33, 14, 9, 6, 5, 337, 669, 226, 115, 28, 11, 343, 21, 10]
172,17,27,[7, 339, 116, 33, 14, 9, 6, 5, 337, 669, 226, 115, 28, 11, 343, 21, 10]
173,17,22,[5, 337, 669, 226, 115, 28, 11, 343, 21, 10, 7, 339, 116, 33, 14, 9, 6]
174,17,26,[7, 339, 116, 33, 14, 9, 6, 5, 337, 669, 226, 115, 28, 11, 343, 21, 10]
175,17,22,[7, 339, 116, 33, 14, 9, 6, 5, 337, 669, 226, 115, 28, 11, 343, 21, 10]
176,17,25,[7, 339, 116, 33, 14, 9, 6, 5, 337, 669, 226, 115, 28, 11, 343, 21, 10]
177,17,18,[14, 9, 6, 5, 337, 669, 226, 115, 28, 11, 343, 21, 10, 7, 339, 116, 33]
178,17,19,[6, 5, 337, 669, 226, 115, 28, 11, 343, 21, 10, 7, 339, 116, 33, 14, 9]
179,17,24,[7, 339, 116, 33, 14, 9, 6, 5, 337, 669, 226, 115, 28, 11, 343, 21, 10]
180,17,19,[5, 337, 669, 226, 115, 28, 11, 343, 21, 10, 7, 339, 116, 33, 14, 9, 6]
181,17,18,[11, 343, 21, 10, 7, 339, 116, 33, 14, 9, 6, 5, 337, 669, 226, 115, 28]
182,17,23,[7, 339, 116, 33, 14, 9, 6, 5, 337, 669, 226, 115, 28, 11, 343, 21, 10]
183,17,19,[339, 116, 33, 14, 9, 6, 5, 337, 669, 226, 115, 28, 11, 343, 21, 10, 7]
184,17,20,[10, 7, 339, 116, 33, 14, 9, 6, 5, 337, 669, 226, 115, 28, 11, 343, 21]
185,17,19,[339, 116, 33, 14, 9, 6, 5, 337, 669, 226, 115, 28, 11, 343, 21, 10, 7]
186,17,18,[7, 339, 116, 33, 14, 9, 6, 5, 337, 669, 226, 115, 28, 11, 343, 21, 10]
187,17,17,[11, 343, 21, 10, 7, 339, 116, 33, 14, 9, 6, 5, 337, 669, 226, 115, 28]
188,17,19,[6, 5, 337, 669, 226, 115, 28, 11, 343, 21, 10, 7, 339, 116, 33, 14, 9]
189,17,19,[5, 337, 669, 226, 115, 28, 11, 343, 21, 10, 7, 339, 116, 33, 14, 9, 6]
190,17,20,[5, 337, 669, 226, 115, 28, 11, 343, 21, 10, 7, 339, 116, 33, 14, 9, 6]
191,17,20,[7, 339, 116, 33, 14, 9, 6, 5, 337, 669, 226, 115, 28, 11, 343, 21, 10]
192,17,19,[5, 337, 669, 226, 115, 28, 11, 343, 21, 10, 7, 339, 116, 33, 14, 9, 6]
193,17,19,[6, 5, 337, 669, 226, 115, 28, 11, 343, 21, 10, 7, 339, 116, 33, 14, 9]
194,17,23,[7, 339, 116, 33, 14, 9, 6, 5, 337, 669, 226, 115, 28, 11, 343, 21, 10]
195,17,17,[10, 7, 339, 116, 33, 14, 9, 6, 5, 337, 669, 226, 115, 28, 11, 343, 21]
196,17,19,[5, 337, 669, 226, 115, 28, 11, 343, 21, 10, 7, 339, 116, 33, 14, 9, 6]
197,17,20,[7, 339, 116, 33, 14, 9, 6, 5, 337, 669, 226, 115, 28, 11, 343, 21, 10]
198,17,25,[7, 339, 116, 33, 14, 9, 6, 5, 337, 669, 226, 115, 28, 11, 343, 21, 10]
199,17,21,[5, 337, 669, 226, 115, 28, 11, 343, 21, 10, 7, 339, 116, 33, 14, 9, 6]
200,17,19,[5, 337, 669, 226, 115, 28, 11, 343, 21, 10, 7, 339, 116, 33, 14, 9, 6]
