1,1,0,[1]
2,10,11,[157, 291, 100, 14, 9, 6, 5, 139, 273, 23]
3,10,17,[6, 5, 139, 273, 23, 157, 291, 100, 14, 9]
4,1,0,[4]
5,10,9,[139, 273, 23, 157, 291, 100, 14, 9, 6, 5]
6,10,9,[5, 139, 273, 23, 157, 291, 100, 14, 9, 6]
7,4,3,[141, 50, 12, 7]
8,10,10,[5, 139, 273, 23, 157, 291, 100, 14, 9, 6]
9,10,9,[6, 5, 139, 273, 23, 157, 291, 100, 14, 9]
10,4,4,[141, 50, 12, 7]
11,10,14,[157, 291, 100, 14, 9, 6, 5, 139, 273, 23]
12,4,3,[7, 141, 50, 12]
13,10,15,[6, 5, 139, 273, 23, 157, 291, 100, 14, 9]
14,10,9,[9, 6, 5, 139, 273, 23, 157, 291, 100, 14]
15,10,11,[5, 139, 273, 23, 157, 291, 100, 14, 9, 6]
16,10,11,[5, 139, 273, 23, 157, 291, 100, 14, 9, 6]
17,10,13,[6, 5, 139, 273, 23, 157, 291, 100, 14, 9]
18,10,11,[5, 139, 273, 23, 157, 291, 100, 14, 9, 6]
19,10,11,[157, 291, 100, 14, 9, 6, 5, 139, 273, 23]
20,10,10,[6, 5, 139, 273, 23, 157, 291, 100, 14, 9]
21,4,5,[141, 50, 12, 7]
22,10,16,[6, 5, 139, 273, 23, 157, 291, 100, 14, 9]
23,10,9,[157, 291, 100, 14, 9, 6, 5, 139, 273, 23]
24,10,10,[6, 5, 139, 273, 23, 157, 291, 100, 14, 9]
25,4,5,[141, 50, 12, 7]
26,10,12,[5, 139, 273, 23, 157, 291, 100, 14, 9, 6]
27,10,10,[6, 5, 139, 273, 23, 157, 291, 100, 14, 9]
28,10,15,[157, 291, 100, 14, 9, 6, 5, 139, 273, 23]
29,10,13,[6, 5, 139, 273, 23, 157, 291, 100, 14, 9]
30,4,5,[141, 50, 12, 7]
31,10,13,[157, 291, 100, 14, 9, 6, 5, 139, 273, 23]
32,4,5,[141, 50, 12, 7]
33,10,10,[9, 6, 5, 139, 273, 23, 157, 291, 100, 14]
34,10,12,[157, 291, 100, 14, 9, 6, 5, 139, 273, 23]
35,4,4,[7, 141, 50, 12]
36,4,5,[141, 50, 12, 7]
37,4,7,[141, 50, 12, 7]
38,4,6,[141, 50, 12, 7]
39,10,12,[5, 139, 273, 23, 157, 291, 100, 14, 9, 6]
40,10,15,[157, 291, 100, 14, 9, 6, 5, 139, 273, 23]
41,10,15,[6, 5, 139, 273, 23, 157, 291, 100, 14, 9]
42,4,4,[7, 141, 50, 12]
43,10,13,[9, 6, 5, 139, 273, 23, 157, 291, 100, 14]
44,10,12,[5, 139, 273, 23, 157, 291, 100, 14, 9, 6]
45,10,15,[157, 291, 100, 14, 9, 6, 5, 139, 273, 23]
46,4,6,[141, 50, 12, 7]
47,10,14,[5, 139, 273, 23, 157, 291, 100, 14, 9, 6]
48,10,15,[157, 291, 100, 14, 9, 6, 5, 139, 273, 23]
49,10,10,[9, 6, 5, 139, 273, 23, 157, 291, 100, 14]
50,4,3,[12, 7, 141, 50]
51,10,11,[6, 5, 139, 273, 23, 157, 291, 100, 14, 9]
52,10,14,[6, 5, 139, 273, 23, 157, 291, 100, 14, 9]
53,10,17,[157, 291, 100, 14, 9, 6, 5, 139, 273, 23]
54,10,15,[157, 291, 100, 14, 9, 6, 5, 139, 273, 23]
55,10,12,[5, 139, 273, 23, 157, 291, 100, 14, 9, 6]
56,10,16,[6, 5, 139, 273, 23, 157, 291, 100, 14, 9]
57,10,17,[6, 5, 139, 273, 23, 157, 291, 100, 14, 9]
58,10,14,[157, 291, 100, 14, 9, 6, 5, 139, 273, 23]
59,10,15,[5, 139, 273, 23, 157, 291, 100, 14, 9, 6]
60,4,4,[7, 141, 50, 12]
61,4,7,[141, 50, 12, 7]
62,10,11,[9, 6, 5, 139, 273, 23, 157, 291, 100, 14]
63,10,16,[6, 5, 139, 273, 23, 157, 291, 100, 14, 9]
64,4,4,[7, 141, 50, 12]
65,10,12,[5, 139, 273, 23, 157, 291, 100, 14, 9, 6]
66,10,12,[5, 139, 273, 23, 157, 291, 100, 14, 9, 6]
67,10,12,[9, 6, 5, 139, 273, 23, 157, 291, 100, 14]
68,4,6,[141, 50, 12, 7]
69,10,13,[5, 139, 273, 23, 157, 291, 100, 14, 9, 6]
70,10,10,[9, 6, 5, 139, 273, 23, 157, 291, 100, 14]
71,4,8,[141, 50, 12, 7]
72,4,4,[7, 141, 50, 12]
73,10,15,[6, 5, 139, 273, 23, 157, 291, 100, 14, 9]
74,10,13,[5, 139, 273, 23, 157, 291, 100, 14, 9, 6]
75,10,16,[6, 5, 139, 273, 23, 157, 291, 100, 14, 9]
76,10,10,[157, 291, 100, 14, 9, 6, 5, 139, 273, 23]
77,10,12,[5, 139, 273, 23, 157, 291, 100, 14, 9, 6]
78,10,12,[5, 139, 273, 23, 157, 291, 100, 14, 9, 6]
79,10,15,[5, 139, 273, 23, 157, 291, 100, 14, 9, 6]
80,10,16,[6, 5, 139, 273, 23, 157, 291, 100, 14, 9]
81,4,4,[7, 141, 50, 12]
82,10,14,[9, 6, 5, 139, 273, 23, 157, 291, 100, 14]
83,4,8,[141, 50, 12, 7]
84,10,10,[9, 6, 5, 139, 273, 23, 157, 291, 100, 14]
85,10,17,[6, 5, 139, 273, 23, 157, 291, 100, 14, 9]
86,10,16,[157, 291, 100, 14, 9, 6, 5, 139, 273, 23]
87,4,6,[141, 50, 12, 7]
88,10,14,[6, 5, 139, 273, 23, 157, 291, 100, 14, 9]
89,10,13,[6, 5, 139, 273, 23, 157, 291, 100, 14, 9]
90,10,16,[6, 5, 139, 273, 23, 157, 291, 100, 14, 9]
91,10,11,[6, 5, 139, 273, 23, 157, 291, 100, 14, 9]
92,10,11,[6, 5, 139, 273, 23, 157, 291, 100, 14, 9]
93,10,13,[157, 291, 100, 14, 9, 6, 5, 139, 273, 23]
94,10,11,[9, 6, 5, 139, 273, 23, 157, 291, 100, 14]
95,10,11,[6, 5, 139, 273, 23, 157, 291, 100, 14, 9]
96,10,16,[6, 5, 139, 273, 23, 157, 291, 100, 14, 9]
97,4,7,[141, 50, 12, 7]
98,10,12,[5, 139, 273, 23, 157, 291, 100, 14, 9, 6]
99,10,14,[6, 5, 139, 273, 23, 157, 291, 100, 14, 9]
100,10,9,[14, 9, 6, 5, 139, 273, 23, 157, 291, 100]
101,10,16,[6, 5, 139, 273, 23, 157, 291, 100, 14, 9]
102,10,17,[6, 5, 139, 273, 23, 157, 291, 100, 14, 9]
103,10,16,[9, 6, 5, 139, 273, 23, 157, 291, 100, 14]
104,10,12,[157, 291, 100, 14, 9, 6, 5, 139, 273, 23]
105,10,12,[5, 139, 273, 23, 157, 291, 100, 14, 9, 6]
106,10,13,[5, 139, 273, 23, 157, 291, 100, 14, 9, 6]
107,10,14,[5, 139, 273, 23, 157, 291, 100, 14, 9, 6]
108,10,16,[6, 5, 139, 273, 23, 157, 291, 100, 14, 9]
109,10,13,[5, 139, 273, 23, 157, 291, 100, 14, 9, 6]
110,10,12,[5, 139, 273, 23, 157, 291, 100, 14, 9, 6]
111,10,16,[157, 291, 100, 14, 9, 6, 5, 139, 273, 23]
112,10,12,[5, 139, 273, 23, 157, 291, 100, 14, 9, 6]
113,4,7,[141, 50, 12, 7]
114,10,11,[6, 5, 139, 273, 23, 157, 291, 100, 14, 9]
115,10,16,[157, 291, 100, 14, 9, 6, 5, 139, 273, 23]
116,10,11,[9, 6, 5, 139, 273, 23, 157, 291, 100, 14]
117,10,12,[157, 291, 100, 14, 9, 6, 5, 139, 273, 23]
118,4,8,[141, 50, 12, 7]
119,10,11,[6, 5, 139, 273, 23, 157, 291, 100, 14, 9]
120,10,10,[9, 6, 5, 139, 273, 23, 157, 291, 100, 14]
121,10,17,[6, 5, 139, 273, 23, 157, 291, 100, 14, 9]
122,10,17,[6, 5, 139, 273, 23, 157, 291, 100, 14, 9]
123,10,13,[5, 139, 273, 23, 157, 291, 100, 14, 9, 6]
124,4,5,[7, 141, 50, 12]
125,10,12,[5, 139, 273, 23, 157, 291, 100, 14, 9, 6]
126,10,12,[5, 139, 273, 23, 157, 291, 100, 14, 9, 6]
127,4,6,[7, 141, 50, 12]
128,10,10,[9, 6, 5, 139, 273, 23, 157, 291, 100, 14]
129,4,7,[141, 50, 12, 7]
130,10,11,[6, 5, 139, 273, 23, 157, 291, 100, 14, 9]
131,10,16,[157, 291, 100, 14, 9, 6, 5, 139, 273, 23]
132,10,12,[5, 139, 273, 23, 157, 291, 100, 14, 9, 6]
133,10,13,[5, 139, 273, 23, 157, 291, 100, 14, 9, 6]
134,10,14,[5, 139, 273, 23, 157, 291, 100, 14, 9, 6]
135,10,10,[9, 6, 5, 139, 273, 23, 157, 291, 100, 14]
136,10,10,[157, 291, 100, 14, 9, 6, 5, 139, 273, 23]
137,10,16,[6, 5, 139, 273, 23, 157, 291, 100, 14, 9]
138,10,16,[157, 291, 100, 14, 9, 6, 5, 139, 273, 23]
139,10,9,[273, 23, 157, 291, 100, 14, 9, 6, 5, 139]
140,10,12,[5, 139, 273, 23, 157, 291, 100, 14, 9, 6]
141,4,3,[50, 12, 7, 141]
142,10,16,[6, 5, 139, 273, 23, 157, 291, 100, 14, 9]
143,10,11,[6, 5, 139, 273, 23, 157, 291, 100, 14, 9]
144,10,10,[9, 6, 5, 139, 273, 23, 157, 291, 100, 14]
145,10,13,[157, 291, 100, 14, 9, 6, 5, 139, 273, 23]
146,10,17,[6, 5, 139, 273, 23, 157, 291, 100, 14, 9]
147,10,14,[6, 5, 139, 273, 23, 157, 291, 100, 14, 9]
148,10,16,[6, 5, 139, 273, 23, 157, 291, 100, 14, 9]
149,10,19,[6, 5, 139, 273, 23, 157, 291, 100, 14, 9]
150,10,12,[5, 139, 273, 23, 157, 291, 100, 14, 9, 6]
151,10,12,[6, 5, 139, 273, 23, 157, 291, 100, 14, 9]
152,4,6,[141, 50, 12, 7]
153,10,10,[157, 291, 100, 14, 9, 6, 5, 139, 273, 23]
154,10,11,[6, 5, 139, 273, 23, 157, 291, 100, 14, 9]
155,4,6,[141, 50, 12, 7]
156,10,11,[6, 5, 139, 273, 23, 157, 291, 100, 14, 9]
157,10,9,[291, 100, 14, 9, 6, 5, 139, 273, 23, 157]
158,4,5,[7, 141, 50, 12]
159,10,17,[6, 5, 139, 273, 23, 157, 291, 100, 14, 9]
160,10,12,[5, 139, 273, 23, 157, 291, 100, 14, 9, 6]
161,4,6,[141, 50, 12, 7]
162,10,10,[9, 6, 5, 139, 273, 23, 157, 291, 100, 14]
163,10,12,[6, 5, 139, 273, 23, 157, 291, 100, 14, 9]
164,10,16,[157, 291, 100, 14, 9, 6, 5, 139, 273, 23]
165,10,12,[157, 291, 100, 14, 9, 6, 5, 139, 273, 23]
166,10,18,[6, 5, 139, 273, 23, 157, 291, 100, 14, 9]
167,4,5,[12, 7, 141, 50]
168,10,12,[5, 139, 273, 23, 157, 291, 100, 14, 9, 6]
169,10,13,[5, 139, 273, 23, 157, 291, 100, 14, 9, 6]
170,10,11,[6, 5, 139, 273, 23, 157, 291, 100, 14, 9]
171,4,6,[141, 50, 12, 7]
172,10,15,[5, 139, 273, 23, 157, 291, 100, 14, 9, 6]
173,10,13,[6, 5, 139, 273, 23, 157, 291, 100, 14, 9]
174,10,13,[157, 291, 100, 14, 9, 6, 5, 139, 273, 23]
175,10,14,[6, 5, 139, 273, 23, 157, 291, 100, 14, 9]
176,10,12,[157, 291, 100, 14, 9, 6, 5, 139, 273, 23]
177,10,12,[9, 6, 5, 139, 273, 23, 157, 291, 100, 14]
178,10,12,[6, 5, 139, 273, 23, 157, 291, 100, 14, 9]
179,4,9,[141, 50, 12, 7]
180,10,12,[5, 139, 273, 23, 157, 291, 100, 14, 9, 6]
181,10,13,[5, 139, 273, 23, 157, 291, 100, 14, 9, 6]
182,10,17,[6, 5, 139, 273, 23, 157, 291, 100, 14, 9]
183,4,5,[7, 141, 50, 12]
184,10,14,[6, 5, 139, 273, 23, 157, 291, 100, 14, 9]
185,4,5,[7, 141, 50, 12]
186,4,6,[141, 50, 12, 7]
187,10,16,[157, 291, 100, 14, 9, 6, 5, 139, 273, 23]
188,10,12,[6, 5, 139, 273, 23, 157, 291, 100, 14, 9]
189,10,12,[5, 139, 273, 23, 157, 291, 100, 14, 9, 6]
190,10,13,[5, 139, 273, 23, 157, 291, 100, 14, 9, 6]
191,10,11,[157, 291, 100, 14, 9, 6, 5, 139, 273, 23]
192,10,12,[5, 139, 273, 23, 157, 291, 100, 14, 9, 6]
193,10,14,[5, 139, 273, 23, 157, 291, 100, 14, 9, 6]
194,10,15,[6, 5, 139, 273, 23, 157, 291, 100, 14, 9]
195,4,6,[141, 50, 12, 7]
196,10,12,[5, 139, 273, 23, 157, 291, 100, 14, 9, 6]
197,10,15,[5, 139, 273, 23, 157, 291, 100, 14, 9, 6]
198,10,12,[157, 291, 100, 14, 9, 6, 5, 139, 273, 23]
199,10,15,[9, 6, 5, 139, 273, 23, 157, 291, 100, 14]
200,10,12,[5, 139, 273, 23, 157, 291, 100, 14, 9, 6]
