1,1,0,[1],[0]
2,5,4,[5, 6, 8, 16, 324],[1, 0, 0, 0, 0]
3,10,3,[7, 10, 11, 19, 21, 28, 165, 326, 330, 338],[1, 0, 1, 1, 0, 0, 0, 0, 0, 0]
4,1,0,[4],[0]
5,5,0,[5, 6, 8, 16, 324],[1, 0, 0, 0, 0]
6,5,0,[5, 6, 8, 16, 324],[1, 0, 0, 0, 0]
7,10,0,[7, 10, 11, 19, 21, 28, 165, 326, 330, 338],[1, 0, 1, 1, 0, 0, 0, 0, 0, 0]
8,5,0,[5, 6, 8, 16, 324],[1, 0, 0, 0, 0]
9,5,1,[5, 6, 8, 16, 324],[1, 0, 0, 0, 0]
10,10,0,[7, 10, 11, 19, 21, 28, 165, 326, 330, 338],[1, 0, 1, 1, 0, 0, 0, 0, 0, 0]
11,10,0,[7, 10, 11, 19, 21, 28, 165, 326, 330, 338],[1, 0, 1, 1, 0, 0, 0, 0, 0, 0]
12,10,1,[7, 10, 11, 19, 21, 28, 165, 326, 330, 338],[1, 0, 1, 1, 0, 0, 0, 0, 0, 0]
13,10,4,[7, 10, 11, 19, 21, 28, 165, 326, 330, 338],[1, 0, 1, 1, 0, 0, 0, 0, 0, 0]
14,5,2,[5, 6, 8, 16, 324],[1, 0, 0, 0, 0]
15,5,1,[5, 6, 8, 16, 324],[1, 0, 0, 0, 0]
16,5,0,[5, 6, 8, 16, 324],[1, 0, 0, 0, 0]
17,5,3,[5, 6, 8, 16, 324],[1, 0, 0, 0, 0]
18,5,1,[5, 6, 8, 16, 324],[1, 0, 0, 0, 0]
19,10,0,[7, 10, 11, 19, 21, 28, 165, 326, 330, 338],[1, 0, 1, 1, 0, 0, 0, 0, 0, 0]
20,5,2,[5, 6, 8, 16, 324],[1, 0, 0, 0, 0]
21,10,0,[7, 10, 11, 19, 21, 28, 165, 326, 330, 338],[1, 0, 1, 1, 0, 0, 0, 0, 0, 0]
22,10,5,[7, 10, 11, 19, 21, 28, 165, 326, 330, 338],[1, 0, 1, 1, 0, 0, 0, 0, 0, 0]
23,5,4,[5, 6, 8, 16, 324],[1, 0, 0, 0, 0]
24,5,2,[5, 6, 8, 16, 324],[1, 0, 0, 0, 0]
25,10,1,[7, 10, 11, 19, 21, 28, 165, 326, 330, 338],[1, 0, 1, 1, 0, 0, 0, 0, 0, 0]
26,5,2,[5, 6, 8, 16, 324],[1, 0, 0, 0, 0]
27,5,2,[5, 6, 8, 16, 324],[1, 0, 0, 0, 0]
28,10,0,[7, 10, 11, 19, 21, 28, 165, 326, 330, 338],[1, 0, 1, 1, 0, 0, 0, 0, 0, 0]
29,10,3,[7, 10, 11, 19, 21, 28, 165, 326, 330, 338],[1, 0, 1, 1, 0, 0, 0, 0, 0, 0]
30,10,1,[7, 10, 11, 19, 21, 28, 165, 326, 330, 338],[1, 0, 1, 1, 0, 0, 0, 0, 0, 0]
31,10,2,[7, 10, 11, 19, 21, 28, 165, 326, 330, 338],[1, 0, 1, 1, 0, 0, 0, 0, 0, 0]
32,10,1,[7, 10, 11, 19, 21, 28, 165, 326, 330, 338],[1, 0, 1, 1, 0, 0, 0, 0, 0, 0]
33,5,3,[5, 6, 8, 16, 324],[1, 0, 0, 0, 0]
34,10,1,[7, 10, 11, 19, 21, 28, 165, 326, 330, 338],[1, 0, 1, 1, 0, 0, 0, 0, 0, 0]
35,10,2,[7, 10, 11, 19, 21, 28, 165, 326, 330, 338],[1, 0, 1, 1, 0, 0, 0, 0, 0, 0]
36,10,1,[7, 10, 11, 19, 21, 28, 165, 326, 330, 338],[1, 0, 1, 1, 0, 0, 0, 0, 0, 0]
37,10,4,[7, 10, 11, 19, 21, 28, 165, 326, 330, 338],[1, 0, 1, 1, 0, 0, 0, 0, 0, 0]
38,10,1,[7, 10, 11, 19, 21, 28, 165, 326, 330, 338],[1, 0, 1, 1, 0, 0, 0, 0, 0, 0]
39,5,1,[5, 6, 8, 16, 324],[1, 0, 0, 0, 0]
40,10,1,[7, 10, 11, 19, 21, 28, 165, 326, 330, 338],[1, 0, 1, 1, 0, 0, 0, 0, 0, 0]
41,5,5,[5, 6, 8, 16, 324],[1, 0, 0, 0, 0]
42,10,2,[7, 10, 11, 19, 21, 28, 165, 326, 330, 338],[1, 0, 1, 1, 0, 0, 0, 0, 0, 0]
43,10,5,[7, 10, 11, 19, 21, 28, 165, 326, 330, 338],[1, 0, 1, 1, 0, 0, 0, 0, 0, 0]
44,5,2,[5, 6, 8, 16, 324],[1, 0, 0, 0, 0]
45,10,1,[7, 10, 11, 19, 21, 28, 165, 326, 330, 338],[1, 0, 1, 1, 0, 0, 0, 0, 0, 0]
46,10,2,[7, 10, 11, 19, 21, 28, 165, 326, 330, 338],[1, 0, 1, 1, 0, 0, 0, 0, 0, 0]
47,5,3,[5, 6, 8, 16, 324],[1, 0, 0, 0, 0]
48,10,1,[7, 10, 11, 19, 21, 28, 165, 326, 330, 338],[1, 0, 1, 1, 0, 0, 0, 0, 0, 0]
49,5,3,[5, 6, 8, 16, 324],[1, 0, 0, 0, 0]
50,10,2,[7, 10, 11, 19, 21, 28, 165, 326, 330, 338],[1, 0, 1, 1, 0, 0, 0, 0, 0, 0]
51,5,3,[5, 6, 8, 16, 324],[1, 0, 0, 0, 0]
52,5,4,[5, 6, 8, 16, 324],[1, 0, 0, 0, 0]
53,10,3,[7, 10, 11, 19, 21, 28, 165, 326, 330, 338],[1, 0, 1, 1, 0, 0, 0, 0, 0, 0]
54,10,1,[7, 10, 11, 19, 21, 28, 165, 326, 330, 338],[1, 0, 1, 1, 0, 0, 0, 0, 0, 0]
55,5,1,[5, 6, 8, 16, 324],[1, 0, 0, 0, 0]
56,10,5,[7, 10, 11, 19, 21, 28, 165, 326, 330, 338],[1, 0, 1, 1, 0, 0, 0, 0, 0, 0]
57,10,6,[7, 10, 11, 19, 21, 28, 165, 326, 330, 338],[1, 0, 1, 1, 0, 0, 0, 0, 0, 0]
58,10,3,[7, 10, 11, 19, 21, 28, 165, 326, 330, 338],[1, 0, 1, 1, 0, 0, 0, 0, 0, 0]
59,5,3,[5, 6, 8, 16, 324],[1, 0, 0, 0, 0]
60,10,2,[7, 10, 11, 19, 21, 28, 165, 326, 330, 338],[1, 0, 1, 1, 0, 0, 0, 0, 0, 0]
61,10,2,[7, 10, 11, 19, 21, 28, 165, 326, 330, 338],[1, 0, 1, 1, 0, 0, 0, 0, 0, 0]
62,5,4,[5, 6, 8, 16, 324],[1, 0, 0, 0, 0]
63,10,5,[7, 10, 11, 19, 21, 28, 165, 326, 330, 338],[1, 0, 1, 1, 0, 0, 0, 0, 0, 0]
64,10,2,[7, 10, 11, 19, 21, 28, 165, 326, 330, 338],[1, 0, 1, 1, 0, 0, 0, 0, 0, 0]
65,5,2,[5, 6, 8, 16, 324],[1, 0, 0, 0, 0]
66,5,1,[5, 6, 8, 16, 324],[1, 0, 0, 0, 0]
67,10,3,[7, 10, 11, 19, 21, 28, 165, 326, 330, 338],[1, 0, 1, 1, 0, 0, 0, 0, 0, 0]
68,10,1,[7, 10, 11, 19, 21, 28, 165, 326, 330, 338],[1, 0, 1, 1, 0, 0, 0, 0, 0, 0]
69,5,3,[5, 6, 8, 16, 324],[1, 0, 0, 0, 0]
70,5,3,[5, 6, 8, 16, 324],[1, 0, 0, 0, 0]
71,5,6,[5, 6, 8, 16, 324],[1, 0, 0, 0, 0]
72,10,2,[7, 10, 11, 19, 21, 28, 165, 326, 330, 338],[1, 0, 1, 1, 0, 0, 0, 0, 0, 0]
73,5,4,[5, 6, 8, 16, 324],[1, 0, 0, 0, 0]
74,5,2,[5, 6, 8, 16, 324],[1, 0, 0, 0, 0]
75,10,5,[7, 10, 11, 19, 21, 28, 165, 326, 330, 338],[1, 0, 1, 1, 0, 0, 0, 0, 0, 0]
76,5,5,[5, 6, 8, 16, 324],[1, 0, 0, 0, 0]
77,5,2,[5, 6, 8, 16, 324],[1, 0, 0, 0, 0]
78,5,2,[5, 6, 8, 16, 324],[1, 0, 0, 0, 0]
79,5,6,[5, 6, 8, 16, 324],[1, 0, 0, 0, 0]
80,10,5,[7, 10, 11, 19, 21, 28, 165, 326, 330, 338],[1, 0, 1, 1, 0, 0, 0, 0, 0, 0]
81,10,2,[7, 10, 11, 19, 21, 28, 165, 326, 330, 338],[1, 0, 1, 1, 0, 0, 0, 0, 0, 0]
82,10,6,[7, 10, 11, 19, 21, 28, 165, 326, 330, 338],[1, 0, 1, 1, 0, 0, 0, 0, 0, 0]
83,10,4,[7, 10, 11, 19, 21, 28, 165, 326, 330, 338],[1, 0, 1, 1, 0, 0, 0, 0, 0, 0]
84,5,3,[5, 6, 8, 16, 324],[1, 0, 0, 0, 0]
85,10,6,[7, 10, 11, 19, 21, 28, 165, 326, 330, 338],[1, 0, 1, 1, 0, 0, 0, 0, 0, 0]
86,10,2,[7, 10, 11, 19, 21, 28, 165, 326, 330, 338],[1, 0, 1, 1, 0, 0, 0, 0, 0, 0]
87,10,2,[7, 10, 11, 19, 21, 28, 165, 326, 330, 338],[1, 0, 1, 1, 0, 0, 0, 0, 0, 0]
88,5,4,[5, 6, 8, 16, 324],[1, 0, 0, 0, 0]
89,5,4,[5, 6, 8, 16, 324],[1, 0, 0, 0, 0]
90,10,5,[7, 10, 11, 19, 21, 28, 165, 326, 330, 338],[1, 0, 1, 1, 0, 0, 0, 0, 0, 0]
91,5,3,[5, 6, 8, 16, 324],[1, 0, 0, 0, 0]
92,5,3,[5, 6, 8, 16, 324],[1, 0, 0, 0, 0]
93,10,2,[7, 10, 11, 19, 21, 28, 165, 326, 330, 338],[1, 0, 1, 1, 0, 0, 0, 0, 0, 0]
94,5,4,[5, 6, 8, 16, 324],[1, 0, 0, 0, 0]
95,5,3,[5, 6, 8, 16, 324],[1, 0, 0, 0, 0]
96,10,5,[7, 10, 11, 19, 21, 28, 165, 326, 330, 338],[1, 0, 1, 1, 0, 0, 0, 0, 0, 0]
97,5,6,[5, 6, 8, 16, 324],[1, 0, 0, 0, 0]
98,5,1,[5, 6, 8, 16, 324],[1, 0, 0, 0, 0]
99,5,4,[5, 6, 8, 16, 324],[1, 0, 0, 0, 0]
100,5,3,[5, 6, 8, 16, 324],[1, 0, 0, 0, 0]
