1,1,0,[1]
2,4,15,[7, 506, 36, 10]
3,4,11,[7, 506, 36, 10]
4,1,0,[4]
5,4,9,[7, 506, 36, 10]
6,4,10,[7, 506, 36, 10]
7,4,3,[506, 36, 10, 7]
8,4,11,[7, 506, 36, 10]
9,4,11,[7, 506, 36, 10]
10,4,3,[7, 506, 36, 10]
11,4,14,[7, 506, 36, 10]
12,4,4,[506, 36, 10, 7]
13,4,14,[7, 506, 36, 10]
14,4,12,[7, 506, 36, 10]
15,4,12,[7, 506, 36, 10]
16,4,12,[7, 506, 36, 10]
17,4,7,[506, 36, 10, 7]
18,4,12,[7, 506, 36, 10]
19,4,7,[7, 506, 36, 10]
20,4,12,[7, 506, 36, 10]
21,4,4,[7, 506, 36, 10]
22,4,15,[7, 506, 36, 10]
23,4,21,[7, 506, 36, 10]
24,4,12,[7, 506, 36, 10]
25,4,4,[7, 506, 36, 10]
26,4,13,[7, 506, 36, 10]
27,4,12,[7, 506, 36, 10]
28,4,15,[7, 506, 36, 10]
29,4,17,[7, 506, 36, 10]
30,4,4,[7, 506, 36, 10]
31,4,7,[506, 36, 10, 7]
32,4,4,[7, 506, 36, 10]
33,4,13,[7, 506, 36, 10]
34,4,8,[7, 506, 36, 10]
35,4,5,[506, 36, 10, 7]
36,4,3,[10, 7, 506, 36]
37,4,19,[7, 506, 36, 10]
38,4,5,[7, 506, 36, 10]
39,4,13,[7, 506, 36, 10]
40,4,15,[7, 506, 36, 10]
41,4,14,[7, 506, 36, 10]
42,4,5,[506, 36, 10, 7]
43,4,24,[7, 506, 36, 10]
44,4,13,[7, 506, 36, 10]
45,4,15,[7, 506, 36, 10]
46,4,5,[7, 506, 36, 10]
47,4,6,[7, 506, 36, 10]
48,4,15,[7, 506, 36, 10]
49,4,13,[7, 506, 36, 10]
50,4,5,[506, 36, 10, 7]
51,4,13,[7, 506, 36, 10]
52,4,8,[506, 36, 10, 7]
53,4,6,[7, 506, 36, 10]
54,4,15,[7, 506, 36, 10]
55,4,13,[7, 506, 36, 10]
56,4,15,[7, 506, 36, 10]
57,4,16,[7, 506, 36, 10]
58,4,8,[506, 36, 10, 7]
59,4,15,[7, 506, 36, 10]
60,4,5,[506, 36, 10, 7]
61,4,14,[7, 506, 36, 10]
62,4,14,[7, 506, 36, 10]
63,4,15,[7, 506, 36, 10]
64,4,5,[506, 36, 10, 7]
65,4,13,[7, 506, 36, 10]
66,4,13,[7, 506, 36, 10]
67,4,15,[7, 506, 36, 10]
68,4,5,[7, 506, 36, 10]
69,4,14,[7, 506, 36, 10]
70,4,13,[7, 506, 36, 10]
71,4,19,[7, 506, 36, 10]
72,4,5,[506, 36, 10, 7]
73,4,17,[7, 506, 36, 10]
74,4,14,[7, 506, 36, 10]
75,4,15,[7, 506, 36, 10]
76,4,22,[7, 506, 36, 10]
77,4,13,[7, 506, 36, 10]
78,4,13,[7, 506, 36, 10]
79,4,5,[10, 7, 506, 36]
80,4,15,[7, 506, 36, 10]
81,4,5,[506, 36, 10, 7]
82,4,25,[7, 506, 36, 10]
83,4,18,[7, 506, 36, 10]
84,4,13,[7, 506, 36, 10]
85,4,16,[7, 506, 36, 10]
86,4,16,[7, 506, 36, 10]
87,4,5,[7, 506, 36, 10]
88,4,8,[506, 36, 10, 7]
89,4,6,[7, 506, 36, 10]
90,4,15,[7, 506, 36, 10]
91,4,13,[7, 506, 36, 10]
92,4,13,[7, 506, 36, 10]
93,4,9,[7, 506, 36, 10]
94,4,14,[7, 506, 36, 10]
95,4,13,[7, 506, 36, 10]
96,4,15,[7, 506, 36, 10]
97,4,24,[7, 506, 36, 10]
98,4,13,[7, 506, 36, 10]
99,4,8,[506, 36, 10, 7]
100,4,13,[7, 506, 36, 10]
101,4,9,[7, 506, 36, 10]
102,4,16,[7, 506, 36, 10]
103,4,10,[506, 36, 10, 7]
104,4,8,[7, 506, 36, 10]
105,4,13,[7, 506, 36, 10]
106,4,14,[7, 506, 36, 10]
107,4,16,[7, 506, 36, 10]
108,4,15,[7, 506, 36, 10]
109,4,19,[7, 506, 36, 10]
110,4,13,[7, 506, 36, 10]
111,4,16,[7, 506, 36, 10]
112,4,13,[7, 506, 36, 10]
113,4,14,[7, 506, 36, 10]
114,4,13,[7, 506, 36, 10]
115,4,16,[7, 506, 36, 10]
116,4,14,[7, 506, 36, 10]
117,4,8,[7, 506, 36, 10]
118,4,15,[7, 506, 36, 10]
119,4,13,[7, 506, 36, 10]
120,4,13,[7, 506, 36, 10]
121,4,16,[7, 506, 36, 10]
122,4,16,[7, 506, 36, 10]
123,4,14,[7, 506, 36, 10]
124,4,6,[506, 36, 10, 7]
125,4,13,[7, 506, 36, 10]
126,4,13,[7, 506, 36, 10]
127,4,15,[7, 506, 36, 10]
128,4,13,[7, 506, 36, 10]
129,4,6,[7, 506, 36, 10]
130,4,13,[7, 506, 36, 10]
131,4,14,[7, 506, 36, 10]
132,4,13,[7, 506, 36, 10]
133,4,14,[7, 506, 36, 10]
134,4,15,[7, 506, 36, 10]
135,4,13,[7, 506, 36, 10]
136,4,22,[7, 506, 36, 10]
137,4,7,[506, 36, 10, 7]
138,4,16,[7, 506, 36, 10]
139,4,7,[506, 36, 10, 7]
140,4,13,[7, 506, 36, 10]
141,4,6,[506, 36, 10, 7]
142,4,18,[7, 506, 36, 10]
143,4,13,[7, 506, 36, 10]
144,4,13,[7, 506, 36, 10]
145,4,9,[7, 506, 36, 10]
146,4,16,[7, 506, 36, 10]
147,4,8,[506, 36, 10, 7]
148,4,15,[7, 506, 36, 10]
149,4,14,[7, 506, 36, 10]
150,4,13,[7, 506, 36, 10]
151,4,6,[7, 506, 36, 10]
152,4,5,[7, 506, 36, 10]
153,4,22,[7, 506, 36, 10]
154,4,13,[7, 506, 36, 10]
155,4,4,[10, 7, 506, 36]
156,4,13,[7, 506, 36, 10]
157,4,15,[7, 506, 36, 10]
158,4,6,[506, 36, 10, 7]
159,4,16,[7, 506, 36, 10]
160,4,13,[7, 506, 36, 10]
161,4,5,[7, 506, 36, 10]
162,4,13,[7, 506, 36, 10]
163,4,27,[7, 506, 36, 10]
164,4,16,[7, 506, 36, 10]
165,4,8,[7, 506, 36, 10]
166,4,17,[7, 506, 36, 10]
167,4,17,[7, 506, 36, 10]
168,4,13,[7, 506, 36, 10]
169,4,14,[7, 506, 36, 10]
170,4,13,[7, 506, 36, 10]
171,4,5,[7, 506, 36, 10]
172,4,7,[7, 506, 36, 10]
173,4,14,[7, 506, 36, 10]
174,4,9,[7, 506, 36, 10]
175,4,8,[506, 36, 10, 7]
176,4,8,[7, 506, 36, 10]
177,4,15,[7, 506, 36, 10]
178,4,14,[7, 506, 36, 10]
179,4,17,[7, 506, 36, 10]
180,4,13,[7, 506, 36, 10]
181,4,17,[7, 506, 36, 10]
182,4,16,[7, 506, 36, 10]
183,4,6,[506, 36, 10, 7]
184,4,18,[7, 506, 36, 10]
185,4,6,[506, 36, 10, 7]
186,4,4,[10, 7, 506, 36]
187,4,16,[7, 506, 36, 10]
188,4,14,[7, 506, 36, 10]
189,4,13,[7, 506, 36, 10]
190,4,14,[7, 506, 36, 10]
191,4,15,[7, 506, 36, 10]
192,4,13,[7, 506, 36, 10]
193,4,17,[7, 506, 36, 10]
194,4,9,[506, 36, 10, 7]
195,4,5,[7, 506, 36, 10]
196,4,13,[7, 506, 36, 10]
197,4,7,[7, 506, 36, 10]
198,4,8,[7, 506, 36, 10]
199,4,18,[7, 506, 36, 10]
200,4,13,[7, 506, 36, 10]
