1  1  [1]
2  5  [112, 15, 8, 6, 5]
3  5  [15, 8, 6, 5, 112]
4  1  [4]
5  5  [15, 8, 6, 5, 112]
6  5  [112, 15, 8, 6, 5]
7  5  [15, 8, 6, 5, 112]
8  5  [5, 112, 15, 8, 6]
9  5  [5, 112, 15, 8, 6]
10  5  [112, 15, 8, 6, 5]
11  5  [5, 112, 15, 8, 6]
12  5  [112, 15, 8, 6, 5]
13  5  [15, 8, 6, 5, 112]
14  5  [6, 5, 112, 15, 8]
15  5  [6, 5, 112, 15, 8]
16  5  [6, 5, 112, 15, 8]
17  5  [8, 6, 5, 112, 15]
18  5  [6, 5, 112, 15, 8]
19  5  [15, 8, 6, 5, 112]
20  5  [6, 5, 112, 15, 8]
21  5  [5, 112, 15, 8, 6]
22  5  [112, 15, 8, 6, 5]
23  5  [15, 8, 6, 5, 112]
24  5  [6, 5, 112, 15, 8]
25  5  [5, 112, 15, 8, 6]
26  5  [8, 6, 5, 112, 15]
27  5  [6, 5, 112, 15, 8]
28  5  [6, 5, 112, 15, 8]
29  5  [5, 112, 15, 8, 6]
30  5  [5, 112, 15, 8, 6]
31  5  [15, 8, 6, 5, 112]
32  5  [5, 112, 15, 8, 6]
33  5  [8, 6, 5, 112, 15]
34  5  [112, 15, 8, 6, 5]
35  5  [5, 112, 15, 8, 6]
36  5  [5, 112, 15, 8, 6]
37  5  [15, 8, 6, 5, 112]
38  5  [6, 5, 112, 15, 8]
39  5  [8, 6, 5, 112, 15]
40  5  [6, 5, 112, 15, 8]
41  2  [41, 148]
42  5  [5, 112, 15, 8, 6]
43  5  [15, 8, 6, 5, 112]
44  5  [8, 6, 5, 112, 15]
45  5  [6, 5, 112, 15, 8]
46  5  [6, 5, 112, 15, 8]
47  5  [15, 8, 6, 5, 112]
48  5  [6, 5, 112, 15, 8]
49  5  [8, 6, 5, 112, 15]
50  5  [5, 112, 15, 8, 6]
51  5  [8, 6, 5, 112, 15]
52  5  [15, 8, 6, 5, 112]
53  5  [15, 8, 6, 5, 112]
54  5  [6, 5, 112, 15, 8]
55  5  [8, 6, 5, 112, 15]
56  5  [112, 15, 8, 6, 5]
57  5  [5, 112, 15, 8, 6]
58  5  [112, 15, 8, 6, 5]
59  5  [8, 6, 5, 112, 15]
60  5  [5, 112, 15, 8, 6]
61  5  [15, 8, 6, 5, 112]
62  5  [15, 8, 6, 5, 112]
63  5  [112, 15, 8, 6, 5]
64  5  [5, 112, 15, 8, 6]
65  5  [8, 6, 5, 112, 15]
66  5  [8, 6, 5, 112, 15]
67  5  [6, 5, 112, 15, 8]
68  5  [6, 5, 112, 15, 8]
69  5  [15, 8, 6, 5, 112]
70  5  [8, 6, 5, 112, 15]
71  5  [112, 15, 8, 6, 5]
72  5  [5, 112, 15, 8, 6]
73  5  [15, 8, 6, 5, 112]
74  5  [15, 8, 6, 5, 112]
75  5  [112, 15, 8, 6, 5]
76  5  [112, 15, 8, 6, 5]
77  5  [8, 6, 5, 112, 15]
78  5  [8, 6, 5, 112, 15]
79  5  [8, 6, 5, 112, 15]
80  5  [112, 15, 8, 6, 5]
81  5  [5, 112, 15, 8, 6]
82  5  [112, 15, 8, 6, 5]
83  5  [112, 15, 8, 6, 5]
84  5  [8, 6, 5, 112, 15]
85  5  [5, 112, 15, 8, 6]
86  5  [8, 6, 5, 112, 15]
87  5  [6, 5, 112, 15, 8]
88  5  [15, 8, 6, 5, 112]
89  5  [15, 8, 6, 5, 112]
90  5  [112, 15, 8, 6, 5]
91  5  [8, 6, 5, 112, 15]
92  5  [8, 6, 5, 112, 15]
93  5  [5, 112, 15, 8, 6]
94  5  [15, 8, 6, 5, 112]
95  5  [8, 6, 5, 112, 15]
96  5  [112, 15, 8, 6, 5]
97  5  [15, 8, 6, 5, 112]
98  5  [8, 6, 5, 112, 15]
99  5  [15, 8, 6, 5, 112]
100  5  [8, 6, 5, 112, 15]
101  5  [8, 6, 5, 112, 15]
102  5  [5, 112, 15, 8, 6]
103  5  [112, 15, 8, 6, 5]
104  5  [112, 15, 8, 6, 5]
