1,1,0,[1]
2,8,10,[6, 5, 42, 12, 7, 44, 15, 8]
3,2,3,[48, 11]
4,1,0,[4]
5,8,7,[42, 12, 7, 44, 15, 8, 6, 5]
6,8,7,[5, 42, 12, 7, 44, 15, 8, 6]
7,8,7,[44, 15, 8, 6, 5, 42, 12, 7]
8,8,7,[6, 5, 42, 12, 7, 44, 15, 8]
9,8,8,[5, 42, 12, 7, 44, 15, 8, 6]
10,8,8,[44, 15, 8, 6, 5, 42, 12, 7]
11,2,1,[48, 11]
12,8,7,[7, 44, 15, 8, 6, 5, 42, 12]
13,8,9,[7, 44, 15, 8, 6, 5, 42, 12]
14,8,9,[5, 42, 12, 7, 44, 15, 8, 6]
15,8,7,[8, 6, 5, 42, 12, 7, 44, 15]
16,8,8,[6, 5, 42, 12, 7, 44, 15, 8]
17,2,3,[48, 11]
18,8,8,[6, 5, 42, 12, 7, 44, 15, 8]
19,8,11,[7, 44, 15, 8, 6, 5, 42, 12]
20,8,9,[5, 42, 12, 7, 44, 15, 8, 6]
21,8,9,[44, 15, 8, 6, 5, 42, 12, 7]
22,8,10,[7, 44, 15, 8, 6, 5, 42, 12]
23,8,9,[7, 44, 15, 8, 6, 5, 42, 12]
24,8,9,[5, 42, 12, 7, 44, 15, 8, 6]
25,8,9,[44, 15, 8, 6, 5, 42, 12, 7]
26,8,8,[8, 6, 5, 42, 12, 7, 44, 15]
27,8,9,[5, 42, 12, 7, 44, 15, 8, 6]
28,2,2,[48, 11]
29,8,10,[6, 5, 42, 12, 7, 44, 15, 8]
30,8,9,[44, 15, 8, 6, 5, 42, 12, 7]
31,8,11,[44, 15, 8, 6, 5, 42, 12, 7]
32,8,9,[44, 15, 8, 6, 5, 42, 12, 7]
33,8,10,[5, 42, 12, 7, 44, 15, 8, 6]
34,8,12,[7, 44, 15, 8, 6, 5, 42, 12]
35,8,8,[7, 44, 15, 8, 6, 5, 42, 12]
36,8,9,[44, 15, 8, 6, 5, 42, 12, 7]
37,8,11,[6, 5, 42, 12, 7, 44, 15, 8]
38,8,10,[44, 15, 8, 6, 5, 42, 12, 7]
39,8,9,[6, 5, 42, 12, 7, 44, 15, 8]
40,2,2,[48, 11]
41,8,10,[6, 5, 42, 12, 7, 44, 15, 8]
42,8,7,[12, 7, 44, 15, 8, 6, 5, 42]
43,8,11,[7, 44, 15, 8, 6, 5, 42, 12]
44,8,7,[15, 8, 6, 5, 42, 12, 7, 44]
45,2,2,[48, 11]
46,8,10,[44, 15, 8, 6, 5, 42, 12, 7]
47,8,11,[5, 42, 12, 7, 44, 15, 8, 6]
48,2,1,[11, 48]
49,8,10,[5, 42, 12, 7, 44, 15, 8, 6]
50,8,8,[7, 44, 15, 8, 6, 5, 42, 12]
51,8,10,[5, 42, 12, 7, 44, 15, 8, 6]
52,2,4,[48, 11]
53,8,11,[7, 44, 15, 8, 6, 5, 42, 12]
54,2,2,[48, 11]
55,8,9,[6, 5, 42, 12, 7, 44, 15, 8]
56,8,10,[7, 44, 15, 8, 6, 5, 42, 12]
57,8,11,[7, 44, 15, 8, 6, 5, 42, 12]
58,8,12,[44, 15, 8, 6, 5, 42, 12, 7]
59,8,11,[7, 44, 15, 8, 6, 5, 42, 12]
60,8,8,[7, 44, 15, 8, 6, 5, 42, 12]
61,8,10,[6, 5, 42, 12, 7, 44, 15, 8]
62,8,11,[5, 42, 12, 7, 44, 15, 8, 6]
63,8,10,[7, 44, 15, 8, 6, 5, 42, 12]
64,8,8,[7, 44, 15, 8, 6, 5, 42, 12]
65,8,9,[6, 5, 42, 12, 7, 44, 15, 8]
66,8,9,[6, 5, 42, 12, 7, 44, 15, 8]
67,8,13,[7, 44, 15, 8, 6, 5, 42, 12]
68,8,10,[44, 15, 8, 6, 5, 42, 12, 7]
69,8,9,[8, 6, 5, 42, 12, 7, 44, 15]
70,8,10,[5, 42, 12, 7, 44, 15, 8, 6]
71,8,11,[7, 44, 15, 8, 6, 5, 42, 12]
72,8,8,[7, 44, 15, 8, 6, 5, 42, 12]
73,8,10,[6, 5, 42, 12, 7, 44, 15, 8]
74,8,10,[6, 5, 42, 12, 7, 44, 15, 8]
75,8,10,[7, 44, 15, 8, 6, 5, 42, 12]
76,8,10,[7, 44, 15, 8, 6, 5, 42, 12]
77,8,9,[6, 5, 42, 12, 7, 44, 15, 8]
78,8,9,[6, 5, 42, 12, 7, 44, 15, 8]
79,8,12,[5, 42, 12, 7, 44, 15, 8, 6]
80,8,10,[7, 44, 15, 8, 6, 5, 42, 12]
81,8,8,[7, 44, 15, 8, 6, 5, 42, 12]
82,8,12,[7, 44, 15, 8, 6, 5, 42, 12]
83,8,11,[5, 42, 12, 7, 44, 15, 8, 6]
84,8,10,[5, 42, 12, 7, 44, 15, 8, 6]
85,8,11,[7, 44, 15, 8, 6, 5, 42, 12]
86,2,3,[48, 11]
87,8,10,[44, 15, 8, 6, 5, 42, 12, 7]
88,2,4,[48, 11]
89,8,9,[8, 6, 5, 42, 12, 7, 44, 15]
90,8,10,[7, 44, 15, 8, 6, 5, 42, 12]
91,8,10,[5, 42, 12, 7, 44, 15, 8, 6]
92,8,10,[5, 42, 12, 7, 44, 15, 8, 6]
93,8,13,[7, 44, 15, 8, 6, 5, 42, 12]
94,8,11,[5, 42, 12, 7, 44, 15, 8, 6]
95,8,10,[5, 42, 12, 7, 44, 15, 8, 6]
96,8,10,[7, 44, 15, 8, 6, 5, 42, 12]
97,8,11,[8, 6, 5, 42, 12, 7, 44, 15]
98,8,9,[6, 5, 42, 12, 7, 44, 15, 8]
99,2,4,[48, 11]
100,8,10,[5, 42, 12, 7, 44, 15, 8, 6]
101,2,4,[48, 11]
102,8,11,[7, 44, 15, 8, 6, 5, 42, 12]
103,8,10,[6, 5, 42, 12, 7, 44, 15, 8]
104,8,12,[7, 44, 15, 8, 6, 5, 42, 12]
105,8,8,[8, 6, 5, 42, 12, 7, 44, 15]
106,8,10,[6, 5, 42, 12, 7, 44, 15, 8]
107,8,11,[5, 42, 12, 7, 44, 15, 8, 6]
108,8,10,[7, 44, 15, 8, 6, 5, 42, 12]
109,8,12,[7, 44, 15, 8, 6, 5, 42, 12]
110,8,9,[6, 5, 42, 12, 7, 44, 15, 8]
111,2,3,[48, 11]
112,8,8,[8, 6, 5, 42, 12, 7, 44, 15]
113,8,9,[8, 6, 5, 42, 12, 7, 44, 15]
114,8,10,[5, 42, 12, 7, 44, 15, 8, 6]
115,2,3,[48, 11]
116,8,11,[5, 42, 12, 7, 44, 15, 8, 6]
117,8,12,[7, 44, 15, 8, 6, 5, 42, 12]
118,8,11,[6, 5, 42, 12, 7, 44, 15, 8]
119,8,10,[5, 42, 12, 7, 44, 15, 8, 6]
120,8,10,[5, 42, 12, 7, 44, 15, 8, 6]
121,8,11,[7, 44, 15, 8, 6, 5, 42, 12]
122,8,11,[7, 44, 15, 8, 6, 5, 42, 12]
123,8,8,[15, 8, 6, 5, 42, 12, 7, 44]
124,8,9,[7, 44, 15, 8, 6, 5, 42, 12]
125,8,8,[8, 6, 5, 42, 12, 7, 44, 15]
126,8,8,[8, 6, 5, 42, 12, 7, 44, 15]
127,2,4,[48, 11]
128,8,10,[5, 42, 12, 7, 44, 15, 8, 6]
129,8,11,[44, 15, 8, 6, 5, 42, 12, 7]
130,8,10,[5, 42, 12, 7, 44, 15, 8, 6]
131,8,10,[6, 5, 42, 12, 7, 44, 15, 8]
132,8,9,[6, 5, 42, 12, 7, 44, 15, 8]
133,8,9,[8, 6, 5, 42, 12, 7, 44, 15]
134,8,10,[8, 6, 5, 42, 12, 7, 44, 15]
135,8,10,[5, 42, 12, 7, 44, 15, 8, 6]
136,8,10,[7, 44, 15, 8, 6, 5, 42, 12]
137,8,14,[7, 44, 15, 8, 6, 5, 42, 12]
138,2,3,[48, 11]
139,8,13,[7, 44, 15, 8, 6, 5, 42, 12]
140,8,9,[6, 5, 42, 12, 7, 44, 15, 8]
141,8,9,[7, 44, 15, 8, 6, 5, 42, 12]
142,8,11,[6, 5, 42, 12, 7, 44, 15, 8]
143,8,10,[5, 42, 12, 7, 44, 15, 8, 6]
144,8,10,[5, 42, 12, 7, 44, 15, 8, 6]
145,8,13,[7, 44, 15, 8, 6, 5, 42, 12]
146,8,11,[7, 44, 15, 8, 6, 5, 42, 12]
147,2,4,[48, 11]
148,8,11,[6, 5, 42, 12, 7, 44, 15, 8]
149,8,11,[44, 15, 8, 6, 5, 42, 12, 7]
150,8,8,[8, 6, 5, 42, 12, 7, 44, 15]
151,8,12,[5, 42, 12, 7, 44, 15, 8, 6]
152,8,10,[44, 15, 8, 6, 5, 42, 12, 7]
153,8,10,[7, 44, 15, 8, 6, 5, 42, 12]
154,8,10,[5, 42, 12, 7, 44, 15, 8, 6]
155,8,10,[44, 15, 8, 6, 5, 42, 12, 7]
156,8,10,[5, 42, 12, 7, 44, 15, 8, 6]
157,2,6,[48, 11]
158,8,9,[7, 44, 15, 8, 6, 5, 42, 12]
159,8,11,[7, 44, 15, 8, 6, 5, 42, 12]
160,8,8,[8, 6, 5, 42, 12, 7, 44, 15]
161,8,10,[44, 15, 8, 6, 5, 42, 12, 7]
162,8,10,[5, 42, 12, 7, 44, 15, 8, 6]
163,8,10,[6, 5, 42, 12, 7, 44, 15, 8]
164,2,3,[48, 11]
165,8,12,[7, 44, 15, 8, 6, 5, 42, 12]
166,8,12,[7, 44, 15, 8, 6, 5, 42, 12]
167,8,11,[5, 42, 12, 7, 44, 15, 8, 6]
168,8,9,[6, 5, 42, 12, 7, 44, 15, 8]
169,8,9,[8, 6, 5, 42, 12, 7, 44, 15]
170,8,10,[5, 42, 12, 7, 44, 15, 8, 6]
171,8,10,[44, 15, 8, 6, 5, 42, 12, 7]
172,8,12,[5, 42, 12, 7, 44, 15, 8, 6]
173,2,5,[48, 11]
174,8,13,[7, 44, 15, 8, 6, 5, 42, 12]
175,2,4,[48, 11]
176,8,12,[7, 44, 15, 8, 6, 5, 42, 12]
177,8,12,[5, 42, 12, 7, 44, 15, 8, 6]
178,8,11,[5, 42, 12, 7, 44, 15, 8, 6]
179,8,9,[8, 6, 5, 42, 12, 7, 44, 15]
180,8,8,[8, 6, 5, 42, 12, 7, 44, 15]
181,2,5,[48, 11]
182,8,11,[7, 44, 15, 8, 6, 5, 42, 12]
183,8,9,[7, 44, 15, 8, 6, 5, 42, 12]
184,8,11,[6, 5, 42, 12, 7, 44, 15, 8]
185,8,8,[12, 7, 44, 15, 8, 6, 5, 42]
186,8,10,[44, 15, 8, 6, 5, 42, 12, 7]
187,2,3,[48, 11]
188,8,11,[5, 42, 12, 7, 44, 15, 8, 6]
189,8,9,[6, 5, 42, 12, 7, 44, 15, 8]
190,8,9,[8, 6, 5, 42, 12, 7, 44, 15]
191,8,10,[8, 6, 5, 42, 12, 7, 44, 15]
192,8,8,[8, 6, 5, 42, 12, 7, 44, 15]
193,8,11,[44, 15, 8, 6, 5, 42, 12, 7]
194,2,5,[48, 11]
195,8,10,[44, 15, 8, 6, 5, 42, 12, 7]
196,8,9,[6, 5, 42, 12, 7, 44, 15, 8]
197,8,11,[44, 15, 8, 6, 5, 42, 12, 7]
198,8,12,[7, 44, 15, 8, 6, 5, 42, 12]
199,8,12,[7, 44, 15, 8, 6, 5, 42, 12]
200,8,9,[6, 5, 42, 12, 7, 44, 15, 8]
