1  1  0 [1]
2  7  13 [10, 7, 174, 34, 19, 186, 36]
3  7  12 [10, 7, 174, 34, 19, 186, 36]
4  1  0 [4]
5  7  7 [10, 7, 174, 34, 19, 186, 36]
6  7  8 [10, 7, 174, 34, 19, 186, 36]
7  7  0 [7, 174, 34, 19, 186, 36, 10]
8  7  9 [10, 7, 174, 34, 19, 186, 36]
9  7  9 [10, 7, 174, 34, 19, 186, 36]
10  7  0 [10, 7, 174, 34, 19, 186, 36]
11  7  13 [10, 7, 174, 34, 19, 186, 36]
12  7  1 [7, 174, 34, 19, 186, 36, 10]
13  7  12 [10, 7, 174, 34, 19, 186, 36]
14  7  10 [10, 7, 174, 34, 19, 186, 36]
15  7  10 [10, 7, 174, 34, 19, 186, 36]
16  7  10 [10, 7, 174, 34, 19, 186, 36]
17  7  14 [10, 7, 174, 34, 19, 186, 36]
18  7  10 [10, 7, 174, 34, 19, 186, 36]
19  7  0 [19, 186, 36, 10, 7, 174, 34]
20  7  10 [10, 7, 174, 34, 19, 186, 36]
21  7  1 [10, 7, 174, 34, 19, 186, 36]
22  7  13 [10, 7, 174, 34, 19, 186, 36]
23  7  13 [10, 7, 174, 34, 19, 186, 36]
24  7  10 [10, 7, 174, 34, 19, 186, 36]
25  7  1 [10, 7, 174, 34, 19, 186, 36]
26  7  11 [10, 7, 174, 34, 19, 186, 36]
27  7  10 [10, 7, 174, 34, 19, 186, 36]
28  7  14 [10, 7, 174, 34, 19, 186, 36]
29  7  12 [10, 7, 174, 34, 19, 186, 36]
30  7  1 [10, 7, 174, 34, 19, 186, 36]
31  7  2 [19, 186, 36, 10, 7, 174, 34]
32  7  1 [10, 7, 174, 34, 19, 186, 36]
33  7  11 [10, 7, 174, 34, 19, 186, 36]
34  7  0 [34, 19, 186, 36, 10, 7, 174]
35  7  2 [7, 174, 34, 19, 186, 36, 10]
36  7  0 [36, 10, 7, 174, 34, 19, 186]
37  7  12 [10, 7, 174, 34, 19, 186, 36]
38  7  2 [10, 7, 174, 34, 19, 186, 36]
39  7  11 [10, 7, 174, 34, 19, 186, 36]
40  7  14 [10, 7, 174, 34, 19, 186, 36]
41  7  3 [10, 7, 174, 34, 19, 186, 36]
42  7  2 [7, 174, 34, 19, 186, 36, 10]
43  7  16 [10, 7, 174, 34, 19, 186, 36]
44  7  11 [10, 7, 174, 34, 19, 186, 36]
45  7  14 [10, 7, 174, 34, 19, 186, 36]
46  7  2 [10, 7, 174, 34, 19, 186, 36]
47  7  5 [10, 7, 174, 34, 19, 186, 36]
48  7  14 [10, 7, 174, 34, 19, 186, 36]
49  7  11 [10, 7, 174, 34, 19, 186, 36]
50  7  2 [7, 174, 34, 19, 186, 36, 10]
51  7  11 [10, 7, 174, 34, 19, 186, 36]
52  7  15 [10, 7, 174, 34, 19, 186, 36]
53  7  12 [10, 7, 174, 34, 19, 186, 36]
54  7  14 [10, 7, 174, 34, 19, 186, 36]
55  7  11 [10, 7, 174, 34, 19, 186, 36]
56  7  13 [10, 7, 174, 34, 19, 186, 36]
57  7  14 [10, 7, 174, 34, 19, 186, 36]
58  7  3 [19, 186, 36, 10, 7, 174, 34]
59  7  17 [10, 7, 174, 34, 19, 186, 36]
60  7  2 [7, 174, 34, 19, 186, 36, 10]
61  7  13 [10, 7, 174, 34, 19, 186, 36]
62  7  12 [10, 7, 174, 34, 19, 186, 36]
63  7  13 [10, 7, 174, 34, 19, 186, 36]
64  7  2 [7, 174, 34, 19, 186, 36, 10]
65  7  11 [10, 7, 174, 34, 19, 186, 36]
66  7  11 [10, 7, 174, 34, 19, 186, 36]
67  7  3 [10, 7, 174, 34, 19, 186, 36]
68  7  2 [10, 7, 174, 34, 19, 186, 36]
69  7  12 [10, 7, 174, 34, 19, 186, 36]
70  7  11 [10, 7, 174, 34, 19, 186, 36]
71  7  13 [10, 7, 174, 34, 19, 186, 36]
72  7  2 [7, 174, 34, 19, 186, 36, 10]
73  7  12 [10, 7, 174, 34, 19, 186, 36]
74  7  12 [10, 7, 174, 34, 19, 186, 36]
75  7  13 [10, 7, 174, 34, 19, 186, 36]
76  7  14 [10, 7, 174, 34, 19, 186, 36]
77  7  11 [10, 7, 174, 34, 19, 186, 36]
78  7  11 [10, 7, 174, 34, 19, 186, 36]
79  7  4 [10, 7, 174, 34, 19, 186, 36]
80  7  13 [10, 7, 174, 34, 19, 186, 36]
81  7  2 [7, 174, 34, 19, 186, 36, 10]
82  7  17 [10, 7, 174, 34, 19, 186, 36]
83  7  16 [10, 7, 174, 34, 19, 186, 36]
84  7  11 [10, 7, 174, 34, 19, 186, 36]
85  7  14 [10, 7, 174, 34, 19, 186, 36]
86  7  15 [10, 7, 174, 34, 19, 186, 36]
87  7  2 [10, 7, 174, 34, 19, 186, 36]
88  7  15 [10, 7, 174, 34, 19, 186, 36]
89  7  12 [10, 7, 174, 34, 19, 186, 36]
90  7  13 [10, 7, 174, 34, 19, 186, 36]
91  7  11 [10, 7, 174, 34, 19, 186, 36]
92  7  11 [10, 7, 174, 34, 19, 186, 36]
93  7  1 [34, 19, 186, 36, 10, 7, 174]
94  7  12 [10, 7, 174, 34, 19, 186, 36]
95  7  11 [10, 7, 174, 34, 19, 186, 36]
96  7  13 [10, 7, 174, 34, 19, 186, 36]
97  7  12 [10, 7, 174, 34, 19, 186, 36]
98  7  11 [10, 7, 174, 34, 19, 186, 36]
99  7  15 [10, 7, 174, 34, 19, 186, 36]
100  7  11 [10, 7, 174, 34, 19, 186, 36]
