1,1,0,[1]
2,8,15,[8, 6, 5, 328, 47, 370, 44, 15]
3,8,14,[5, 328, 47, 370, 44, 15, 8, 6]
4,1,0,[4]
5,8,7,[328, 47, 370, 44, 15, 8, 6, 5]
6,8,7,[5, 328, 47, 370, 44, 15, 8, 6]
7,4,3,[330, 21, 10, 7]
8,8,7,[6, 5, 328, 47, 370, 44, 15, 8]
9,8,8,[5, 328, 47, 370, 44, 15, 8, 6]
10,4,3,[7, 330, 21, 10]
11,8,11,[8, 6, 5, 328, 47, 370, 44, 15]
12,4,4,[330, 21, 10, 7]
13,8,10,[6, 5, 328, 47, 370, 44, 15, 8]
14,8,9,[5, 328, 47, 370, 44, 15, 8, 6]
15,8,7,[8, 6, 5, 328, 47, 370, 44, 15]
16,8,8,[6, 5, 328, 47, 370, 44, 15, 8]
17,8,10,[8, 6, 5, 328, 47, 370, 44, 15]
18,8,8,[6, 5, 328, 47, 370, 44, 15, 8]
19,8,11,[5, 328, 47, 370, 44, 15, 8, 6]
20,8,9,[5, 328, 47, 370, 44, 15, 8, 6]
21,4,3,[10, 7, 330, 21]
22,8,11,[6, 5, 328, 47, 370, 44, 15, 8]
23,8,13,[8, 6, 5, 328, 47, 370, 44, 15]
24,8,9,[5, 328, 47, 370, 44, 15, 8, 6]
25,4,4,[7, 330, 21, 10]
26,8,8,[8, 6, 5, 328, 47, 370, 44, 15]
27,8,9,[5, 328, 47, 370, 44, 15, 8, 6]
28,8,12,[8, 6, 5, 328, 47, 370, 44, 15]
29,4,5,[10, 7, 330, 21]
30,4,4,[7, 330, 21, 10]
31,4,7,[330, 21, 10, 7]
32,4,4,[7, 330, 21, 10]
33,8,10,[5, 328, 47, 370, 44, 15, 8, 6]
34,8,12,[5, 328, 47, 370, 44, 15, 8, 6]
35,4,5,[330, 21, 10, 7]
36,4,4,[7, 330, 21, 10]
37,8,12,[8, 6, 5, 328, 47, 370, 44, 15]
38,4,4,[10, 7, 330, 21]
39,8,9,[6, 5, 328, 47, 370, 44, 15, 8]
40,8,12,[8, 6, 5, 328, 47, 370, 44, 15]
41,8,11,[5, 328, 47, 370, 44, 15, 8, 6]
42,4,5,[330, 21, 10, 7]
43,8,11,[6, 5, 328, 47, 370, 44, 15, 8]
44,8,7,[15, 8, 6, 5, 328, 47, 370, 44]
45,8,12,[8, 6, 5, 328, 47, 370, 44, 15]
46,4,5,[7, 330, 21, 10]
47,8,7,[370, 44, 15, 8, 6, 5, 328, 47]
48,8,12,[8, 6, 5, 328, 47, 370, 44, 15]
49,8,10,[5, 328, 47, 370, 44, 15, 8, 6]
50,4,5,[330, 21, 10, 7]
51,8,10,[5, 328, 47, 370, 44, 15, 8, 6]
52,8,11,[8, 6, 5, 328, 47, 370, 44, 15]
53,2,1,[376, 53]
54,8,12,[8, 6, 5, 328, 47, 370, 44, 15]
55,8,9,[6, 5, 328, 47, 370, 44, 15, 8]
56,8,11,[6, 5, 328, 47, 370, 44, 15, 8]
57,8,12,[6, 5, 328, 47, 370, 44, 15, 8]
58,4,8,[330, 21, 10, 7]
59,4,9,[330, 21, 10, 7]
60,4,5,[330, 21, 10, 7]
61,8,12,[8, 6, 5, 328, 47, 370, 44, 15]
62,8,11,[5, 328, 47, 370, 44, 15, 8, 6]
63,8,11,[6, 5, 328, 47, 370, 44, 15, 8]
64,4,5,[330, 21, 10, 7]
65,8,9,[6, 5, 328, 47, 370, 44, 15, 8]
66,8,9,[6, 5, 328, 47, 370, 44, 15, 8]
67,8,15,[8, 6, 5, 328, 47, 370, 44, 15]
68,4,4,[10, 7, 330, 21]
69,8,9,[8, 6, 5, 328, 47, 370, 44, 15]
70,8,10,[5, 328, 47, 370, 44, 15, 8, 6]
71,8,16,[8, 6, 5, 328, 47, 370, 44, 15]
72,4,5,[330, 21, 10, 7]
73,4,5,[10, 7, 330, 21]
74,8,10,[6, 5, 328, 47, 370, 44, 15, 8]
75,8,11,[6, 5, 328, 47, 370, 44, 15, 8]
76,8,14,[8, 6, 5, 328, 47, 370, 44, 15]
77,8,9,[6, 5, 328, 47, 370, 44, 15, 8]
78,8,9,[6, 5, 328, 47, 370, 44, 15, 8]
79,4,7,[330, 21, 10, 7]
80,8,11,[6, 5, 328, 47, 370, 44, 15, 8]
81,4,5,[330, 21, 10, 7]
82,8,12,[6, 5, 328, 47, 370, 44, 15, 8]
83,4,6,[10, 7, 330, 21]
84,8,10,[5, 328, 47, 370, 44, 15, 8, 6]
85,8,12,[6, 5, 328, 47, 370, 44, 15, 8]
86,8,13,[8, 6, 5, 328, 47, 370, 44, 15]
87,4,5,[7, 330, 21, 10]
88,8,11,[8, 6, 5, 328, 47, 370, 44, 15]
89,4,9,[330, 21, 10, 7]
90,8,11,[6, 5, 328, 47, 370, 44, 15, 8]
91,8,10,[5, 328, 47, 370, 44, 15, 8, 6]
92,8,10,[5, 328, 47, 370, 44, 15, 8, 6]
93,8,13,[5, 328, 47, 370, 44, 15, 8, 6]
94,8,11,[5, 328, 47, 370, 44, 15, 8, 6]
95,8,10,[5, 328, 47, 370, 44, 15, 8, 6]
96,8,11,[6, 5, 328, 47, 370, 44, 15, 8]
97,8,13,[5, 328, 47, 370, 44, 15, 8, 6]
98,8,9,[6, 5, 328, 47, 370, 44, 15, 8]
99,8,11,[8, 6, 5, 328, 47, 370, 44, 15]
100,8,10,[5, 328, 47, 370, 44, 15, 8, 6]
101,4,11,[330, 21, 10, 7]
102,8,12,[6, 5, 328, 47, 370, 44, 15, 8]
103,8,16,[8, 6, 5, 328, 47, 370, 44, 15]
104,8,12,[5, 328, 47, 370, 44, 15, 8, 6]
105,8,8,[8, 6, 5, 328, 47, 370, 44, 15]
106,8,10,[6, 5, 328, 47, 370, 44, 15, 8]
107,4,7,[330, 21, 10, 7]
108,8,11,[6, 5, 328, 47, 370, 44, 15, 8]
109,8,12,[8, 6, 5, 328, 47, 370, 44, 15]
110,8,9,[6, 5, 328, 47, 370, 44, 15, 8]
111,8,13,[8, 6, 5, 328, 47, 370, 44, 15]
112,8,8,[8, 6, 5, 328, 47, 370, 44, 15]
113,2,1,[436, 113]
114,8,10,[5, 328, 47, 370, 44, 15, 8, 6]
115,8,13,[8, 6, 5, 328, 47, 370, 44, 15]
116,8,11,[5, 328, 47, 370, 44, 15, 8, 6]
117,8,12,[5, 328, 47, 370, 44, 15, 8, 6]
118,8,13,[8, 6, 5, 328, 47, 370, 44, 15]
119,8,10,[5, 328, 47, 370, 44, 15, 8, 6]
120,8,10,[5, 328, 47, 370, 44, 15, 8, 6]
121,8,12,[6, 5, 328, 47, 370, 44, 15, 8]
122,8,12,[6, 5, 328, 47, 370, 44, 15, 8]
123,8,8,[15, 8, 6, 5, 328, 47, 370, 44]
124,4,6,[330, 21, 10, 7]
125,8,8,[8, 6, 5, 328, 47, 370, 44, 15]
126,8,8,[8, 6, 5, 328, 47, 370, 44, 15]
127,8,10,[6, 5, 328, 47, 370, 44, 15, 8]
128,8,10,[5, 328, 47, 370, 44, 15, 8, 6]
129,4,6,[7, 330, 21, 10]
130,8,10,[5, 328, 47, 370, 44, 15, 8, 6]
131,4,8,[7, 330, 21, 10]
132,8,9,[6, 5, 328, 47, 370, 44, 15, 8]
133,8,9,[8, 6, 5, 328, 47, 370, 44, 15]
134,8,10,[8, 6, 5, 328, 47, 370, 44, 15]
135,8,10,[5, 328, 47, 370, 44, 15, 8, 6]
136,8,14,[8, 6, 5, 328, 47, 370, 44, 15]
137,4,6,[7, 330, 21, 10]
138,8,13,[8, 6, 5, 328, 47, 370, 44, 15]
139,8,15,[8, 6, 5, 328, 47, 370, 44, 15]
140,8,9,[6, 5, 328, 47, 370, 44, 15, 8]
141,4,6,[330, 21, 10, 7]
142,4,6,[10, 7, 330, 21]
143,8,10,[5, 328, 47, 370, 44, 15, 8, 6]
144,8,10,[5, 328, 47, 370, 44, 15, 8, 6]
145,8,13,[5, 328, 47, 370, 44, 15, 8, 6]
146,8,12,[6, 5, 328, 47, 370, 44, 15, 8]
147,8,11,[8, 6, 5, 328, 47, 370, 44, 15]
148,8,12,[5, 328, 47, 370, 44, 15, 8, 6]
149,8,11,[6, 5, 328, 47, 370, 44, 15, 8]
150,8,8,[8, 6, 5, 328, 47, 370, 44, 15]
151,8,12,[5, 328, 47, 370, 44, 15, 8, 6]
152,4,5,[7, 330, 21, 10]
153,8,14,[8, 6, 5, 328, 47, 370, 44, 15]
154,8,10,[5, 328, 47, 370, 44, 15, 8, 6]
155,4,5,[7, 330, 21, 10]
156,8,10,[5, 328, 47, 370, 44, 15, 8, 6]
157,8,10,[6, 5, 328, 47, 370, 44, 15, 8]
158,4,6,[330, 21, 10, 7]
159,8,12,[6, 5, 328, 47, 370, 44, 15, 8]
160,8,8,[8, 6, 5, 328, 47, 370, 44, 15]
161,4,5,[7, 330, 21, 10]
162,8,10,[5, 328, 47, 370, 44, 15, 8, 6]
163,8,12,[8, 6, 5, 328, 47, 370, 44, 15]
164,8,13,[8, 6, 5, 328, 47, 370, 44, 15]
165,8,12,[5, 328, 47, 370, 44, 15, 8, 6]
166,8,13,[6, 5, 328, 47, 370, 44, 15, 8]
167,4,5,[10, 7, 330, 21]
168,8,9,[6, 5, 328, 47, 370, 44, 15, 8]
169,8,9,[8, 6, 5, 328, 47, 370, 44, 15]
170,8,10,[5, 328, 47, 370, 44, 15, 8, 6]
171,4,5,[7, 330, 21, 10]
172,8,8,[370, 44, 15, 8, 6, 5, 328, 47]
173,8,11,[6, 5, 328, 47, 370, 44, 15, 8]
174,8,13,[5, 328, 47, 370, 44, 15, 8, 6]
175,8,11,[8, 6, 5, 328, 47, 370, 44, 15]
176,8,12,[5, 328, 47, 370, 44, 15, 8, 6]
177,8,12,[5, 328, 47, 370, 44, 15, 8, 6]
178,8,11,[5, 328, 47, 370, 44, 15, 8, 6]
179,8,15,[5, 328, 47, 370, 44, 15, 8, 6]
180,8,8,[8, 6, 5, 328, 47, 370, 44, 15]
181,8,13,[5, 328, 47, 370, 44, 15, 8, 6]
182,8,12,[6, 5, 328, 47, 370, 44, 15, 8]
183,4,6,[330, 21, 10, 7]
184,4,6,[10, 7, 330, 21]
185,4,6,[330, 21, 10, 7]
186,4,5,[7, 330, 21, 10]
187,8,13,[8, 6, 5, 328, 47, 370, 44, 15]
188,8,11,[5, 328, 47, 370, 44, 15, 8, 6]
189,8,9,[6, 5, 328, 47, 370, 44, 15, 8]
190,8,9,[8, 6, 5, 328, 47, 370, 44, 15]
191,8,10,[15, 8, 6, 5, 328, 47, 370, 44]
192,8,8,[8, 6, 5, 328, 47, 370, 44, 15]
193,4,7,[330, 21, 10, 7]
194,8,12,[8, 6, 5, 328, 47, 370, 44, 15]
195,4,4,[10, 7, 330, 21]
196,8,9,[6, 5, 328, 47, 370, 44, 15, 8]
197,8,11,[5, 328, 47, 370, 44, 15, 8, 6]
198,8,12,[5, 328, 47, 370, 44, 15, 8, 6]
199,8,14,[8, 6, 5, 328, 47, 370, 44, 15]
200,8,9,[6, 5, 328, 47, 370, 44, 15, 8]
