1,1,0,[1],[0]
2,9,3,[7, 10, 19, 25, 46, 104, 493, 970, 982],[1, 0, 1, 0, 0, 0, 0, 0, 0]
3,9,4,[7, 10, 19, 25, 46, 104, 493, 970, 982],[1, 0, 1, 0, 0, 0, 0, 0, 0]
4,1,0,[4],[0]
5,16,0,[5, 6, 8, 11, 13, 15, 22, 26, 28, 69, 85, 166, 489, 968, 974, 976],[1, 0, 0, 1, 1, 0, 0, 0, 0, 0, 0, 0, 0, 0, 0, 0]
6,16,0,[5, 6, 8, 11, 13, 15, 22, 26, 28, 69, 85, 166, 489, 968, 974, 976],[1, 0, 0, 1, 1, 0, 0, 0, 0, 0, 0, 0, 0, 0, 0, 0]
7,9,0,[7, 10, 19, 25, 46, 104, 493, 970, 982],[1, 0, 1, 0, 0, 0, 0, 0, 0]
8,16,0,[5, 6, 8, 11, 13, 15, 22, 26, 28, 69, 85, 166, 489, 968, 974, 976],[1, 0, 0, 1, 1, 0, 0, 0, 0, 0, 0, 0, 0, 0, 0, 0]
9,16,1,[5, 6, 8, 11, 13, 15, 22, 26, 28, 69, 85, 166, 489, 968, 974, 976],[1, 0, 0, 1, 1, 0, 0, 0, 0, 0, 0, 0, 0, 0, 0, 0]
10,9,0,[7, 10, 19, 25, 46, 104, 493, 970, 982],[1, 0, 1, 0, 0, 0, 0, 0, 0]
11,16,0,[5, 6, 8, 11, 13, 15, 22, 26, 28, 69, 85, 166, 489, 968, 974, 976],[1, 0, 0, 1, 1, 0, 0, 0, 0, 0, 0, 0, 0, 0, 0, 0]
12,9,1,[7, 10, 19, 25, 46, 104, 493, 970, 982],[1, 0, 1, 0, 0, 0, 0, 0, 0]
13,16,0,[5, 6, 8, 11, 13, 15, 22, 26, 28, 69, 85, 166, 489, 968, 974, 976],[1, 0, 0, 1, 1, 0, 0, 0, 0, 0, 0, 0, 0, 0, 0, 0]
14,16,2,[5, 6, 8, 11, 13, 15, 22, 26, 28, 69, 85, 166, 489, 968, 974, 976],[1, 0, 0, 1, 1, 0, 0, 0, 0, 0, 0, 0, 0, 0, 0, 0]
15,16,0,[5, 6, 8, 11, 13, 15, 22, 26, 28, 69, 85, 166, 489, 968, 974, 976],[1, 0, 0, 1, 1, 0, 0, 0, 0, 0, 0, 0, 0, 0, 0, 0]
16,16,1,[5, 6, 8, 11, 13, 15, 22, 26, 28, 69, 85, 166, 489, 968, 974, 976],[1, 0, 0, 1, 1, 0, 0, 0, 0, 0, 0, 0, 0, 0, 0, 0]
17,16,5,[5, 6, 8, 11, 13, 15, 22, 26, 28, 69, 85, 166, 489, 968, 974, 976],[1, 0, 0, 1, 1, 0, 0, 0, 0, 0, 0, 0, 0, 0, 0, 0]
18,16,1,[5, 6, 8, 11, 13, 15, 22, 26, 28, 69, 85, 166, 489, 968, 974, 976],[1, 0, 0, 1, 1, 0, 0, 0, 0, 0, 0, 0, 0, 0, 0, 0]
19,9,0,[7, 10, 19, 25, 46, 104, 493, 970, 982],[1, 0, 1, 0, 0, 0, 0, 0, 0]
20,16,2,[5, 6, 8, 11, 13, 15, 22, 26, 28, 69, 85, 166, 489, 968, 974, 976],[1, 0, 0, 1, 1, 0, 0, 0, 0, 0, 0, 0, 0, 0, 0, 0]
21,9,1,[7, 10, 19, 25, 46, 104, 493, 970, 982],[1, 0, 1, 0, 0, 0, 0, 0, 0]
22,16,0,[5, 6, 8, 11, 13, 15, 22, 26, 28, 69, 85, 166, 489, 968, 974, 976],[1, 0, 0, 1, 1, 0, 0, 0, 0, 0, 0, 0, 0, 0, 0, 0]
23,16,3,[5, 6, 8, 11, 13, 15, 22, 26, 28, 69, 85, 166, 489, 968, 974, 976],[1, 0, 0, 1, 1, 0, 0, 0, 0, 0, 0, 0, 0, 0, 0, 0]
24,16,2,[5, 6, 8, 11, 13, 15, 22, 26, 28, 69, 85, 166, 489, 968, 974, 976],[1, 0, 0, 1, 1, 0, 0, 0, 0, 0, 0, 0, 0, 0, 0, 0]
25,9,0,[7, 10, 19, 25, 46, 104, 493, 970, 982],[1, 0, 1, 0, 0, 0, 0, 0, 0]
26,16,0,[5, 6, 8, 11, 13, 15, 22, 26, 28, 69, 85, 166, 489, 968, 974, 976],[1, 0, 0, 1, 1, 0, 0, 0, 0, 0, 0, 0, 0, 0, 0, 0]
27,16,2,[5, 6, 8, 11, 13, 15, 22, 26, 28, 69, 85, 166, 489, 968, 974, 976],[1, 0, 0, 1, 1, 0, 0, 0, 0, 0, 0, 0, 0, 0, 0, 0]
28,16,0,[5, 6, 8, 11, 13, 15, 22, 26, 28, 69, 85, 166, 489, 968, 974, 976],[1, 0, 0, 1, 1, 0, 0, 0, 0, 0, 0, 0, 0, 0, 0, 0]
29,9,5,[7, 10, 19, 25, 46, 104, 493, 970, 982],[1, 0, 1, 0, 0, 0, 0, 0, 0]
30,9,1,[7, 10, 19, 25, 46, 104, 493, 970, 982],[1, 0, 1, 0, 0, 0, 0, 0, 0]
31,16,3,[5, 6, 8, 11, 13, 15, 22, 26, 28, 69, 85, 166, 489, 968, 974, 976],[1, 0, 0, 1, 1, 0, 0, 0, 0, 0, 0, 0, 0, 0, 0, 0]
32,9,1,[7, 10, 19, 25, 46, 104, 493, 970, 982],[1, 0, 1, 0, 0, 0, 0, 0, 0]
33,16,3,[5, 6, 8, 11, 13, 15, 22, 26, 28, 69, 85, 166, 489, 968, 974, 976],[1, 0, 0, 1, 1, 0, 0, 0, 0, 0, 0, 0, 0, 0, 0, 0]
34,9,1,[7, 10, 19, 25, 46, 104, 493, 970, 982],[1, 0, 1, 0, 0, 0, 0, 0, 0]
35,9,2,[7, 10, 19, 25, 46, 104, 493, 970, 982],[1, 0, 1, 0, 0, 0, 0, 0, 0]
36,9,1,[7, 10, 19, 25, 46, 104, 493, 970, 982],[1, 0, 1, 0, 0, 0, 0, 0, 0]
37,9,3,[7, 10, 19, 25, 46, 104, 493, 970, 982],[1, 0, 1, 0, 0, 0, 0, 0, 0]
38,9,2,[7, 10, 19, 25, 46, 104, 493, 970, 982],[1, 0, 1, 0, 0, 0, 0, 0, 0]
39,16,2,[5, 6, 8, 11, 13, 15, 22, 26, 28, 69, 85, 166, 489, 968, 974, 976],[1, 0, 0, 1, 1, 0, 0, 0, 0, 0, 0, 0, 0, 0, 0, 0]
40,16,1,[5, 6, 8, 11, 13, 15, 22, 26, 28, 69, 85, 166, 489, 968, 974, 976],[1, 0, 0, 1, 1, 0, 0, 0, 0, 0, 0, 0, 0, 0, 0, 0]
41,9,3,[7, 10, 19, 25, 46, 104, 493, 970, 982],[1, 0, 1, 0, 0, 0, 0, 0, 0]
42,9,2,[7, 10, 19, 25, 46, 104, 493, 970, 982],[1, 0, 1, 0, 0, 0, 0, 0, 0]
43,16,6,[5, 6, 8, 11, 13, 15, 22, 26, 28, 69, 85, 166, 489, 968, 974, 976],[1, 0, 0, 1, 1, 0, 0, 0, 0, 0, 0, 0, 0, 0, 0, 0]
44,16,1,[5, 6, 8, 11, 13, 15, 22, 26, 28, 69, 85, 166, 489, 968, 974, 976],[1, 0, 0, 1, 1, 0, 0, 0, 0, 0, 0, 0, 0, 0, 0, 0]
45,16,1,[5, 6, 8, 11, 13, 15, 22, 26, 28, 69, 85, 166, 489, 968, 974, 976],[1, 0, 0, 1, 1, 0, 0, 0, 0, 0, 0, 0, 0, 0, 0, 0]
46,9,0,[7, 10, 19, 25, 46, 104, 493, 970, 982],[1, 0, 1, 0, 0, 0, 0, 0, 0]
47,16,3,[5, 6, 8, 11, 13, 15, 22, 26, 28, 69, 85, 166, 489, 968, 974, 976],[1, 0, 0, 1, 1, 0, 0, 0, 0, 0, 0, 0, 0, 0, 0, 0]
48,16,1,[5, 6, 8, 11, 13, 15, 22, 26, 28, 69, 85, 166, 489, 968, 974, 976],[1, 0, 0, 1, 1, 0, 0, 0, 0, 0, 0, 0, 0, 0, 0, 0]
49,16,3,[5, 6, 8, 11, 13, 15, 22, 26, 28, 69, 85, 166, 489, 968, 974, 976],[1, 0, 0, 1, 1, 0, 0, 0, 0, 0, 0, 0, 0, 0, 0, 0]
50,9,2,[7, 10, 19, 25, 46, 104, 493, 970, 982],[1, 0, 1, 0, 0, 0, 0, 0, 0]
51,16,3,[5, 6, 8, 11, 13, 15, 22, 26, 28, 69, 85, 166, 489, 968, 974, 976],[1, 0, 0, 1, 1, 0, 0, 0, 0, 0, 0, 0, 0, 0, 0, 0]
52,16,6,[5, 6, 8, 11, 13, 15, 22, 26, 28, 69, 85, 166, 489, 968, 974, 976],[1, 0, 0, 1, 1, 0, 0, 0, 0, 0, 0, 0, 0, 0, 0, 0]
53,16,3,[5, 6, 8, 11, 13, 15, 22, 26, 28, 69, 85, 166, 489, 968, 974, 976],[1, 0, 0, 1, 1, 0, 0, 0, 0, 0, 0, 0, 0, 0, 0, 0]
54,16,1,[5, 6, 8, 11, 13, 15, 22, 26, 28, 69, 85, 166, 489, 968, 974, 976],[1, 0, 0, 1, 1, 0, 0, 0, 0, 0, 0, 0, 0, 0, 0, 0]
55,16,2,[5, 6, 8, 11, 13, 15, 22, 26, 28, 69, 85, 166, 489, 968, 974, 976],[1, 0, 0, 1, 1, 0, 0, 0, 0, 0, 0, 0, 0, 0, 0, 0]
56,16,1,[5, 6, 8, 11, 13, 15, 22, 26, 28, 69, 85, 166, 489, 968, 974, 976],[1, 0, 0, 1, 1, 0, 0, 0, 0, 0, 0, 0, 0, 0, 0, 0]
57,16,1,[5, 6, 8, 11, 13, 15, 22, 26, 28, 69, 85, 166, 489, 968, 974, 976],[1, 0, 0, 1, 1, 0, 0, 0, 0, 0, 0, 0, 0, 0, 0, 0]
58,16,4,[5, 6, 8, 11, 13, 15, 22, 26, 28, 69, 85, 166, 489, 968, 974, 976],[1, 0, 0, 1, 1, 0, 0, 0, 0, 0, 0, 0, 0, 0, 0, 0]
59,16,9,[5, 6, 8, 11, 13, 15, 22, 26, 28, 69, 85, 166, 489, 968, 974, 976],[1, 0, 0, 1, 1, 0, 0, 0, 0, 0, 0, 0, 0, 0, 0, 0]
60,9,2,[7, 10, 19, 25, 46, 104, 493, 970, 982],[1, 0, 1, 0, 0, 0, 0, 0, 0]
61,16,4,[5, 6, 8, 11, 13, 15, 22, 26, 28, 69, 85, 166, 489, 968, 974, 976],[1, 0, 0, 1, 1, 0, 0, 0, 0, 0, 0, 0, 0, 0, 0, 0]
62,16,4,[5, 6, 8, 11, 13, 15, 22, 26, 28, 69, 85, 166, 489, 968, 974, 976],[1, 0, 0, 1, 1, 0, 0, 0, 0, 0, 0, 0, 0, 0, 0, 0]
63,16,1,[5, 6, 8, 11, 13, 15, 22, 26, 28, 69, 85, 166, 489, 968, 974, 976],[1, 0, 0, 1, 1, 0, 0, 0, 0, 0, 0, 0, 0, 0, 0, 0]
64,9,2,[7, 10, 19, 25, 46, 104, 493, 970, 982],[1, 0, 1, 0, 0, 0, 0, 0, 0]
65,16,2,[5, 6, 8, 11, 13, 15, 22, 26, 28, 69, 85, 166, 489, 968, 974, 976],[1, 0, 0, 1, 1, 0, 0, 0, 0, 0, 0, 0, 0, 0, 0, 0]
66,16,2,[5, 6, 8, 11, 13, 15, 22, 26, 28, 69, 85, 166, 489, 968, 974, 976],[1, 0, 0, 1, 1, 0, 0, 0, 0, 0, 0, 0, 0, 0, 0, 0]
67,16,4,[5, 6, 8, 11, 13, 15, 22, 26, 28, 69, 85, 166, 489, 968, 974, 976],[1, 0, 0, 1, 1, 0, 0, 0, 0, 0, 0, 0, 0, 0, 0, 0]
68,9,2,[7, 10, 19, 25, 46, 104, 493, 970, 982],[1, 0, 1, 0, 0, 0, 0, 0, 0]
69,16,0,[5, 6, 8, 11, 13, 15, 22, 26, 28, 69, 85, 166, 489, 968, 974, 976],[1, 0, 0, 1, 1, 0, 0, 0, 0, 0, 0, 0, 0, 0, 0, 0]
70,16,3,[5, 6, 8, 11, 13, 15, 22, 26, 28, 69, 85, 166, 489, 968, 974, 976],[1, 0, 0, 1, 1, 0, 0, 0, 0, 0, 0, 0, 0, 0, 0, 0]
71,9,4,[7, 10, 19, 25, 46, 104, 493, 970, 982],[1, 0, 1, 0, 0, 0, 0, 0, 0]
72,9,2,[7, 10, 19, 25, 46, 104, 493, 970, 982],[1, 0, 1, 0, 0, 0, 0, 0, 0]
73,16,3,[5, 6, 8, 11, 13, 15, 22, 26, 28, 69, 85, 166, 489, 968, 974, 976],[1, 0, 0, 1, 1, 0, 0, 0, 0, 0, 0, 0, 0, 0, 0, 0]
74,16,3,[5, 6, 8, 11, 13, 15, 22, 26, 28, 69, 85, 166, 489, 968, 974, 976],[1, 0, 0, 1, 1, 0, 0, 0, 0, 0, 0, 0, 0, 0, 0, 0]
75,16,1,[5, 6, 8, 11, 13, 15, 22, 26, 28, 69, 85, 166, 489, 968, 974, 976],[1, 0, 0, 1, 1, 0, 0, 0, 0, 0, 0, 0, 0, 0, 0, 0]
76,16,4,[5, 6, 8, 11, 13, 15, 22, 26, 28, 69, 85, 166, 489, 968, 974, 976],[1, 0, 0, 1, 1, 0, 0, 0, 0, 0, 0, 0, 0, 0, 0, 0]
77,16,2,[5, 6, 8, 11, 13, 15, 22, 26, 28, 69, 85, 166, 489, 968, 974, 976],[1, 0, 0, 1, 1, 0, 0, 0, 0, 0, 0, 0, 0, 0, 0, 0]
78,16,2,[5, 6, 8, 11, 13, 15, 22, 26, 28, 69, 85, 166, 489, 968, 974, 976],[1, 0, 0, 1, 1, 0, 0, 0, 0, 0, 0, 0, 0, 0, 0, 0]
79,16,8,[5, 6, 8, 11, 13, 15, 22, 26, 28, 69, 85, 166, 489, 968, 974, 976],[1, 0, 0, 1, 1, 0, 0, 0, 0, 0, 0, 0, 0, 0, 0, 0]
80,16,1,[5, 6, 8, 11, 13, 15, 22, 26, 28, 69, 85, 166, 489, 968, 974, 976],[1, 0, 0, 1, 1, 0, 0, 0, 0, 0, 0, 0, 0, 0, 0, 0]
81,9,2,[7, 10, 19, 25, 46, 104, 493, 970, 982],[1, 0, 1, 0, 0, 0, 0, 0, 0]
82,16,7,[5, 6, 8, 11, 13, 15, 22, 26, 28, 69, 85, 166, 489, 968, 974, 976],[1, 0, 0, 1, 1, 0, 0, 0, 0, 0, 0, 0, 0, 0, 0, 0]
83,16,5,[5, 6, 8, 11, 13, 15, 22, 26, 28, 69, 85, 166, 489, 968, 974, 976],[1, 0, 0, 1, 1, 0, 0, 0, 0, 0, 0, 0, 0, 0, 0, 0]
84,16,3,[5, 6, 8, 11, 13, 15, 22, 26, 28, 69, 85, 166, 489, 968, 974, 976],[1, 0, 0, 1, 1, 0, 0, 0, 0, 0, 0, 0, 0, 0, 0, 0]
85,16,0,[5, 6, 8, 11, 13, 15, 22, 26, 28, 69, 85, 166, 489, 968, 974, 976],[1, 0, 0, 1, 1, 0, 0, 0, 0, 0, 0, 0, 0, 0, 0, 0]
86,16,2,[5, 6, 8, 11, 13, 15, 22, 26, 28, 69, 85, 166, 489, 968, 974, 976],[1, 0, 0, 1, 1, 0, 0, 0, 0, 0, 0, 0, 0, 0, 0, 0]
87,9,2,[7, 10, 19, 25, 46, 104, 493, 970, 982],[1, 0, 1, 0, 0, 0, 0, 0, 0]
88,16,6,[5, 6, 8, 11, 13, 15, 22, 26, 28, 69, 85, 166, 489, 968, 974, 976],[1, 0, 0, 1, 1, 0, 0, 0, 0, 0, 0, 0, 0, 0, 0, 0]
89,16,6,[5, 6, 8, 11, 13, 15, 22, 26, 28, 69, 85, 166, 489, 968, 974, 976],[1, 0, 0, 1, 1, 0, 0, 0, 0, 0, 0, 0, 0, 0, 0, 0]
90,16,1,[5, 6, 8, 11, 13, 15, 22, 26, 28, 69, 85, 166, 489, 968, 974, 976],[1, 0, 0, 1, 1, 0, 0, 0, 0, 0, 0, 0, 0, 0, 0, 0]
91,16,3,[5, 6, 8, 11, 13, 15, 22, 26, 28, 69, 85, 166, 489, 968, 974, 976],[1, 0, 0, 1, 1, 0, 0, 0, 0, 0, 0, 0, 0, 0, 0, 0]
92,16,3,[5, 6, 8, 11, 13, 15, 22, 26, 28, 69, 85, 166, 489, 968, 974, 976],[1, 0, 0, 1, 1, 0, 0, 0, 0, 0, 0, 0, 0, 0, 0, 0]
93,9,2,[7, 10, 19, 25, 46, 104, 493, 970, 982],[1, 0, 1, 0, 0, 0, 0, 0, 0]
94,16,4,[5, 6, 8, 11, 13, 15, 22, 26, 28, 69, 85, 166, 489, 968, 974, 976],[1, 0, 0, 1, 1, 0, 0, 0, 0, 0, 0, 0, 0, 0, 0, 0]
95,16,3,[5, 6, 8, 11, 13, 15, 22, 26, 28, 69, 85, 166, 489, 968, 974, 976],[1, 0, 0, 1, 1, 0, 0, 0, 0, 0, 0, 0, 0, 0, 0, 0]
96,16,1,[5, 6, 8, 11, 13, 15, 22, 26, 28, 69, 85, 166, 489, 968, 974, 976],[1, 0, 0, 1, 1, 0, 0, 0, 0, 0, 0, 0, 0, 0, 0, 0]
97,16,6,[5, 6, 8, 11, 13, 15, 22, 26, 28, 69, 85, 166, 489, 968, 974, 976],[1, 0, 0, 1, 1, 0, 0, 0, 0, 0, 0, 0, 0, 0, 0, 0]
98,16,2,[5, 6, 8, 11, 13, 15, 22, 26, 28, 69, 85, 166, 489, 968, 974, 976],[1, 0, 0, 1, 1, 0, 0, 0, 0, 0, 0, 0, 0, 0, 0, 0]
99,16,6,[5, 6, 8, 11, 13, 15, 22, 26, 28, 69, 85, 166, 489, 968, 974, 976],[1, 0, 0, 1, 1, 0, 0, 0, 0, 0, 0, 0, 0, 0, 0, 0]
100,16,3,[5, 6, 8, 11, 13, 15, 22, 26, 28, 69, 85, 166, 489, 968, 974, 976],[1, 0, 0, 1, 1, 0, 0, 0, 0, 0, 0, 0, 0, 0, 0, 0]
