1,1,0,[1],[0]
2,6,8,[5, 6, 9, 14, 49, 738],[1, 0, 0, 0, 0, 0]
3,6,3,[5, 6, 9, 14, 49, 738],[1, 0, 0, 0, 0, 0]
4,1,0,[4],[0]
5,6,0,[5, 6, 9, 14, 49, 738],[1, 0, 0, 0, 0, 0]
6,6,0,[5, 6, 9, 14, 49, 738],[1, 0, 0, 0, 0, 0]
7,5,0,[7, 10, 25, 46, 740],[1, 0, 0, 0, 0]
8,6,1,[5, 6, 9, 14, 49, 738],[1, 0, 0, 0, 0, 0]
9,6,0,[5, 6, 9, 14, 49, 738],[1, 0, 0, 0, 0, 0]
10,5,0,[7, 10, 25, 46, 740],[1, 0, 0, 0, 0]
11,3,0,[11, 40, 744],[1, 0, 0]
12,5,1,[7, 10, 25, 46, 740],[1, 0, 0, 0, 0]
13,6,5,[5, 6, 9, 14, 49, 738],[1, 0, 0, 0, 0, 0]
14,6,0,[5, 6, 9, 14, 49, 738],[1, 0, 0, 0, 0, 0]
15,6,2,[5, 6, 9, 14, 49, 738],[1, 0, 0, 0, 0, 0]
16,6,2,[5, 6, 9, 14, 49, 738],[1, 0, 0, 0, 0, 0]
17,6,3,[5, 6, 9, 14, 49, 738],[1, 0, 0, 0, 0, 0]
18,6,2,[5, 6, 9, 14, 49, 738],[1, 0, 0, 0, 0, 0]
19,6,5,[5, 6, 9, 14, 49, 738],[1, 0, 0, 0, 0, 0]
20,6,1,[5, 6, 9, 14, 49, 738],[1, 0, 0, 0, 0, 0]
21,5,1,[7, 10, 25, 46, 740],[1, 0, 0, 0, 0]
22,6,6,[5, 6, 9, 14, 49, 738],[1, 0, 0, 0, 0, 0]
23,6,3,[5, 6, 9, 14, 49, 738],[1, 0, 0, 0, 0, 0]
24,6,1,[5, 6, 9, 14, 49, 738],[1, 0, 0, 0, 0, 0]
25,5,0,[7, 10, 25, 46, 740],[1, 0, 0, 0, 0]
26,6,3,[5, 6, 9, 14, 49, 738],[1, 0, 0, 0, 0, 0]
27,6,1,[5, 6, 9, 14, 49, 738],[1, 0, 0, 0, 0, 0]
28,3,1,[11, 40, 744],[1, 0, 0]
29,6,5,[5, 6, 9, 14, 49, 738],[1, 0, 0, 0, 0, 0]
30,5,1,[7, 10, 25, 46, 740],[1, 0, 0, 0, 0]
31,5,4,[7, 10, 25, 46, 740],[1, 0, 0, 0, 0]
32,5,1,[7, 10, 25, 46, 740],[1, 0, 0, 0, 0]
33,6,1,[5, 6, 9, 14, 49, 738],[1, 0, 0, 0, 0, 0]
34,6,6,[5, 6, 9, 14, 49, 738],[1, 0, 0, 0, 0, 0]
35,5,2,[7, 10, 25, 46, 740],[1, 0, 0, 0, 0]
36,5,1,[7, 10, 25, 46, 740],[1, 0, 0, 0, 0]
37,5,2,[7, 10, 25, 46, 740],[1, 0, 0, 0, 0]
38,5,2,[7, 10, 25, 46, 740],[1, 0, 0, 0, 0]
39,6,3,[5, 6, 9, 14, 49, 738],[1, 0, 0, 0, 0, 0]
40,3,0,[11, 40, 744],[1, 0, 0]
41,6,4,[5, 6, 9, 14, 49, 738],[1, 0, 0, 0, 0, 0]
42,5,2,[7, 10, 25, 46, 740],[1, 0, 0, 0, 0]
43,6,10,[5, 6, 9, 14, 49, 738],[1, 0, 0, 0, 0, 0]
44,6,3,[5, 6, 9, 14, 49, 738],[1, 0, 0, 0, 0, 0]
45,3,1,[11, 40, 744],[1, 0, 0]
46,5,0,[7, 10, 25, 46, 740],[1, 0, 0, 0, 0]
47,5,2,[7, 10, 25, 46, 740],[1, 0, 0, 0, 0]
48,3,1,[11, 40, 744],[1, 0, 0]
49,6,0,[5, 6, 9, 14, 49, 738],[1, 0, 0, 0, 0, 0]
50,5,2,[7, 10, 25, 46, 740],[1, 0, 0, 0, 0]
51,6,2,[5, 6, 9, 14, 49, 738],[1, 0, 0, 0, 0, 0]
52,6,4,[5, 6, 9, 14, 49, 738],[1, 0, 0, 0, 0, 0]
53,6,6,[5, 6, 9, 14, 49, 738],[1, 0, 0, 0, 0, 0]
54,3,1,[11, 40, 744],[1, 0, 0]
55,6,3,[5, 6, 9, 14, 49, 738],[1, 0, 0, 0, 0, 0]
56,6,6,[5, 6, 9, 14, 49, 738],[1, 0, 0, 0, 0, 0]
57,6,7,[5, 6, 9, 14, 49, 738],[1, 0, 0, 0, 0, 0]
58,5,5,[7, 10, 25, 46, 740],[1, 0, 0, 0, 0]
59,6,5,[5, 6, 9, 14, 49, 738],[1, 0, 0, 0, 0, 0]
60,5,2,[7, 10, 25, 46, 740],[1, 0, 0, 0, 0]
61,6,8,[5, 6, 9, 14, 49, 738],[1, 0, 0, 0, 0, 0]
62,6,2,[5, 6, 9, 14, 49, 738],[1, 0, 0, 0, 0, 0]
63,6,6,[5, 6, 9, 14, 49, 738],[1, 0, 0, 0, 0, 0]
64,5,2,[7, 10, 25, 46, 740],[1, 0, 0, 0, 0]
65,6,3,[5, 6, 9, 14, 49, 738],[1, 0, 0, 0, 0, 0]
66,6,3,[5, 6, 9, 14, 49, 738],[1, 0, 0, 0, 0, 0]
67,6,3,[5, 6, 9, 14, 49, 738],[1, 0, 0, 0, 0, 0]
68,5,2,[7, 10, 25, 46, 740],[1, 0, 0, 0, 0]
69,6,4,[5, 6, 9, 14, 49, 738],[1, 0, 0, 0, 0, 0]
70,6,1,[5, 6, 9, 14, 49, 738],[1, 0, 0, 0, 0, 0]
71,6,6,[5, 6, 9, 14, 49, 738],[1, 0, 0, 0, 0, 0]
72,5,2,[7, 10, 25, 46, 740],[1, 0, 0, 0, 0]
73,5,2,[7, 10, 25, 46, 740],[1, 0, 0, 0, 0]
74,6,4,[5, 6, 9, 14, 49, 738],[1, 0, 0, 0, 0, 0]
75,6,6,[5, 6, 9, 14, 49, 738],[1, 0, 0, 0, 0, 0]
76,6,4,[5, 6, 9, 14, 49, 738],[1, 0, 0, 0, 0, 0]
77,6,3,[5, 6, 9, 14, 49, 738],[1, 0, 0, 0, 0, 0]
78,6,3,[5, 6, 9, 14, 49, 738],[1, 0, 0, 0, 0, 0]
79,3,2,[11, 40, 744],[1, 0, 0]
80,6,6,[5, 6, 9, 14, 49, 738],[1, 0, 0, 0, 0, 0]
81,5,2,[7, 10, 25, 46, 740],[1, 0, 0, 0, 0]
82,6,11,[5, 6, 9, 14, 49, 738],[1, 0, 0, 0, 0, 0]
83,3,3,[11, 40, 744],[1, 0, 0]
84,6,1,[5, 6, 9, 14, 49, 738],[1, 0, 0, 0, 0, 0]
85,6,7,[5, 6, 9, 14, 49, 738],[1, 0, 0, 0, 0, 0]
86,3,2,[11, 40, 744],[1, 0, 0]
87,5,2,[7, 10, 25, 46, 740],[1, 0, 0, 0, 0]
88,6,4,[5, 6, 9, 14, 49, 738],[1, 0, 0, 0, 0, 0]
89,5,5,[7, 10, 25, 46, 740],[1, 0, 0, 0, 0]
90,6,6,[5, 6, 9, 14, 49, 738],[1, 0, 0, 0, 0, 0]
91,6,2,[5, 6, 9, 14, 49, 738],[1, 0, 0, 0, 0, 0]
92,6,2,[5, 6, 9, 14, 49, 738],[1, 0, 0, 0, 0, 0]
93,6,7,[5, 6, 9, 14, 49, 738],[1, 0, 0, 0, 0, 0]
94,6,1,[5, 6, 9, 14, 49, 738],[1, 0, 0, 0, 0, 0]
95,6,2,[5, 6, 9, 14, 49, 738],[1, 0, 0, 0, 0, 0]
96,6,6,[5, 6, 9, 14, 49, 738],[1, 0, 0, 0, 0, 0]
97,6,8,[5, 6, 9, 14, 49, 738],[1, 0, 0, 0, 0, 0]
98,6,3,[5, 6, 9, 14, 49, 738],[1, 0, 0, 0, 0, 0]
99,6,4,[5, 6, 9, 14, 49, 738],[1, 0, 0, 0, 0, 0]
100,6,1,[5, 6, 9, 14, 49, 738],[1, 0, 0, 0, 0, 0]
