1,1,0,[1]
2,6,23,[337, 651, 41, 355, 76, 23]
3,6,22,[337, 651, 41, 355, 76, 23]
4,1,0,[4]
5,6,10,[337, 651, 41, 355, 76, 23]
6,6,11,[337, 651, 41, 355, 76, 23]
7,6,16,[337, 651, 41, 355, 76, 23]
8,6,12,[337, 651, 41, 355, 76, 23]
9,6,12,[337, 651, 41, 355, 76, 23]
10,6,17,[337, 651, 41, 355, 76, 23]
11,6,7,[337, 651, 41, 355, 76, 23]
12,6,17,[337, 651, 41, 355, 76, 23]
13,6,16,[337, 651, 41, 355, 76, 23]
14,6,13,[337, 651, 41, 355, 76, 23]
15,6,13,[337, 651, 41, 355, 76, 23]
16,6,13,[337, 651, 41, 355, 76, 23]
17,6,17,[337, 651, 41, 355, 76, 23]
18,6,13,[337, 651, 41, 355, 76, 23]
19,6,17,[337, 651, 41, 355, 76, 23]
20,6,13,[337, 651, 41, 355, 76, 23]
21,6,18,[337, 651, 41, 355, 76, 23]
22,6,17,[337, 651, 41, 355, 76, 23]
23,6,5,[337, 651, 41, 355, 76, 23]
24,6,13,[337, 651, 41, 355, 76, 23]
25,6,18,[337, 651, 41, 355, 76, 23]
26,6,14,[337, 651, 41, 355, 76, 23]
27,6,13,[337, 651, 41, 355, 76, 23]
28,6,8,[337, 651, 41, 355, 76, 23]
29,6,20,[337, 651, 41, 355, 76, 23]
30,6,18,[337, 651, 41, 355, 76, 23]
31,2,1,[345, 31]
32,6,18,[337, 651, 41, 355, 76, 23]
33,6,14,[337, 651, 41, 355, 76, 23]
34,6,18,[337, 651, 41, 355, 76, 23]
35,6,18,[337, 651, 41, 355, 76, 23]
36,6,18,[337, 651, 41, 355, 76, 23]
37,6,19,[337, 651, 41, 355, 76, 23]
38,6,19,[337, 651, 41, 355, 76, 23]
39,6,14,[337, 651, 41, 355, 76, 23]
40,6,8,[337, 651, 41, 355, 76, 23]
41,6,5,[355, 76, 23, 337, 651, 41]
42,6,18,[337, 651, 41, 355, 76, 23]
43,6,15,[337, 651, 41, 355, 76, 23]
44,6,14,[337, 651, 41, 355, 76, 23]
45,6,8,[337, 651, 41, 355, 76, 23]
46,6,19,[337, 651, 41, 355, 76, 23]
47,6,21,[337, 651, 41, 355, 76, 23]
48,6,8,[337, 651, 41, 355, 76, 23]
49,6,14,[337, 651, 41, 355, 76, 23]
50,6,18,[337, 651, 41, 355, 76, 23]
51,6,14,[337, 651, 41, 355, 76, 23]
52,6,18,[337, 651, 41, 355, 76, 23]
53,6,22,[337, 651, 41, 355, 76, 23]
54,6,8,[337, 651, 41, 355, 76, 23]
55,6,14,[337, 651, 41, 355, 76, 23]
56,6,17,[337, 651, 41, 355, 76, 23]
57,6,18,[337, 651, 41, 355, 76, 23]
58,2,2,[345, 31]
59,6,22,[337, 651, 41, 355, 76, 23]
60,6,18,[337, 651, 41, 355, 76, 23]
61,6,15,[337, 651, 41, 355, 76, 23]
62,6,15,[337, 651, 41, 355, 76, 23]
63,6,17,[337, 651, 41, 355, 76, 23]
64,6,18,[337, 651, 41, 355, 76, 23]
65,6,14,[337, 651, 41, 355, 76, 23]
66,6,14,[337, 651, 41, 355, 76, 23]
67,6,16,[337, 651, 41, 355, 76, 23]
68,6,19,[337, 651, 41, 355, 76, 23]
69,6,15,[337, 651, 41, 355, 76, 23]
70,6,14,[337, 651, 41, 355, 76, 23]
71,6,7,[337, 651, 41, 355, 76, 23]
72,6,18,[337, 651, 41, 355, 76, 23]
73,6,16,[337, 651, 41, 355, 76, 23]
74,6,15,[337, 651, 41, 355, 76, 23]
75,6,17,[337, 651, 41, 355, 76, 23]
76,6,5,[23, 337, 651, 41, 355, 76]
77,6,14,[337, 651, 41, 355, 76, 23]
78,6,14,[337, 651, 41, 355, 76, 23]
79,6,18,[337, 651, 41, 355, 76, 23]
80,6,17,[337, 651, 41, 355, 76, 23]
81,6,18,[337, 651, 41, 355, 76, 23]
82,6,16,[337, 651, 41, 355, 76, 23]
83,6,21,[337, 651, 41, 355, 76, 23]
84,6,14,[337, 651, 41, 355, 76, 23]
85,6,18,[337, 651, 41, 355, 76, 23]
86,6,9,[337, 651, 41, 355, 76, 23]
87,6,19,[337, 651, 41, 355, 76, 23]
88,6,18,[337, 651, 41, 355, 76, 23]
89,6,16,[337, 651, 41, 355, 76, 23]
90,6,17,[337, 651, 41, 355, 76, 23]
91,6,14,[337, 651, 41, 355, 76, 23]
92,6,14,[337, 651, 41, 355, 76, 23]
93,6,19,[337, 651, 41, 355, 76, 23]
94,6,15,[337, 651, 41, 355, 76, 23]
95,6,14,[337, 651, 41, 355, 76, 23]
96,6,17,[337, 651, 41, 355, 76, 23]
97,6,16,[337, 651, 41, 355, 76, 23]
98,6,14,[337, 651, 41, 355, 76, 23]
99,6,18,[337, 651, 41, 355, 76, 23]
100,6,14,[337, 651, 41, 355, 76, 23]
101,6,20,[337, 651, 41, 355, 76, 23]
102,6,18,[337, 651, 41, 355, 76, 23]
103,6,19,[337, 651, 41, 355, 76, 23]
104,6,18,[337, 651, 41, 355, 76, 23]
105,6,14,[337, 651, 41, 355, 76, 23]
106,6,15,[337, 651, 41, 355, 76, 23]
107,6,20,[337, 651, 41, 355, 76, 23]
108,6,17,[337, 651, 41, 355, 76, 23]
109,6,24,[337, 651, 41, 355, 76, 23]
110,6,14,[337, 651, 41, 355, 76, 23]
111,6,9,[337, 651, 41, 355, 76, 23]
112,6,14,[337, 651, 41, 355, 76, 23]
113,6,21,[337, 651, 41, 355, 76, 23]
114,6,14,[337, 651, 41, 355, 76, 23]
115,6,9,[337, 651, 41, 355, 76, 23]
116,6,15,[337, 651, 41, 355, 76, 23]
117,6,18,[337, 651, 41, 355, 76, 23]
118,6,16,[337, 651, 41, 355, 76, 23]
119,6,14,[337, 651, 41, 355, 76, 23]
120,6,14,[337, 651, 41, 355, 76, 23]
121,6,18,[337, 651, 41, 355, 76, 23]
122,6,18,[337, 651, 41, 355, 76, 23]
123,6,15,[337, 651, 41, 355, 76, 23]
124,6,19,[337, 651, 41, 355, 76, 23]
125,6,14,[337, 651, 41, 355, 76, 23]
126,6,14,[337, 651, 41, 355, 76, 23]
127,6,15,[337, 651, 41, 355, 76, 23]
128,6,14,[337, 651, 41, 355, 76, 23]
129,6,20,[337, 651, 41, 355, 76, 23]
130,6,14,[337, 651, 41, 355, 76, 23]
131,6,17,[337, 651, 41, 355, 76, 23]
132,6,14,[337, 651, 41, 355, 76, 23]
133,6,15,[337, 651, 41, 355, 76, 23]
134,6,16,[337, 651, 41, 355, 76, 23]
135,6,14,[337, 651, 41, 355, 76, 23]
136,6,6,[337, 651, 41, 355, 76, 23]
137,6,20,[337, 651, 41, 355, 76, 23]
138,6,9,[337, 651, 41, 355, 76, 23]
139,6,16,[337, 651, 41, 355, 76, 23]
140,6,14,[337, 651, 41, 355, 76, 23]
141,6,19,[337, 651, 41, 355, 76, 23]
142,6,17,[337, 651, 41, 355, 76, 23]
143,6,14,[337, 651, 41, 355, 76, 23]
144,6,14,[337, 651, 41, 355, 76, 23]
145,6,19,[337, 651, 41, 355, 76, 23]
146,6,18,[337, 651, 41, 355, 76, 23]
147,6,18,[337, 651, 41, 355, 76, 23]
148,6,6,[355, 76, 23, 337, 651, 41]
149,6,24,[337, 651, 41, 355, 76, 23]
150,6,14,[337, 651, 41, 355, 76, 23]
151,6,16,[337, 651, 41, 355, 76, 23]
152,6,19,[337, 651, 41, 355, 76, 23]
153,6,6,[337, 651, 41, 355, 76, 23]
154,6,14,[337, 651, 41, 355, 76, 23]
155,6,19,[337, 651, 41, 355, 76, 23]
156,6,14,[337, 651, 41, 355, 76, 23]
157,6,16,[337, 651, 41, 355, 76, 23]
158,6,19,[337, 651, 41, 355, 76, 23]
159,6,18,[337, 651, 41, 355, 76, 23]
160,6,14,[337, 651, 41, 355, 76, 23]
161,6,19,[337, 651, 41, 355, 76, 23]
162,6,14,[337, 651, 41, 355, 76, 23]
163,6,24,[337, 651, 41, 355, 76, 23]
164,6,9,[337, 651, 41, 355, 76, 23]
165,6,18,[337, 651, 41, 355, 76, 23]
166,6,19,[337, 651, 41, 355, 76, 23]
167,6,20,[337, 651, 41, 355, 76, 23]
168,6,14,[337, 651, 41, 355, 76, 23]
169,6,15,[337, 651, 41, 355, 76, 23]
170,6,14,[337, 651, 41, 355, 76, 23]
171,6,19,[337, 651, 41, 355, 76, 23]
172,6,22,[337, 651, 41, 355, 76, 23]
173,6,17,[337, 651, 41, 355, 76, 23]
174,6,19,[337, 651, 41, 355, 76, 23]
175,6,18,[337, 651, 41, 355, 76, 23]
176,6,18,[337, 651, 41, 355, 76, 23]
177,6,16,[337, 651, 41, 355, 76, 23]
178,6,15,[337, 651, 41, 355, 76, 23]
179,6,21,[337, 651, 41, 355, 76, 23]
180,6,14,[337, 651, 41, 355, 76, 23]
181,6,19,[337, 651, 41, 355, 76, 23]
182,6,18,[337, 651, 41, 355, 76, 23]
183,6,19,[337, 651, 41, 355, 76, 23]
184,6,21,[337, 651, 41, 355, 76, 23]
185,6,19,[337, 651, 41, 355, 76, 23]
186,6,19,[337, 651, 41, 355, 76, 23]
187,6,9,[337, 651, 41, 355, 76, 23]
188,6,15,[337, 651, 41, 355, 76, 23]
189,6,14,[337, 651, 41, 355, 76, 23]
190,6,15,[337, 651, 41, 355, 76, 23]
191,6,17,[337, 651, 41, 355, 76, 23]
192,6,14,[337, 651, 41, 355, 76, 23]
193,6,22,[337, 651, 41, 355, 76, 23]
194,6,19,[337, 651, 41, 355, 76, 23]
195,6,19,[337, 651, 41, 355, 76, 23]
196,6,14,[337, 651, 41, 355, 76, 23]
197,6,19,[337, 651, 41, 355, 76, 23]
198,6,18,[337, 651, 41, 355, 76, 23]
199,6,10,[337, 651, 41, 355, 76, 23]
200,6,14,[337, 651, 41, 355, 76, 23]
