1,1,0,[1]
2,7,12,[5, 37, 69, 26, 15, 8, 6]
3,7,12,[6, 5, 37, 69, 26, 15, 8]
4,1,0,[4]
5,7,6,[37, 69, 26, 15, 8, 6, 5]
6,7,6,[5, 37, 69, 26, 15, 8, 6]
7,7,9,[6, 5, 37, 69, 26, 15, 8]
8,7,6,[6, 5, 37, 69, 26, 15, 8]
9,7,7,[5, 37, 69, 26, 15, 8, 6]
10,7,10,[6, 5, 37, 69, 26, 15, 8]
11,5,4,[43, 75, 13, 45, 11]
12,7,10,[6, 5, 37, 69, 26, 15, 8]
13,5,4,[45, 11, 43, 75, 13]
14,7,8,[5, 37, 69, 26, 15, 8, 6]
15,7,6,[8, 6, 5, 37, 69, 26, 15]
16,7,7,[6, 5, 37, 69, 26, 15, 8]
17,7,10,[5, 37, 69, 26, 15, 8, 6]
18,7,7,[6, 5, 37, 69, 26, 15, 8]
19,7,10,[5, 37, 69, 26, 15, 8, 6]
20,7,8,[5, 37, 69, 26, 15, 8, 6]
21,7,11,[6, 5, 37, 69, 26, 15, 8]
22,5,5,[45, 11, 43, 75, 13]
23,7,9,[6, 5, 37, 69, 26, 15, 8]
24,7,8,[5, 37, 69, 26, 15, 8, 6]
25,7,11,[6, 5, 37, 69, 26, 15, 8]
26,7,6,[15, 8, 6, 5, 37, 69, 26]
27,7,8,[5, 37, 69, 26, 15, 8, 6]
28,5,5,[43, 75, 13, 45, 11]
29,7,14,[5, 37, 69, 26, 15, 8, 6]
30,7,11,[6, 5, 37, 69, 26, 15, 8]
31,5,6,[45, 11, 43, 75, 13]
32,7,11,[6, 5, 37, 69, 26, 15, 8]
33,7,9,[5, 37, 69, 26, 15, 8, 6]
34,7,11,[5, 37, 69, 26, 15, 8, 6]
35,7,11,[6, 5, 37, 69, 26, 15, 8]
36,7,11,[6, 5, 37, 69, 26, 15, 8]
37,7,6,[69, 26, 15, 8, 6, 5, 37]
38,7,12,[6, 5, 37, 69, 26, 15, 8]
39,7,8,[6, 5, 37, 69, 26, 15, 8]
40,5,5,[43, 75, 13, 45, 11]
41,7,9,[8, 6, 5, 37, 69, 26, 15]
42,7,11,[6, 5, 37, 69, 26, 15, 8]
43,5,4,[75, 13, 45, 11, 43]
44,7,7,[8, 6, 5, 37, 69, 26, 15]
45,5,4,[11, 43, 75, 13, 45]
46,7,12,[6, 5, 37, 69, 26, 15, 8]
47,5,8,[43, 75, 13, 45, 11]
48,5,5,[43, 75, 13, 45, 11]
49,7,9,[5, 37, 69, 26, 15, 8, 6]
50,7,11,[6, 5, 37, 69, 26, 15, 8]
51,7,9,[5, 37, 69, 26, 15, 8, 6]
52,7,11,[5, 37, 69, 26, 15, 8, 6]
53,5,7,[45, 11, 43, 75, 13]
54,5,5,[43, 75, 13, 45, 11]
55,7,8,[6, 5, 37, 69, 26, 15, 8]
56,5,5,[45, 11, 43, 75, 13]
57,5,6,[45, 11, 43, 75, 13]
58,5,7,[45, 11, 43, 75, 13]
59,7,10,[5, 37, 69, 26, 15, 8, 6]
60,7,11,[6, 5, 37, 69, 26, 15, 8]
61,7,13,[5, 37, 69, 26, 15, 8, 6]
62,7,10,[5, 37, 69, 26, 15, 8, 6]
63,5,5,[45, 11, 43, 75, 13]
64,7,11,[6, 5, 37, 69, 26, 15, 8]
65,7,8,[6, 5, 37, 69, 26, 15, 8]
66,7,8,[6, 5, 37, 69, 26, 15, 8]
67,7,12,[5, 37, 69, 26, 15, 8, 6]
68,7,12,[6, 5, 37, 69, 26, 15, 8]
69,7,6,[26, 15, 8, 6, 5, 37, 69]
70,7,9,[5, 37, 69, 26, 15, 8, 6]
71,7,11,[5, 37, 69, 26, 15, 8, 6]
72,7,11,[6, 5, 37, 69, 26, 15, 8]
73,7,8,[8, 6, 5, 37, 69, 26, 15]
74,7,9,[6, 5, 37, 69, 26, 15, 8]
75,5,4,[13, 45, 11, 43, 75]
76,7,10,[6, 5, 37, 69, 26, 15, 8]
77,7,8,[6, 5, 37, 69, 26, 15, 8]
78,7,8,[6, 5, 37, 69, 26, 15, 8]
79,5,7,[43, 75, 13, 45, 11]
80,5,5,[45, 11, 43, 75, 13]
81,7,11,[6, 5, 37, 69, 26, 15, 8]
82,5,5,[75, 13, 45, 11, 43]
83,5,7,[43, 75, 13, 45, 11]
84,7,9,[5, 37, 69, 26, 15, 8, 6]
85,5,6,[45, 11, 43, 75, 13]
86,5,5,[11, 43, 75, 13, 45]
87,7,12,[6, 5, 37, 69, 26, 15, 8]
88,7,11,[5, 37, 69, 26, 15, 8, 6]
89,5,7,[45, 11, 43, 75, 13]
90,5,5,[45, 11, 43, 75, 13]
91,7,9,[5, 37, 69, 26, 15, 8, 6]
92,7,9,[5, 37, 69, 26, 15, 8, 6]
93,7,12,[5, 37, 69, 26, 15, 8, 6]
94,7,10,[5, 37, 69, 26, 15, 8, 6]
95,7,9,[5, 37, 69, 26, 15, 8, 6]
96,5,5,[45, 11, 43, 75, 13]
97,7,14,[6, 5, 37, 69, 26, 15, 8]
98,7,8,[6, 5, 37, 69, 26, 15, 8]
99,7,11,[5, 37, 69, 26, 15, 8, 6]
100,7,9,[5, 37, 69, 26, 15, 8, 6]
101,7,8,[15, 8, 6, 5, 37, 69, 26]
102,5,6,[45, 11, 43, 75, 13]
103,7,10,[5, 37, 69, 26, 15, 8, 6]
104,7,11,[5, 37, 69, 26, 15, 8, 6]
105,7,7,[8, 6, 5, 37, 69, 26, 15]
106,7,9,[6, 5, 37, 69, 26, 15, 8]
107,7,14,[6, 5, 37, 69, 26, 15, 8]
108,5,5,[45, 11, 43, 75, 13]
109,7,13,[6, 5, 37, 69, 26, 15, 8]
110,7,8,[6, 5, 37, 69, 26, 15, 8]
111,5,6,[43, 75, 13, 45, 11]
112,7,7,[8, 6, 5, 37, 69, 26, 15]
113,7,13,[5, 37, 69, 26, 15, 8, 6]
114,7,9,[5, 37, 69, 26, 15, 8, 6]
115,5,6,[43, 75, 13, 45, 11]
116,7,10,[5, 37, 69, 26, 15, 8, 6]
117,7,11,[5, 37, 69, 26, 15, 8, 6]
118,7,14,[5, 37, 69, 26, 15, 8, 6]
119,7,9,[5, 37, 69, 26, 15, 8, 6]
120,7,9,[5, 37, 69, 26, 15, 8, 6]
121,5,6,[45, 11, 43, 75, 13]
122,5,6,[45, 11, 43, 75, 13]
123,7,8,[8, 6, 5, 37, 69, 26, 15]
124,7,12,[6, 5, 37, 69, 26, 15, 8]
125,7,7,[8, 6, 5, 37, 69, 26, 15]
126,7,7,[8, 6, 5, 37, 69, 26, 15]
127,5,7,[45, 11, 43, 75, 13]
128,7,9,[5, 37, 69, 26, 15, 8, 6]
129,7,13,[6, 5, 37, 69, 26, 15, 8]
130,7,9,[5, 37, 69, 26, 15, 8, 6]
131,7,14,[6, 5, 37, 69, 26, 15, 8]
132,7,8,[6, 5, 37, 69, 26, 15, 8]
133,7,7,[15, 8, 6, 5, 37, 69, 26]
134,7,7,[26, 15, 8, 6, 5, 37, 69]
135,7,9,[5, 37, 69, 26, 15, 8, 6]
136,7,10,[6, 5, 37, 69, 26, 15, 8]
137,7,8,[15, 8, 6, 5, 37, 69, 26]
138,5,6,[43, 75, 13, 45, 11]
139,7,13,[6, 5, 37, 69, 26, 15, 8]
140,7,8,[6, 5, 37, 69, 26, 15, 8]
141,7,12,[6, 5, 37, 69, 26, 15, 8]
142,7,9,[8, 6, 5, 37, 69, 26, 15]
143,7,9,[5, 37, 69, 26, 15, 8, 6]
144,7,9,[5, 37, 69, 26, 15, 8, 6]
145,7,12,[5, 37, 69, 26, 15, 8, 6]
146,5,5,[13, 45, 11, 43, 75]
147,7,11,[5, 37, 69, 26, 15, 8, 6]
148,7,10,[8, 6, 5, 37, 69, 26, 15]
149,7,12,[6, 5, 37, 69, 26, 15, 8]
150,7,7,[8, 6, 5, 37, 69, 26, 15]
151,7,13,[6, 5, 37, 69, 26, 15, 8]
152,7,12,[6, 5, 37, 69, 26, 15, 8]
153,7,10,[6, 5, 37, 69, 26, 15, 8]
154,7,9,[5, 37, 69, 26, 15, 8, 6]
155,7,12,[6, 5, 37, 69, 26, 15, 8]
156,7,9,[5, 37, 69, 26, 15, 8, 6]
157,7,9,[6, 5, 37, 69, 26, 15, 8]
158,7,12,[6, 5, 37, 69, 26, 15, 8]
159,5,6,[45, 11, 43, 75, 13]
160,7,7,[8, 6, 5, 37, 69, 26, 15]
161,7,12,[6, 5, 37, 69, 26, 15, 8]
162,7,9,[5, 37, 69, 26, 15, 8, 6]
163,7,13,[6, 5, 37, 69, 26, 15, 8]
164,5,5,[11, 43, 75, 13, 45]
165,7,11,[5, 37, 69, 26, 15, 8, 6]
166,5,7,[45, 11, 43, 75, 13]
167,7,14,[6, 5, 37, 69, 26, 15, 8]
168,7,8,[6, 5, 37, 69, 26, 15, 8]
169,7,7,[15, 8, 6, 5, 37, 69, 26]
170,7,9,[5, 37, 69, 26, 15, 8, 6]
171,7,12,[6, 5, 37, 69, 26, 15, 8]
172,5,9,[43, 75, 13, 45, 11]
173,7,14,[6, 5, 37, 69, 26, 15, 8]
174,7,12,[5, 37, 69, 26, 15, 8, 6]
175,7,11,[5, 37, 69, 26, 15, 8, 6]
176,7,11,[5, 37, 69, 26, 15, 8, 6]
177,7,11,[5, 37, 69, 26, 15, 8, 6]
178,7,10,[5, 37, 69, 26, 15, 8, 6]
179,7,9,[8, 6, 5, 37, 69, 26, 15]
180,7,7,[8, 6, 5, 37, 69, 26, 15]
181,7,11,[6, 5, 37, 69, 26, 15, 8]
182,5,6,[45, 11, 43, 75, 13]
183,7,12,[6, 5, 37, 69, 26, 15, 8]
184,7,15,[5, 37, 69, 26, 15, 8, 6]
185,7,12,[6, 5, 37, 69, 26, 15, 8]
186,7,12,[6, 5, 37, 69, 26, 15, 8]
187,5,6,[43, 75, 13, 45, 11]
188,7,10,[5, 37, 69, 26, 15, 8, 6]
189,7,8,[6, 5, 37, 69, 26, 15, 8]
190,7,7,[15, 8, 6, 5, 37, 69, 26]
191,7,14,[6, 5, 37, 69, 26, 15, 8]
192,7,7,[8, 6, 5, 37, 69, 26, 15]
193,7,9,[6, 5, 37, 69, 26, 15, 8]
194,7,12,[5, 37, 69, 26, 15, 8, 6]
195,7,12,[6, 5, 37, 69, 26, 15, 8]
196,7,8,[6, 5, 37, 69, 26, 15, 8]
197,7,14,[6, 5, 37, 69, 26, 15, 8]
198,7,11,[5, 37, 69, 26, 15, 8, 6]
199,7,13,[6, 5, 37, 69, 26, 15, 8]
200,7,8,[6, 5, 37, 69, 26, 15, 8]
