1,1,0,[1]
2,3,27,[476, 28, 11]
3,3,19,[476, 28, 11]
4,1,0,[4]
5,3,5,[476, 28, 11]
6,3,6,[476, 28, 11]
7,3,11,[476, 28, 11]
8,3,7,[476, 28, 11]
9,3,7,[476, 28, 11]
10,3,12,[476, 28, 11]
11,3,2,[476, 28, 11]
12,3,12,[476, 28, 11]
13,3,23,[476, 28, 11]
14,3,8,[476, 28, 11]
15,3,8,[476, 28, 11]
16,3,8,[476, 28, 11]
17,3,11,[476, 28, 11]
18,3,8,[476, 28, 11]
19,3,11,[476, 28, 11]
20,3,8,[476, 28, 11]
21,3,13,[476, 28, 11]
22,3,24,[476, 28, 11]
23,3,17,[476, 28, 11]
24,3,8,[476, 28, 11]
25,3,13,[476, 28, 11]
26,3,9,[476, 28, 11]
27,3,8,[476, 28, 11]
28,3,2,[11, 476, 28]
29,3,14,[476, 28, 11]
30,3,13,[476, 28, 11]
31,3,11,[476, 28, 11]
32,3,13,[476, 28, 11]
33,3,9,[476, 28, 11]
34,3,12,[476, 28, 11]
35,3,13,[476, 28, 11]
36,3,13,[476, 28, 11]
37,3,15,[476, 28, 11]
38,3,14,[476, 28, 11]
39,3,9,[476, 28, 11]
40,3,3,[476, 28, 11]
41,3,15,[476, 28, 11]
42,3,13,[476, 28, 11]
43,3,22,[476, 28, 11]
44,3,9,[476, 28, 11]
45,3,3,[476, 28, 11]
46,3,14,[476, 28, 11]
47,3,10,[476, 28, 11]
48,3,3,[476, 28, 11]
49,3,9,[476, 28, 11]
50,3,13,[476, 28, 11]
51,3,9,[476, 28, 11]
52,3,12,[476, 28, 11]
53,3,16,[476, 28, 11]
54,3,3,[476, 28, 11]
55,3,9,[476, 28, 11]
56,3,24,[476, 28, 11]
57,3,25,[476, 28, 11]
58,3,12,[476, 28, 11]
59,3,11,[476, 28, 11]
60,3,13,[476, 28, 11]
61,3,15,[476, 28, 11]
62,3,10,[476, 28, 11]
63,3,24,[476, 28, 11]
64,3,13,[476, 28, 11]
65,3,9,[476, 28, 11]
66,3,9,[476, 28, 11]
67,3,15,[476, 28, 11]
68,3,14,[476, 28, 11]
69,3,10,[476, 28, 11]
70,3,9,[476, 28, 11]
71,3,15,[476, 28, 11]
72,3,13,[476, 28, 11]
73,3,13,[476, 28, 11]
74,3,10,[476, 28, 11]
75,3,24,[476, 28, 11]
76,3,18,[476, 28, 11]
77,3,9,[476, 28, 11]
78,3,9,[476, 28, 11]
79,3,10,[476, 28, 11]
80,3,24,[476, 28, 11]
81,3,13,[476, 28, 11]
82,3,23,[476, 28, 11]
83,3,16,[476, 28, 11]
84,3,9,[476, 28, 11]
85,3,25,[476, 28, 11]
86,3,4,[476, 28, 11]
87,3,14,[476, 28, 11]
88,3,12,[476, 28, 11]
89,3,18,[476, 28, 11]
90,3,24,[476, 28, 11]
91,3,9,[476, 28, 11]
92,3,9,[476, 28, 11]
93,3,13,[476, 28, 11]
94,3,10,[476, 28, 11]
95,3,9,[476, 28, 11]
96,3,24,[476, 28, 11]
97,3,17,[476, 28, 11]
98,3,9,[476, 28, 11]
99,3,12,[476, 28, 11]
100,3,9,[476, 28, 11]
101,3,11,[476, 28, 11]
102,3,25,[476, 28, 11]
103,3,11,[476, 28, 11]
104,3,12,[476, 28, 11]
105,3,9,[476, 28, 11]
106,3,10,[476, 28, 11]
107,3,4,[11, 476, 28]
108,3,24,[476, 28, 11]
109,3,15,[476, 28, 11]
110,3,9,[476, 28, 11]
111,3,4,[476, 28, 11]
112,3,9,[476, 28, 11]
113,3,15,[476, 28, 11]
114,3,9,[476, 28, 11]
115,3,3,[11, 476, 28]
116,3,10,[476, 28, 11]
117,3,12,[476, 28, 11]
118,3,16,[476, 28, 11]
119,3,9,[476, 28, 11]
120,3,9,[476, 28, 11]
121,3,25,[476, 28, 11]
122,3,25,[476, 28, 11]
123,3,10,[476, 28, 11]
124,3,14,[476, 28, 11]
125,3,9,[476, 28, 11]
126,3,9,[476, 28, 11]
127,3,5,[476, 28, 11]
128,3,9,[476, 28, 11]
129,3,15,[476, 28, 11]
130,3,9,[476, 28, 11]
131,3,20,[476, 28, 11]
132,3,9,[476, 28, 11]
133,3,10,[476, 28, 11]
134,3,11,[476, 28, 11]
135,3,9,[476, 28, 11]
136,3,18,[476, 28, 11]
137,3,14,[476, 28, 11]
138,3,3,[11, 476, 28]
139,3,16,[476, 28, 11]
140,3,9,[476, 28, 11]
141,3,14,[476, 28, 11]
142,3,14,[476, 28, 11]
143,3,9,[476, 28, 11]
144,3,9,[476, 28, 11]
145,3,13,[476, 28, 11]
146,3,25,[476, 28, 11]
147,3,12,[476, 28, 11]
148,3,16,[476, 28, 11]
149,3,13,[476, 28, 11]
150,3,9,[476, 28, 11]
151,3,10,[476, 28, 11]
152,3,14,[476, 28, 11]
153,3,18,[476, 28, 11]
154,3,9,[476, 28, 11]
155,3,14,[476, 28, 11]
156,3,9,[476, 28, 11]
157,3,8,[476, 28, 11]
158,3,14,[476, 28, 11]
159,3,25,[476, 28, 11]
160,3,9,[476, 28, 11]
161,3,14,[476, 28, 11]
162,3,9,[476, 28, 11]
163,3,16,[476, 28, 11]
164,3,4,[476, 28, 11]
165,3,12,[476, 28, 11]
166,3,26,[476, 28, 11]
167,3,27,[476, 28, 11]
168,3,9,[476, 28, 11]
169,3,10,[476, 28, 11]
170,3,9,[476, 28, 11]
171,3,14,[476, 28, 11]
172,3,11,[476, 28, 11]
173,3,15,[476, 28, 11]
174,3,13,[476, 28, 11]
175,3,12,[476, 28, 11]
176,3,12,[476, 28, 11]
177,3,11,[476, 28, 11]
178,3,10,[476, 28, 11]
179,3,14,[476, 28, 11]
180,3,9,[476, 28, 11]
181,3,16,[476, 28, 11]
182,3,25,[476, 28, 11]
183,3,14,[476, 28, 11]
184,3,15,[476, 28, 11]
185,3,14,[476, 28, 11]
186,3,14,[476, 28, 11]
187,3,3,[11, 476, 28]
188,3,10,[476, 28, 11]
189,3,9,[476, 28, 11]
190,3,10,[476, 28, 11]
191,3,11,[476, 28, 11]
192,3,9,[476, 28, 11]
193,3,26,[476, 28, 11]
194,3,13,[476, 28, 11]
195,3,14,[476, 28, 11]
196,3,9,[476, 28, 11]
197,3,25,[476, 28, 11]
198,3,12,[476, 28, 11]
199,3,20,[476, 28, 11]
200,3,9,[476, 28, 11]
