1,1,0,[1]
2,5,13,[6, 5, 55, 16, 8]
3,5,13,[6, 5, 55, 16, 8]
4,1,0,[4]
5,5,4,[55, 16, 8, 6, 5]
6,5,4,[5, 55, 16, 8, 6]
7,2,4,[63, 13]
8,5,4,[6, 5, 55, 16, 8]
9,5,5,[5, 55, 16, 8, 6]
10,2,5,[63, 13]
11,4,3,[61, 111, 40, 11]
12,2,5,[63, 13]
13,2,1,[63, 13]
14,5,6,[5, 55, 16, 8, 6]
15,5,5,[6, 5, 55, 16, 8]
16,5,4,[8, 6, 5, 55, 16]
17,5,11,[6, 5, 55, 16, 8]
18,5,5,[6, 5, 55, 16, 8]
19,5,8,[6, 5, 55, 16, 8]
20,5,6,[5, 55, 16, 8, 6]
21,2,6,[63, 13]
22,2,2,[63, 13]
23,5,9,[6, 5, 55, 16, 8]
24,5,6,[5, 55, 16, 8, 6]
25,2,6,[63, 13]
26,5,6,[6, 5, 55, 16, 8]
27,5,6,[5, 55, 16, 8, 6]
28,4,4,[61, 111, 40, 11]
29,2,10,[63, 13]
30,2,6,[63, 13]
31,2,7,[63, 13]
32,2,6,[63, 13]
33,5,7,[5, 55, 16, 8, 6]
34,5,9,[6, 5, 55, 16, 8]
35,2,6,[63, 13]
36,2,6,[63, 13]
37,2,8,[63, 13]
38,2,7,[63, 13]
39,5,5,[8, 6, 5, 55, 16]
40,4,3,[11, 61, 111, 40]
41,5,8,[5, 55, 16, 8, 6]
42,2,6,[63, 13]
43,5,11,[6, 5, 55, 16, 8]
44,5,6,[6, 5, 55, 16, 8]
45,4,4,[61, 111, 40, 11]
46,2,7,[63, 13]
47,5,14,[6, 5, 55, 16, 8]
48,4,4,[61, 111, 40, 11]
49,5,7,[5, 55, 16, 8, 6]
50,2,6,[63, 13]
51,5,7,[5, 55, 16, 8, 6]
52,5,12,[6, 5, 55, 16, 8]
53,5,12,[6, 5, 55, 16, 8]
54,4,4,[61, 111, 40, 11]
55,5,4,[16, 8, 6, 5, 55]
56,2,2,[63, 13]
57,2,3,[63, 13]
58,2,8,[63, 13]
59,2,5,[63, 13]
60,2,6,[63, 13]
61,4,3,[111, 40, 11, 61]
62,5,8,[5, 55, 16, 8, 6]
63,2,1,[13, 63]
64,2,6,[63, 13]
65,5,6,[6, 5, 55, 16, 8]
66,5,5,[8, 6, 5, 55, 16]
67,5,10,[6, 5, 55, 16, 8]
68,2,7,[63, 13]
69,5,7,[6, 5, 55, 16, 8]
70,5,7,[5, 55, 16, 8, 6]
71,2,4,[63, 13]
72,2,6,[63, 13]
73,5,8,[6, 5, 55, 16, 8]
74,5,6,[8, 6, 5, 55, 16]
75,2,2,[63, 13]
76,5,10,[6, 5, 55, 16, 8]
77,5,6,[6, 5, 55, 16, 8]
78,5,6,[6, 5, 55, 16, 8]
79,2,9,[63, 13]
80,2,2,[63, 13]
81,2,6,[63, 13]
82,5,12,[6, 5, 55, 16, 8]
83,5,8,[6, 5, 55, 16, 8]
84,5,7,[5, 55, 16, 8, 6]
85,2,3,[63, 13]
86,4,5,[61, 111, 40, 11]
87,2,7,[63, 13]
88,5,12,[6, 5, 55, 16, 8]
89,5,7,[8, 6, 5, 55, 16]
90,2,2,[63, 13]
91,5,7,[5, 55, 16, 8, 6]
92,5,7,[5, 55, 16, 8, 6]
93,5,10,[6, 5, 55, 16, 8]
94,5,8,[5, 55, 16, 8, 6]
95,5,7,[5, 55, 16, 8, 6]
96,2,2,[63, 13]
97,5,13,[6, 5, 55, 16, 8]
98,5,5,[8, 6, 5, 55, 16]
99,5,12,[6, 5, 55, 16, 8]
100,5,7,[5, 55, 16, 8, 6]
101,5,10,[5, 55, 16, 8, 6]
102,2,3,[63, 13]
103,5,11,[6, 5, 55, 16, 8]
104,5,9,[6, 5, 55, 16, 8]
105,5,6,[6, 5, 55, 16, 8]
106,5,5,[16, 8, 6, 5, 55]
107,2,13,[63, 13]
108,2,2,[63, 13]
109,2,4,[63, 13]
110,5,6,[6, 5, 55, 16, 8]
111,4,3,[40, 11, 61, 111]
112,5,6,[6, 5, 55, 16, 8]
113,5,9,[8, 6, 5, 55, 16]
114,5,7,[5, 55, 16, 8, 6]
115,4,5,[61, 111, 40, 11]
116,5,8,[5, 55, 16, 8, 6]
117,5,9,[6, 5, 55, 16, 8]
118,4,4,[111, 40, 11, 61]
119,5,7,[5, 55, 16, 8, 6]
120,5,7,[5, 55, 16, 8, 6]
121,2,3,[63, 13]
122,2,2,[13, 63]
123,5,7,[6, 5, 55, 16, 8]
124,2,7,[63, 13]
125,5,6,[6, 5, 55, 16, 8]
126,5,6,[6, 5, 55, 16, 8]
127,5,10,[5, 55, 16, 8, 6]
128,5,7,[5, 55, 16, 8, 6]
129,2,8,[63, 13]
130,5,7,[5, 55, 16, 8, 6]
131,2,9,[63, 13]
132,5,6,[6, 5, 55, 16, 8]
133,5,7,[6, 5, 55, 16, 8]
134,5,8,[6, 5, 55, 16, 8]
135,5,7,[5, 55, 16, 8, 6]
136,5,10,[6, 5, 55, 16, 8]
137,4,6,[61, 111, 40, 11]
138,4,5,[61, 111, 40, 11]
139,5,6,[8, 6, 5, 55, 16]
140,5,5,[8, 6, 5, 55, 16]
141,2,7,[63, 13]
142,5,9,[6, 5, 55, 16, 8]
143,5,7,[5, 55, 16, 8, 6]
144,5,7,[5, 55, 16, 8, 6]
145,5,10,[6, 5, 55, 16, 8]
146,2,3,[63, 13]
147,5,12,[6, 5, 55, 16, 8]
148,5,9,[5, 55, 16, 8, 6]
149,4,8,[61, 111, 40, 11]
150,5,6,[6, 5, 55, 16, 8]
151,5,9,[5, 55, 16, 8, 6]
152,2,7,[63, 13]
153,5,10,[6, 5, 55, 16, 8]
154,5,7,[5, 55, 16, 8, 6]
155,2,7,[63, 13]
156,5,7,[5, 55, 16, 8, 6]
157,2,12,[63, 13]
158,2,7,[63, 13]
159,2,3,[63, 13]
160,5,6,[6, 5, 55, 16, 8]
161,2,7,[63, 13]
162,5,7,[5, 55, 16, 8, 6]
163,5,8,[8, 6, 5, 55, 16]
164,4,5,[61, 111, 40, 11]
165,5,9,[6, 5, 55, 16, 8]
166,2,4,[63, 13]
167,2,9,[63, 13]
168,5,5,[8, 6, 5, 55, 16]
169,5,7,[6, 5, 55, 16, 8]
170,5,7,[5, 55, 16, 8, 6]
171,2,7,[63, 13]
172,5,15,[6, 5, 55, 16, 8]
173,5,12,[6, 5, 55, 16, 8]
174,5,10,[6, 5, 55, 16, 8]
175,5,12,[6, 5, 55, 16, 8]
176,5,9,[6, 5, 55, 16, 8]
177,5,9,[5, 55, 16, 8, 6]
178,5,8,[5, 55, 16, 8, 6]
179,2,11,[63, 13]
180,5,6,[6, 5, 55, 16, 8]
181,2,8,[63, 13]
182,2,3,[63, 13]
183,2,7,[63, 13]
184,2,11,[63, 13]
185,2,7,[63, 13]
186,2,7,[63, 13]
187,4,5,[61, 111, 40, 11]
188,5,8,[5, 55, 16, 8, 6]
189,5,5,[8, 6, 5, 55, 16]
190,5,7,[6, 5, 55, 16, 8]
191,5,10,[5, 55, 16, 8, 6]
192,5,6,[6, 5, 55, 16, 8]
193,5,7,[6, 5, 55, 16, 8]
194,5,13,[6, 5, 55, 16, 8]
195,2,7,[63, 13]
196,5,6,[6, 5, 55, 16, 8]
197,2,8,[63, 13]
198,5,9,[6, 5, 55, 16, 8]
199,4,7,[61, 111, 40, 11]
200,5,5,[8, 6, 5, 55, 16]
