1,1,0,[1],[0]
2,12,16,[5, 6, 8, 16, 41, 55, 103, 202, 985, 1021, 1083, 2001],[1, 0, 0, 0, 1, 0, 1, 0, 0, 1, 0, 0]
3,7,4,[11, 43, 45, 82, 991, 1023, 1971],[1, 1, 0, 0, 1, 0, 0]
4,1,0,[4],[0]
5,12,0,[5, 6, 8, 16, 41, 55, 103, 202, 985, 1021, 1083, 2001],[1, 0, 0, 0, 1, 0, 1, 0, 0, 1, 0, 0]
6,12,0,[5, 6, 8, 16, 41, 55, 103, 202, 985, 1021, 1083, 2001],[1, 0, 0, 0, 1, 0, 1, 0, 0, 1, 0, 0]
7,12,10,[5, 6, 8, 16, 41, 55, 103, 202, 985, 1021, 1083, 2001],[1, 0, 0, 0, 1, 0, 1, 0, 0, 1, 0, 0]
8,12,0,[5, 6, 8, 16, 41, 55, 103, 202, 985, 1021, 1083, 2001],[1, 0, 0, 0, 1, 0, 1, 0, 0, 1, 0, 0]
9,12,1,[5, 6, 8, 16, 41, 55, 103, 202, 985, 1021, 1083, 2001],[1, 0, 0, 0, 1, 0, 1, 0, 0, 1, 0, 0]
10,12,11,[5, 6, 8, 16, 41, 55, 103, 202, 985, 1021, 1083, 2001],[1, 0, 0, 0, 1, 0, 1, 0, 0, 1, 0, 0]
11,7,0,[11, 43, 45, 82, 991, 1023, 1971],[1, 1, 0, 0, 1, 0, 0]
12,12,11,[5, 6, 8, 16, 41, 55, 103, 202, 985, 1021, 1083, 2001],[1, 0, 0, 0, 1, 0, 1, 0, 0, 1, 0, 0]
13,12,6,[5, 6, 8, 16, 41, 55, 103, 202, 985, 1021, 1083, 2001],[1, 0, 0, 0, 1, 0, 1, 0, 0, 1, 0, 0]
14,12,2,[5, 6, 8, 16, 41, 55, 103, 202, 985, 1021, 1083, 2001],[1, 0, 0, 0, 1, 0, 1, 0, 0, 1, 0, 0]
15,12,1,[5, 6, 8, 16, 41, 55, 103, 202, 985, 1021, 1083, 2001],[1, 0, 0, 0, 1, 0, 1, 0, 0, 1, 0, 0]
16,12,0,[5, 6, 8, 16, 41, 55, 103, 202, 985, 1021, 1083, 2001],[1, 0, 0, 0, 1, 0, 1, 0, 0, 1, 0, 0]
17,7,5,[11, 43, 45, 82, 991, 1023, 1971],[1, 1, 0, 0, 1, 0, 0]
18,12,1,[5, 6, 8, 16, 41, 55, 103, 202, 985, 1021, 1083, 2001],[1, 0, 0, 0, 1, 0, 1, 0, 0, 1, 0, 0]
19,12,15,[5, 6, 8, 16, 41, 55, 103, 202, 985, 1021, 1083, 2001],[1, 0, 0, 0, 1, 0, 1, 0, 0, 1, 0, 0]
20,12,2,[5, 6, 8, 16, 41, 55, 103, 202, 985, 1021, 1083, 2001],[1, 0, 0, 0, 1, 0, 1, 0, 0, 1, 0, 0]
21,12,12,[5, 6, 8, 16, 41, 55, 103, 202, 985, 1021, 1083, 2001],[1, 0, 0, 0, 1, 0, 1, 0, 0, 1, 0, 0]
22,12,7,[5, 6, 8, 16, 41, 55, 103, 202, 985, 1021, 1083, 2001],[1, 0, 0, 0, 1, 0, 1, 0, 0, 1, 0, 0]
23,3,0,[23, 76, 1003],[1, 0, 0]
24,12,2,[5, 6, 8, 16, 41, 55, 103, 202, 985, 1021, 1083, 2001],[1, 0, 0, 0, 1, 0, 1, 0, 0, 1, 0, 0]
25,12,12,[5, 6, 8, 16, 41, 55, 103, 202, 985, 1021, 1083, 2001],[1, 0, 0, 0, 1, 0, 1, 0, 0, 1, 0, 0]
26,12,2,[5, 6, 8, 16, 41, 55, 103, 202, 985, 1021, 1083, 2001],[1, 0, 0, 0, 1, 0, 1, 0, 0, 1, 0, 0]
27,12,2,[5, 6, 8, 16, 41, 55, 103, 202, 985, 1021, 1083, 2001],[1, 0, 0, 0, 1, 0, 1, 0, 0, 1, 0, 0]
28,7,1,[11, 43, 45, 82, 991, 1023, 1971],[1, 1, 0, 0, 1, 0, 0]
29,12,15,[5, 6, 8, 16, 41, 55, 103, 202, 985, 1021, 1083, 2001],[1, 0, 0, 0, 1, 0, 1, 0, 0, 1, 0, 0]
30,12,12,[5, 6, 8, 16, 41, 55, 103, 202, 985, 1021, 1083, 2001],[1, 0, 0, 0, 1, 0, 1, 0, 0, 1, 0, 0]
31,12,5,[5, 6, 8, 16, 41, 55, 103, 202, 985, 1021, 1083, 2001],[1, 0, 0, 0, 1, 0, 1, 0, 0, 1, 0, 0]
32,12,12,[5, 6, 8, 16, 41, 55, 103, 202, 985, 1021, 1083, 2001],[1, 0, 0, 0, 1, 0, 1, 0, 0, 1, 0, 0]
33,12,3,[5, 6, 8, 16, 41, 55, 103, 202, 985, 1021, 1083, 2001],[1, 0, 0, 0, 1, 0, 1, 0, 0, 1, 0, 0]
34,12,16,[5, 6, 8, 16, 41, 55, 103, 202, 985, 1021, 1083, 2001],[1, 0, 0, 0, 1, 0, 1, 0, 0, 1, 0, 0]
35,12,12,[5, 6, 8, 16, 41, 55, 103, 202, 985, 1021, 1083, 2001],[1, 0, 0, 0, 1, 0, 1, 0, 0, 1, 0, 0]
36,12,12,[5, 6, 8, 16, 41, 55, 103, 202, 985, 1021, 1083, 2001],[1, 0, 0, 0, 1, 0, 1, 0, 0, 1, 0, 0]
37,12,5,[5, 6, 8, 16, 41, 55, 103, 202, 985, 1021, 1083, 2001],[1, 0, 0, 0, 1, 0, 1, 0, 0, 1, 0, 0]
38,12,13,[5, 6, 8, 16, 41, 55, 103, 202, 985, 1021, 1083, 2001],[1, 0, 0, 0, 1, 0, 1, 0, 0, 1, 0, 0]
39,12,1,[5, 6, 8, 16, 41, 55, 103, 202, 985, 1021, 1083, 2001],[1, 0, 0, 0, 1, 0, 1, 0, 0, 1, 0, 0]
40,7,1,[11, 43, 45, 82, 991, 1023, 1971],[1, 1, 0, 0, 1, 0, 0]
41,12,0,[5, 6, 8, 16, 41, 55, 103, 202, 985, 1021, 1083, 2001],[1, 0, 0, 0, 1, 0, 1, 0, 0, 1, 0, 0]
42,12,12,[5, 6, 8, 16, 41, 55, 103, 202, 985, 1021, 1083, 2001],[1, 0, 0, 0, 1, 0, 1, 0, 0, 1, 0, 0]
43,7,0,[11, 43, 45, 82, 991, 1023, 1971],[1, 1, 0, 0, 1, 0, 0]
44,12,2,[5, 6, 8, 16, 41, 55, 103, 202, 985, 1021, 1083, 2001],[1, 0, 0, 0, 1, 0, 1, 0, 0, 1, 0, 0]
45,7,0,[11, 43, 45, 82, 991, 1023, 1971],[1, 1, 0, 0, 1, 0, 0]
46,12,13,[5, 6, 8, 16, 41, 55, 103, 202, 985, 1021, 1083, 2001],[1, 0, 0, 0, 1, 0, 1, 0, 0, 1, 0, 0]
47,12,5,[5, 6, 8, 16, 41, 55, 103, 202, 985, 1021, 1083, 2001],[1, 0, 0, 0, 1, 0, 1, 0, 0, 1, 0, 0]
48,7,1,[11, 43, 45, 82, 991, 1023, 1971],[1, 1, 0, 0, 1, 0, 0]
49,12,3,[5, 6, 8, 16, 41, 55, 103, 202, 985, 1021, 1083, 2001],[1, 0, 0, 0, 1, 0, 1, 0, 0, 1, 0, 0]
50,12,12,[5, 6, 8, 16, 41, 55, 103, 202, 985, 1021, 1083, 2001],[1, 0, 0, 0, 1, 0, 1, 0, 0, 1, 0, 0]
51,12,3,[5, 6, 8, 16, 41, 55, 103, 202, 985, 1021, 1083, 2001],[1, 0, 0, 0, 1, 0, 1, 0, 0, 1, 0, 0]
52,7,6,[11, 43, 45, 82, 991, 1023, 1971],[1, 1, 0, 0, 1, 0, 0]
53,12,10,[5, 6, 8, 16, 41, 55, 103, 202, 985, 1021, 1083, 2001],[1, 0, 0, 0, 1, 0, 1, 0, 0, 1, 0, 0]
54,7,1,[11, 43, 45, 82, 991, 1023, 1971],[1, 1, 0, 0, 1, 0, 0]
55,12,0,[5, 6, 8, 16, 41, 55, 103, 202, 985, 1021, 1083, 2001],[1, 0, 0, 0, 1, 0, 1, 0, 0, 1, 0, 0]
56,12,7,[5, 6, 8, 16, 41, 55, 103, 202, 985, 1021, 1083, 2001],[1, 0, 0, 0, 1, 0, 1, 0, 0, 1, 0, 0]
57,12,8,[5, 6, 8, 16, 41, 55, 103, 202, 985, 1021, 1083, 2001],[1, 0, 0, 0, 1, 0, 1, 0, 0, 1, 0, 0]
58,12,6,[5, 6, 8, 16, 41, 55, 103, 202, 985, 1021, 1083, 2001],[1, 0, 0, 0, 1, 0, 1, 0, 0, 1, 0, 0]
59,12,16,[5, 6, 8, 16, 41, 55, 103, 202, 985, 1021, 1083, 2001],[1, 0, 0, 0, 1, 0, 1, 0, 0, 1, 0, 0]
60,12,12,[5, 6, 8, 16, 41, 55, 103, 202, 985, 1021, 1083, 2001],[1, 0, 0, 0, 1, 0, 1, 0, 0, 1, 0, 0]
61,12,18,[5, 6, 8, 16, 41, 55, 103, 202, 985, 1021, 1083, 2001],[1, 0, 0, 0, 1, 0, 1, 0, 0, 1, 0, 0]
62,12,4,[5, 6, 8, 16, 41, 55, 103, 202, 985, 1021, 1083, 2001],[1, 0, 0, 0, 1, 0, 1, 0, 0, 1, 0, 0]
63,12,7,[5, 6, 8, 16, 41, 55, 103, 202, 985, 1021, 1083, 2001],[1, 0, 0, 0, 1, 0, 1, 0, 0, 1, 0, 0]
64,12,12,[5, 6, 8, 16, 41, 55, 103, 202, 985, 1021, 1083, 2001],[1, 0, 0, 0, 1, 0, 1, 0, 0, 1, 0, 0]
65,12,2,[5, 6, 8, 16, 41, 55, 103, 202, 985, 1021, 1083, 2001],[1, 0, 0, 0, 1, 0, 1, 0, 0, 1, 0, 0]
66,12,1,[5, 6, 8, 16, 41, 55, 103, 202, 985, 1021, 1083, 2001],[1, 0, 0, 0, 1, 0, 1, 0, 0, 1, 0, 0]
67,12,15,[5, 6, 8, 16, 41, 55, 103, 202, 985, 1021, 1083, 2001],[1, 0, 0, 0, 1, 0, 1, 0, 0, 1, 0, 0]
68,12,13,[5, 6, 8, 16, 41, 55, 103, 202, 985, 1021, 1083, 2001],[1, 0, 0, 0, 1, 0, 1, 0, 0, 1, 0, 0]
69,12,3,[5, 6, 8, 16, 41, 55, 103, 202, 985, 1021, 1083, 2001],[1, 0, 0, 0, 1, 0, 1, 0, 0, 1, 0, 0]
70,12,3,[5, 6, 8, 16, 41, 55, 103, 202, 985, 1021, 1083, 2001],[1, 0, 0, 0, 1, 0, 1, 0, 0, 1, 0, 0]
71,7,5,[11, 43, 45, 82, 991, 1023, 1971],[1, 1, 0, 0, 1, 0, 0]
72,12,12,[5, 6, 8, 16, 41, 55, 103, 202, 985, 1021, 1083, 2001],[1, 0, 0, 0, 1, 0, 1, 0, 0, 1, 0, 0]
73,12,14,[5, 6, 8, 16, 41, 55, 103, 202, 985, 1021, 1083, 2001],[1, 0, 0, 0, 1, 0, 1, 0, 0, 1, 0, 0]
74,12,2,[5, 6, 8, 16, 41, 55, 103, 202, 985, 1021, 1083, 2001],[1, 0, 0, 0, 1, 0, 1, 0, 0, 1, 0, 0]
75,12,7,[5, 6, 8, 16, 41, 55, 103, 202, 985, 1021, 1083, 2001],[1, 0, 0, 0, 1, 0, 1, 0, 0, 1, 0, 0]
76,3,0,[23, 76, 1003],[1, 0, 0]
77,12,2,[5, 6, 8, 16, 41, 55, 103, 202, 985, 1021, 1083, 2001],[1, 0, 0, 0, 1, 0, 1, 0, 0, 1, 0, 0]
78,12,2,[5, 6, 8, 16, 41, 55, 103, 202, 985, 1021, 1083, 2001],[1, 0, 0, 0, 1, 0, 1, 0, 0, 1, 0, 0]
79,12,20,[5, 6, 8, 16, 41, 55, 103, 202, 985, 1021, 1083, 2001],[1, 0, 0, 0, 1, 0, 1, 0, 0, 1, 0, 0]
80,12,7,[5, 6, 8, 16, 41, 55, 103, 202, 985, 1021, 1083, 2001],[1, 0, 0, 0, 1, 0, 1, 0, 0, 1, 0, 0]
81,12,12,[5, 6, 8, 16, 41, 55, 103, 202, 985, 1021, 1083, 2001],[1, 0, 0, 0, 1, 0, 1, 0, 0, 1, 0, 0]
82,7,0,[11, 43, 45, 82, 991, 1023, 1971],[1, 1, 0, 0, 1, 0, 0]
83,12,13,[5, 6, 8, 16, 41, 55, 103, 202, 985, 1021, 1083, 2001],[1, 0, 0, 0, 1, 0, 1, 0, 0, 1, 0, 0]
84,12,3,[5, 6, 8, 16, 41, 55, 103, 202, 985, 1021, 1083, 2001],[1, 0, 0, 0, 1, 0, 1, 0, 0, 1, 0, 0]
85,12,8,[5, 6, 8, 16, 41, 55, 103, 202, 985, 1021, 1083, 2001],[1, 0, 0, 0, 1, 0, 1, 0, 0, 1, 0, 0]
86,7,1,[11, 43, 45, 82, 991, 1023, 1971],[1, 1, 0, 0, 1, 0, 0]
87,12,13,[5, 6, 8, 16, 41, 55, 103, 202, 985, 1021, 1083, 2001],[1, 0, 0, 0, 1, 0, 1, 0, 0, 1, 0, 0]
88,7,6,[11, 43, 45, 82, 991, 1023, 1971],[1, 1, 0, 0, 1, 0, 0]
89,3,4,[23, 76, 1003],[1, 0, 0]
90,12,7,[5, 6, 8, 16, 41, 55, 103, 202, 985, 1021, 1083, 2001],[1, 0, 0, 0, 1, 0, 1, 0, 0, 1, 0, 0]
91,12,3,[5, 6, 8, 16, 41, 55, 103, 202, 985, 1021, 1083, 2001],[1, 0, 0, 0, 1, 0, 1, 0, 0, 1, 0, 0]
92,12,3,[5, 6, 8, 16, 41, 55, 103, 202, 985, 1021, 1083, 2001],[1, 0, 0, 0, 1, 0, 1, 0, 0, 1, 0, 0]
93,12,17,[5, 6, 8, 16, 41, 55, 103, 202, 985, 1021, 1083, 2001],[1, 0, 0, 0, 1, 0, 1, 0, 0, 1, 0, 0]
94,12,4,[5, 6, 8, 16, 41, 55, 103, 202, 985, 1021, 1083, 2001],[1, 0, 0, 0, 1, 0, 1, 0, 0, 1, 0, 0]
95,12,3,[5, 6, 8, 16, 41, 55, 103, 202, 985, 1021, 1083, 2001],[1, 0, 0, 0, 1, 0, 1, 0, 0, 1, 0, 0]
96,12,7,[5, 6, 8, 16, 41, 55, 103, 202, 985, 1021, 1083, 2001],[1, 0, 0, 0, 1, 0, 1, 0, 0, 1, 0, 0]
97,12,16,[5, 6, 8, 16, 41, 55, 103, 202, 985, 1021, 1083, 2001],[1, 0, 0, 0, 1, 0, 1, 0, 0, 1, 0, 0]
98,12,1,[5, 6, 8, 16, 41, 55, 103, 202, 985, 1021, 1083, 2001],[1, 0, 0, 0, 1, 0, 1, 0, 0, 1, 0, 0]
99,7,6,[11, 43, 45, 82, 991, 1023, 1971],[1, 1, 0, 0, 1, 0, 0]
100,12,3,[5, 6, 8, 16, 41, 55, 103, 202, 985, 1021, 1083, 2001],[1, 0, 0, 0, 1, 0, 1, 0, 0, 1, 0, 0]
