1  1  [1]
2  9  [17, 29, 41, 53, 65, 18, 8, 6, 5]
3  9  [17, 29, 41, 53, 65, 18, 8, 6, 5]
4  1  [4]
5  9  [65, 18, 8, 6, 5, 17, 29, 41, 53]
6  9  [53, 65, 18, 8, 6, 5, 17, 29, 41]
7  9  [18, 8, 6, 5, 17, 29, 41, 53, 65]
8  9  [41, 53, 65, 18, 8, 6, 5, 17, 29]
9  9  [41, 53, 65, 18, 8, 6, 5, 17, 29]
10  9  [65, 18, 8, 6, 5, 17, 29, 41, 53]
11  9  [29, 41, 53, 65, 18, 8, 6, 5, 17]
12  9  [65, 18, 8, 6, 5, 17, 29, 41, 53]
13  9  [41, 53, 65, 18, 8, 6, 5, 17, 29]
14  9  [29, 41, 53, 65, 18, 8, 6, 5, 17]
15  9  [29, 41, 53, 65, 18, 8, 6, 5, 17]
16  9  [29, 41, 53, 65, 18, 8, 6, 5, 17]
17  9  [18, 8, 6, 5, 17, 29, 41, 53, 65]
18  9  [29, 41, 53, 65, 18, 8, 6, 5, 17]
19  9  [8, 6, 5, 17, 29, 41, 53, 65, 18]
20  9  [29, 41, 53, 65, 18, 8, 6, 5, 17]
21  9  [53, 65, 18, 8, 6, 5, 17, 29, 41]
22  9  [29, 41, 53, 65, 18, 8, 6, 5, 17]
23  9  [41, 53, 65, 18, 8, 6, 5, 17, 29]
24  9  [29, 41, 53, 65, 18, 8, 6, 5, 17]
25  9  [53, 65, 18, 8, 6, 5, 17, 29, 41]
26  9  [17, 29, 41, 53, 65, 18, 8, 6, 5]
27  9  [29, 41, 53, 65, 18, 8, 6, 5, 17]
28  9  [17, 29, 41, 53, 65, 18, 8, 6, 5]
29  9  [8, 6, 5, 17, 29, 41, 53, 65, 18]
30  9  [53, 65, 18, 8, 6, 5, 17, 29, 41]
31  9  [6, 5, 17, 29, 41, 53, 65, 18, 8]
32  9  [53, 65, 18, 8, 6, 5, 17, 29, 41]
33  9  [17, 29, 41, 53, 65, 18, 8, 6, 5]
34  9  [18, 8, 6, 5, 17, 29, 41, 53, 65]
35  9  [53, 65, 18, 8, 6, 5, 17, 29, 41]
36  9  [53, 65, 18, 8, 6, 5, 17, 29, 41]
37  9  [5, 17, 29, 41, 53, 65, 18, 8, 6]
38  9  [41, 53, 65, 18, 8, 6, 5, 17, 29]
39  9  [17, 29, 41, 53, 65, 18, 8, 6, 5]
40  9  [17, 29, 41, 53, 65, 18, 8, 6, 5]
41  9  [6, 5, 17, 29, 41, 53, 65, 18, 8]
42  9  [53, 65, 18, 8, 6, 5, 17, 29, 41]
43  9  [5, 17, 29, 41, 53, 65, 18, 8, 6]
44  9  [17, 29, 41, 53, 65, 18, 8, 6, 5]
45  9  [17, 29, 41, 53, 65, 18, 8, 6, 5]
46  9  [41, 53, 65, 18, 8, 6, 5, 17, 29]
47  9  [18, 8, 6, 5, 17, 29, 41, 53, 65]
48  9  [17, 29, 41, 53, 65, 18, 8, 6, 5]
49  9  [17, 29, 41, 53, 65, 18, 8, 6, 5]
50  9  [53, 65, 18, 8, 6, 5, 17, 29, 41]
51  9  [17, 29, 41, 53, 65, 18, 8, 6, 5]
52  9  [65, 18, 8, 6, 5, 17, 29, 41, 53]
53  9  [5, 17, 29, 41, 53, 65, 18, 8, 6]
54  9  [17, 29, 41, 53, 65, 18, 8, 6, 5]
55  9  [17, 29, 41, 53, 65, 18, 8, 6, 5]
56  9  [29, 41, 53, 65, 18, 8, 6, 5, 17]
57  9  [17, 29, 41, 53, 65, 18, 8, 6, 5]
58  9  [8, 6, 5, 17, 29, 41, 53, 65, 18]
59  9  [8, 6, 5, 17, 29, 41, 53, 65, 18]
60  9  [53, 65, 18, 8, 6, 5, 17, 29, 41]
61  9  [6, 5, 17, 29, 41, 53, 65, 18, 8]
62  9  [5, 17, 29, 41, 53, 65, 18, 8, 6]
63  9  [29, 41, 53, 65, 18, 8, 6, 5, 17]
64  9  [53, 65, 18, 8, 6, 5, 17, 29, 41]
65  9  [17, 29, 41, 53, 65, 18, 8, 6, 5]
66  9  [17, 29, 41, 53, 65, 18, 8, 6, 5]
67  9  [6, 5, 17, 29, 41, 53, 65, 18, 8]
68  9  [41, 53, 65, 18, 8, 6, 5, 17, 29]
69  9  [5, 17, 29, 41, 53, 65, 18, 8, 6]
70  9  [17, 29, 41, 53, 65, 18, 8, 6, 5]
71  9  [6, 5, 17, 29, 41, 53, 65, 18, 8]
72  9  [53, 65, 18, 8, 6, 5, 17, 29, 41]
73  9  [5, 17, 29, 41, 53, 65, 18, 8, 6]
74  9  [5, 17, 29, 41, 53, 65, 18, 8, 6]
75  9  [29, 41, 53, 65, 18, 8, 6, 5, 17]
76  9  [29, 41, 53, 65, 18, 8, 6, 5, 17]
77  9  [17, 29, 41, 53, 65, 18, 8, 6, 5]
78  9  [17, 29, 41, 53, 65, 18, 8, 6, 5]
79  9  [5, 17, 29, 41, 53, 65, 18, 8, 6]
80  9  [29, 41, 53, 65, 18, 8, 6, 5, 17]
81  9  [53, 65, 18, 8, 6, 5, 17, 29, 41]
82  9  [6, 5, 17, 29, 41, 53, 65, 18, 8]
83  9  [5, 17, 29, 41, 53, 65, 18, 8, 6]
84  9  [17, 29, 41, 53, 65, 18, 8, 6, 5]
85  9  [17, 29, 41, 53, 65, 18, 8, 6, 5]
86  9  [5, 17, 29, 41, 53, 65, 18, 8, 6]
87  9  [41, 53, 65, 18, 8, 6, 5, 17, 29]
88  9  [65, 18, 8, 6, 5, 17, 29, 41, 53]
89  9  [8, 6, 5, 17, 29, 41, 53, 65, 18]
90  9  [29, 41, 53, 65, 18, 8, 6, 5, 17]
91  9  [17, 29, 41, 53, 65, 18, 8, 6, 5]
92  9  [17, 29, 41, 53, 65, 18, 8, 6, 5]
93  9  [65, 18, 8, 6, 5, 17, 29, 41, 53]
94  9  [5, 17, 29, 41, 53, 65, 18, 8, 6]
95  9  [17, 29, 41, 53, 65, 18, 8, 6, 5]
96  9  [29, 41, 53, 65, 18, 8, 6, 5, 17]
97  9  [6, 5, 17, 29, 41, 53, 65, 18, 8]
98  9  [17, 29, 41, 53, 65, 18, 8, 6, 5]
99  9  [65, 18, 8, 6, 5, 17, 29, 41, 53]
100  9  [17, 29, 41, 53, 65, 18, 8, 6, 5]
101  9  [6, 5, 17, 29, 41, 53, 65, 18, 8]
102  9  [17, 29, 41, 53, 65, 18, 8, 6, 5]
103  9  [6, 5, 17, 29, 41, 53, 65, 18, 8]
104  9  [18, 8, 6, 5, 17, 29, 41, 53, 65]
