1,1,0,[1]
2,9,12,[6, 5, 72, 12, 7, 74, 39, 16, 8]
3,9,12,[5, 72, 12, 7, 74, 39, 16, 8, 6]
4,1,0,[4]
5,9,8,[72, 12, 7, 74, 39, 16, 8, 6, 5]
6,9,8,[5, 72, 12, 7, 74, 39, 16, 8, 6]
7,9,8,[74, 39, 16, 8, 6, 5, 72, 12, 7]
8,9,8,[6, 5, 72, 12, 7, 74, 39, 16, 8]
9,9,9,[5, 72, 12, 7, 74, 39, 16, 8, 6]
10,9,9,[74, 39, 16, 8, 6, 5, 72, 12, 7]
11,9,11,[6, 5, 72, 12, 7, 74, 39, 16, 8]
12,9,8,[7, 74, 39, 16, 8, 6, 5, 72, 12]
13,2,1,[80, 13]
14,9,10,[5, 72, 12, 7, 74, 39, 16, 8, 6]
15,9,9,[6, 5, 72, 12, 7, 74, 39, 16, 8]
16,9,8,[8, 6, 5, 72, 12, 7, 74, 39, 16]
17,9,12,[5, 72, 12, 7, 74, 39, 16, 8, 6]
18,9,9,[6, 5, 72, 12, 7, 74, 39, 16, 8]
19,9,14,[6, 5, 72, 12, 7, 74, 39, 16, 8]
20,9,10,[5, 72, 12, 7, 74, 39, 16, 8, 6]
21,9,10,[74, 39, 16, 8, 6, 5, 72, 12, 7]
22,2,2,[80, 13]
23,2,3,[80, 13]
24,9,10,[5, 72, 12, 7, 74, 39, 16, 8, 6]
25,9,10,[74, 39, 16, 8, 6, 5, 72, 12, 7]
26,9,10,[6, 5, 72, 12, 7, 74, 39, 16, 8]
27,9,10,[5, 72, 12, 7, 74, 39, 16, 8, 6]
28,9,12,[6, 5, 72, 12, 7, 74, 39, 16, 8]
29,2,3,[80, 13]
30,9,10,[74, 39, 16, 8, 6, 5, 72, 12, 7]
31,9,10,[8, 6, 5, 72, 12, 7, 74, 39, 16]
32,9,10,[74, 39, 16, 8, 6, 5, 72, 12, 7]
33,9,11,[5, 72, 12, 7, 74, 39, 16, 8, 6]
34,9,15,[6, 5, 72, 12, 7, 74, 39, 16, 8]
35,9,9,[7, 74, 39, 16, 8, 6, 5, 72, 12]
36,9,10,[74, 39, 16, 8, 6, 5, 72, 12, 7]
37,9,16,[6, 5, 72, 12, 7, 74, 39, 16, 8]
38,9,11,[74, 39, 16, 8, 6, 5, 72, 12, 7]
39,9,8,[16, 8, 6, 5, 72, 12, 7, 74, 39]
40,9,12,[6, 5, 72, 12, 7, 74, 39, 16, 8]
41,2,3,[80, 13]
42,9,9,[7, 74, 39, 16, 8, 6, 5, 72, 12]
43,9,11,[6, 5, 72, 12, 7, 74, 39, 16, 8]
44,9,10,[6, 5, 72, 12, 7, 74, 39, 16, 8]
45,9,12,[6, 5, 72, 12, 7, 74, 39, 16, 8]
46,9,11,[74, 39, 16, 8, 6, 5, 72, 12, 7]
47,9,12,[5, 72, 12, 7, 74, 39, 16, 8, 6]
48,9,12,[6, 5, 72, 12, 7, 74, 39, 16, 8]
49,9,11,[5, 72, 12, 7, 74, 39, 16, 8, 6]
50,9,9,[7, 74, 39, 16, 8, 6, 5, 72, 12]
51,9,11,[5, 72, 12, 7, 74, 39, 16, 8, 6]
52,9,13,[5, 72, 12, 7, 74, 39, 16, 8, 6]
53,9,12,[5, 72, 12, 7, 74, 39, 16, 8, 6]
54,9,12,[6, 5, 72, 12, 7, 74, 39, 16, 8]
55,9,9,[8, 6, 5, 72, 12, 7, 74, 39, 16]
56,2,2,[80, 13]
57,2,3,[80, 13]
58,9,11,[8, 6, 5, 72, 12, 7, 74, 39, 16]
59,9,11,[6, 5, 72, 12, 7, 74, 39, 16, 8]
60,9,9,[7, 74, 39, 16, 8, 6, 5, 72, 12]
61,9,12,[5, 72, 12, 7, 74, 39, 16, 8, 6]
62,9,12,[5, 72, 12, 7, 74, 39, 16, 8, 6]
63,2,2,[80, 13]
64,9,9,[7, 74, 39, 16, 8, 6, 5, 72, 12]
65,9,10,[6, 5, 72, 12, 7, 74, 39, 16, 8]
66,9,9,[8, 6, 5, 72, 12, 7, 74, 39, 16]
67,9,13,[6, 5, 72, 12, 7, 74, 39, 16, 8]
68,9,11,[74, 39, 16, 8, 6, 5, 72, 12, 7]
69,9,11,[6, 5, 72, 12, 7, 74, 39, 16, 8]
70,9,11,[5, 72, 12, 7, 74, 39, 16, 8, 6]
71,9,14,[6, 5, 72, 12, 7, 74, 39, 16, 8]
72,9,8,[12, 7, 74, 39, 16, 8, 6, 5, 72]
73,9,10,[8, 6, 5, 72, 12, 7, 74, 39, 16]
74,9,8,[39, 16, 8, 6, 5, 72, 12, 7, 74]
75,2,2,[80, 13]
76,2,4,[80, 13]
77,9,10,[6, 5, 72, 12, 7, 74, 39, 16, 8]
78,9,10,[6, 5, 72, 12, 7, 74, 39, 16, 8]
79,2,4,[80, 13]
80,2,1,[13, 80]
81,9,9,[7, 74, 39, 16, 8, 6, 5, 72, 12]
82,9,12,[6, 5, 72, 12, 7, 74, 39, 16, 8]
83,9,11,[6, 5, 72, 12, 7, 74, 39, 16, 8]
84,9,11,[5, 72, 12, 7, 74, 39, 16, 8, 6]
85,2,3,[80, 13]
86,9,13,[6, 5, 72, 12, 7, 74, 39, 16, 8]
87,9,11,[74, 39, 16, 8, 6, 5, 72, 12, 7]
88,9,13,[5, 72, 12, 7, 74, 39, 16, 8, 6]
89,9,12,[5, 72, 12, 7, 74, 39, 16, 8, 6]
90,2,2,[80, 13]
91,9,11,[5, 72, 12, 7, 74, 39, 16, 8, 6]
92,9,11,[5, 72, 12, 7, 74, 39, 16, 8, 6]
93,9,16,[6, 5, 72, 12, 7, 74, 39, 16, 8]
94,9,12,[5, 72, 12, 7, 74, 39, 16, 8, 6]
95,9,11,[5, 72, 12, 7, 74, 39, 16, 8, 6]
96,2,2,[80, 13]
97,9,14,[6, 5, 72, 12, 7, 74, 39, 16, 8]
98,9,9,[8, 6, 5, 72, 12, 7, 74, 39, 16]
99,9,13,[5, 72, 12, 7, 74, 39, 16, 8, 6]
100,9,11,[5, 72, 12, 7, 74, 39, 16, 8, 6]
101,9,10,[8, 6, 5, 72, 12, 7, 74, 39, 16]
102,2,3,[80, 13]
103,9,12,[5, 72, 12, 7, 74, 39, 16, 8, 6]
104,9,15,[6, 5, 72, 12, 7, 74, 39, 16, 8]
105,9,10,[6, 5, 72, 12, 7, 74, 39, 16, 8]
106,9,10,[8, 6, 5, 72, 12, 7, 74, 39, 16]
107,9,17,[6, 5, 72, 12, 7, 74, 39, 16, 8]
108,2,2,[80, 13]
109,9,16,[6, 5, 72, 12, 7, 74, 39, 16, 8]
110,9,10,[6, 5, 72, 12, 7, 74, 39, 16, 8]
111,9,13,[6, 5, 72, 12, 7, 74, 39, 16, 8]
112,9,10,[6, 5, 72, 12, 7, 74, 39, 16, 8]
113,9,11,[6, 5, 72, 12, 7, 74, 39, 16, 8]
114,9,11,[5, 72, 12, 7, 74, 39, 16, 8, 6]
115,9,13,[6, 5, 72, 12, 7, 74, 39, 16, 8]
116,9,12,[5, 72, 12, 7, 74, 39, 16, 8, 6]
117,9,15,[6, 5, 72, 12, 7, 74, 39, 16, 8]
118,9,13,[5, 72, 12, 7, 74, 39, 16, 8, 6]
119,9,11,[5, 72, 12, 7, 74, 39, 16, 8, 6]
120,9,11,[5, 72, 12, 7, 74, 39, 16, 8, 6]
121,2,3,[80, 13]
122,2,3,[80, 13]
123,9,11,[6, 5, 72, 12, 7, 74, 39, 16, 8]
124,9,10,[7, 74, 39, 16, 8, 6, 5, 72, 12]
125,9,10,[6, 5, 72, 12, 7, 74, 39, 16, 8]
126,9,10,[6, 5, 72, 12, 7, 74, 39, 16, 8]
127,9,15,[5, 72, 12, 7, 74, 39, 16, 8, 6]
128,9,11,[5, 72, 12, 7, 74, 39, 16, 8, 6]
129,9,12,[74, 39, 16, 8, 6, 5, 72, 12, 7]
130,9,11,[5, 72, 12, 7, 74, 39, 16, 8, 6]
131,9,16,[6, 5, 72, 12, 7, 74, 39, 16, 8]
132,9,10,[6, 5, 72, 12, 7, 74, 39, 16, 8]
133,9,11,[6, 5, 72, 12, 7, 74, 39, 16, 8]
134,9,12,[6, 5, 72, 12, 7, 74, 39, 16, 8]
135,9,11,[5, 72, 12, 7, 74, 39, 16, 8, 6]
136,2,4,[80, 13]
137,9,12,[5, 72, 12, 7, 74, 39, 16, 8, 6]
138,9,13,[6, 5, 72, 12, 7, 74, 39, 16, 8]
139,9,12,[6, 5, 72, 12, 7, 74, 39, 16, 8]
140,9,9,[8, 6, 5, 72, 12, 7, 74, 39, 16]
141,9,10,[7, 74, 39, 16, 8, 6, 5, 72, 12]
142,9,11,[8, 6, 5, 72, 12, 7, 74, 39, 16]
143,9,11,[5, 72, 12, 7, 74, 39, 16, 8, 6]
144,9,11,[5, 72, 12, 7, 74, 39, 16, 8, 6]
145,9,16,[6, 5, 72, 12, 7, 74, 39, 16, 8]
146,2,3,[80, 13]
147,9,13,[5, 72, 12, 7, 74, 39, 16, 8, 6]
148,2,4,[80, 13]
149,9,11,[6, 5, 72, 12, 7, 74, 39, 16, 8]
150,9,10,[6, 5, 72, 12, 7, 74, 39, 16, 8]
151,9,15,[6, 5, 72, 12, 7, 74, 39, 16, 8]
152,9,11,[74, 39, 16, 8, 6, 5, 72, 12, 7]
153,2,4,[80, 13]
154,9,11,[5, 72, 12, 7, 74, 39, 16, 8, 6]
155,9,11,[74, 39, 16, 8, 6, 5, 72, 12, 7]
156,9,11,[5, 72, 12, 7, 74, 39, 16, 8, 6]
157,9,14,[5, 72, 12, 7, 74, 39, 16, 8, 6]
158,9,10,[7, 74, 39, 16, 8, 6, 5, 72, 12]
159,2,3,[80, 13]
160,9,10,[6, 5, 72, 12, 7, 74, 39, 16, 8]
161,9,11,[74, 39, 16, 8, 6, 5, 72, 12, 7]
162,9,11,[5, 72, 12, 7, 74, 39, 16, 8, 6]
163,9,12,[74, 39, 16, 8, 6, 5, 72, 12, 7]
164,9,13,[6, 5, 72, 12, 7, 74, 39, 16, 8]
165,9,15,[6, 5, 72, 12, 7, 74, 39, 16, 8]
166,2,4,[80, 13]
167,9,12,[74, 39, 16, 8, 6, 5, 72, 12, 7]
168,9,9,[8, 6, 5, 72, 12, 7, 74, 39, 16]
169,9,11,[6, 5, 72, 12, 7, 74, 39, 16, 8]
170,9,11,[5, 72, 12, 7, 74, 39, 16, 8, 6]
171,9,11,[74, 39, 16, 8, 6, 5, 72, 12, 7]
172,9,13,[5, 72, 12, 7, 74, 39, 16, 8, 6]
173,9,10,[8, 6, 5, 72, 12, 7, 74, 39, 16]
174,9,16,[6, 5, 72, 12, 7, 74, 39, 16, 8]
175,9,13,[5, 72, 12, 7, 74, 39, 16, 8, 6]
176,9,15,[6, 5, 72, 12, 7, 74, 39, 16, 8]
177,9,13,[5, 72, 12, 7, 74, 39, 16, 8, 6]
178,9,12,[5, 72, 12, 7, 74, 39, 16, 8, 6]
179,9,13,[74, 39, 16, 8, 6, 5, 72, 12, 7]
180,9,10,[6, 5, 72, 12, 7, 74, 39, 16, 8]
181,9,18,[6, 5, 72, 12, 7, 74, 39, 16, 8]
182,2,3,[80, 13]
183,9,10,[7, 74, 39, 16, 8, 6, 5, 72, 12]
184,2,4,[80, 13]
185,9,10,[7, 74, 39, 16, 8, 6, 5, 72, 12]
186,9,11,[74, 39, 16, 8, 6, 5, 72, 12, 7]
187,9,13,[6, 5, 72, 12, 7, 74, 39, 16, 8]
188,9,12,[5, 72, 12, 7, 74, 39, 16, 8, 6]
189,9,9,[8, 6, 5, 72, 12, 7, 74, 39, 16]
190,9,11,[6, 5, 72, 12, 7, 74, 39, 16, 8]
191,9,14,[6, 5, 72, 12, 7, 74, 39, 16, 8]
192,9,10,[6, 5, 72, 12, 7, 74, 39, 16, 8]
193,2,4,[80, 13]
194,9,14,[5, 72, 12, 7, 74, 39, 16, 8, 6]
195,9,11,[74, 39, 16, 8, 6, 5, 72, 12, 7]
196,9,10,[6, 5, 72, 12, 7, 74, 39, 16, 8]
197,9,12,[5, 72, 12, 7, 74, 39, 16, 8, 6]
198,9,15,[6, 5, 72, 12, 7, 74, 39, 16, 8]
199,9,14,[6, 5, 72, 12, 7, 74, 39, 16, 8]
200,9,9,[8, 6, 5, 72, 12, 7, 74, 39, 16]
