1,1,0,[1]
2,4,8,[377, 42, 12, 7]
3,4,16,[377, 42, 12, 7]
4,1,0,[4]
5,5,4,[375, 18, 8, 6, 5]
6,5,4,[5, 375, 18, 8, 6]
7,4,3,[377, 42, 12, 7]
8,5,4,[6, 5, 375, 18, 8]
9,5,5,[5, 375, 18, 8, 6]
10,4,4,[377, 42, 12, 7]
11,5,9,[5, 375, 18, 8, 6]
12,4,3,[7, 377, 42, 12]
13,4,11,[377, 42, 12, 7]
14,5,6,[5, 375, 18, 8, 6]
15,5,5,[6, 5, 375, 18, 8]
16,5,5,[6, 5, 375, 18, 8]
17,5,9,[5, 375, 18, 8, 6]
18,5,4,[8, 6, 5, 375, 18]
19,5,15,[5, 375, 18, 8, 6]
20,5,6,[5, 375, 18, 8, 6]
21,4,5,[377, 42, 12, 7]
22,4,12,[377, 42, 12, 7]
23,5,10,[6, 5, 375, 18, 8]
24,5,6,[5, 375, 18, 8, 6]
25,4,5,[377, 42, 12, 7]
26,5,6,[6, 5, 375, 18, 8]
27,5,6,[5, 375, 18, 8, 6]
28,5,10,[5, 375, 18, 8, 6]
29,2,1,[399, 29]
30,4,5,[377, 42, 12, 7]
31,4,16,[377, 42, 12, 7]
32,4,5,[377, 42, 12, 7]
33,5,7,[5, 375, 18, 8, 6]
34,5,16,[5, 375, 18, 8, 6]
35,4,4,[7, 377, 42, 12]
36,4,5,[377, 42, 12, 7]
37,5,12,[5, 375, 18, 8, 6]
38,4,6,[377, 42, 12, 7]
39,5,6,[6, 5, 375, 18, 8]
40,5,10,[5, 375, 18, 8, 6]
41,5,8,[6, 5, 375, 18, 8]
42,4,3,[12, 7, 377, 42]
43,5,8,[6, 5, 375, 18, 8]
44,5,6,[6, 5, 375, 18, 8]
45,5,10,[5, 375, 18, 8, 6]
46,4,6,[377, 42, 12, 7]
47,5,19,[6, 5, 375, 18, 8]
48,5,10,[5, 375, 18, 8, 6]
49,5,7,[5, 375, 18, 8, 6]
50,4,4,[7, 377, 42, 12]
51,5,7,[5, 375, 18, 8, 6]
52,5,10,[5, 375, 18, 8, 6]
53,2,1,[423, 53]
54,5,10,[5, 375, 18, 8, 6]
55,5,6,[6, 5, 375, 18, 8]
56,4,12,[377, 42, 12, 7]
57,4,13,[377, 42, 12, 7]
58,4,17,[377, 42, 12, 7]
59,5,8,[5, 375, 18, 8, 6]
60,4,4,[7, 377, 42, 12]
61,5,10,[5, 375, 18, 8, 6]
62,5,8,[5, 375, 18, 8, 6]
63,4,12,[377, 42, 12, 7]
64,4,4,[7, 377, 42, 12]
65,5,5,[8, 6, 5, 375, 18]
66,5,6,[6, 5, 375, 18, 8]
67,4,5,[12, 7, 377, 42]
68,4,6,[377, 42, 12, 7]
69,5,7,[6, 5, 375, 18, 8]
70,5,7,[5, 375, 18, 8, 6]
71,5,8,[5, 375, 18, 8, 6]
72,4,4,[7, 377, 42, 12]
73,5,16,[6, 5, 375, 18, 8]
74,5,7,[6, 5, 375, 18, 8]
75,4,12,[377, 42, 12, 7]
76,5,11,[6, 5, 375, 18, 8]
77,5,5,[8, 6, 5, 375, 18]
78,5,5,[8, 6, 5, 375, 18]
79,5,9,[6, 5, 375, 18, 8]
80,4,12,[377, 42, 12, 7]
81,4,4,[7, 377, 42, 12]
82,5,9,[6, 5, 375, 18, 8]
83,5,9,[5, 375, 18, 8, 6]
84,5,7,[5, 375, 18, 8, 6]
85,4,13,[377, 42, 12, 7]
86,5,11,[5, 375, 18, 8, 6]
87,4,6,[377, 42, 12, 7]
88,5,10,[5, 375, 18, 8, 6]
89,5,8,[6, 5, 375, 18, 8]
90,4,12,[377, 42, 12, 7]
91,5,7,[5, 375, 18, 8, 6]
92,5,7,[5, 375, 18, 8, 6]
93,5,17,[5, 375, 18, 8, 6]
94,5,8,[5, 375, 18, 8, 6]
95,5,7,[5, 375, 18, 8, 6]
96,4,12,[377, 42, 12, 7]
97,5,13,[5, 375, 18, 8, 6]
98,5,6,[6, 5, 375, 18, 8]
99,5,10,[5, 375, 18, 8, 6]
100,5,7,[5, 375, 18, 8, 6]
101,5,8,[6, 5, 375, 18, 8]
102,4,13,[377, 42, 12, 7]
103,5,12,[5, 375, 18, 8, 6]
104,5,16,[5, 375, 18, 8, 6]
105,5,6,[6, 5, 375, 18, 8]
106,5,7,[6, 5, 375, 18, 8]
107,5,10,[5, 375, 18, 8, 6]
108,4,12,[377, 42, 12, 7]
109,5,10,[6, 5, 375, 18, 8]
110,5,5,[8, 6, 5, 375, 18]
111,5,11,[5, 375, 18, 8, 6]
112,5,6,[6, 5, 375, 18, 8]
113,5,9,[5, 375, 18, 8, 6]
114,5,7,[5, 375, 18, 8, 6]
115,5,11,[5, 375, 18, 8, 6]
116,5,8,[5, 375, 18, 8, 6]
117,5,16,[5, 375, 18, 8, 6]
118,5,11,[5, 375, 18, 8, 6]
119,5,7,[5, 375, 18, 8, 6]
120,5,7,[5, 375, 18, 8, 6]
121,4,13,[377, 42, 12, 7]
122,4,13,[377, 42, 12, 7]
123,5,7,[6, 5, 375, 18, 8]
124,4,5,[7, 377, 42, 12]
125,5,6,[6, 5, 375, 18, 8]
126,5,6,[6, 5, 375, 18, 8]
127,5,7,[8, 6, 5, 375, 18]
128,5,7,[5, 375, 18, 8, 6]
129,4,7,[377, 42, 12, 7]
130,5,7,[5, 375, 18, 8, 6]
131,5,9,[5, 375, 18, 8, 6]
132,5,5,[8, 6, 5, 375, 18]
133,5,7,[6, 5, 375, 18, 8]
134,5,8,[6, 5, 375, 18, 8]
135,5,7,[5, 375, 18, 8, 6]
136,5,11,[6, 5, 375, 18, 8]
137,2,3,[399, 29]
138,5,11,[5, 375, 18, 8, 6]
139,5,12,[6, 5, 375, 18, 8]
140,5,6,[6, 5, 375, 18, 8]
141,4,5,[7, 377, 42, 12]
142,5,17,[6, 5, 375, 18, 8]
143,5,7,[5, 375, 18, 8, 6]
144,5,7,[5, 375, 18, 8, 6]
145,5,17,[5, 375, 18, 8, 6]
146,4,13,[377, 42, 12, 7]
147,5,10,[5, 375, 18, 8, 6]
148,5,9,[6, 5, 375, 18, 8]
149,5,18,[5, 375, 18, 8, 6]
150,5,6,[6, 5, 375, 18, 8]
151,5,13,[6, 5, 375, 18, 8]
152,4,6,[377, 42, 12, 7]
153,5,11,[6, 5, 375, 18, 8]
154,5,7,[5, 375, 18, 8, 6]
155,4,6,[377, 42, 12, 7]
156,5,7,[5, 375, 18, 8, 6]
157,5,12,[5, 375, 18, 8, 6]
158,4,5,[7, 377, 42, 12]
159,4,13,[377, 42, 12, 7]
160,5,6,[6, 5, 375, 18, 8]
161,4,6,[377, 42, 12, 7]
162,5,7,[5, 375, 18, 8, 6]
163,5,12,[5, 375, 18, 8, 6]
164,5,11,[5, 375, 18, 8, 6]
165,5,16,[5, 375, 18, 8, 6]
166,4,14,[377, 42, 12, 7]
167,4,15,[377, 42, 12, 7]
168,5,6,[6, 5, 375, 18, 8]
169,5,7,[6, 5, 375, 18, 8]
170,5,7,[5, 375, 18, 8, 6]
171,4,6,[377, 42, 12, 7]
172,5,20,[6, 5, 375, 18, 8]
173,2,4,[399, 29]
174,5,17,[5, 375, 18, 8, 6]
175,5,10,[5, 375, 18, 8, 6]
176,5,16,[5, 375, 18, 8, 6]
177,5,9,[5, 375, 18, 8, 6]
178,5,8,[5, 375, 18, 8, 6]
179,4,7,[12, 7, 377, 42]
180,5,6,[6, 5, 375, 18, 8]
181,5,12,[5, 375, 18, 8, 6]
182,4,13,[377, 42, 12, 7]
183,4,5,[7, 377, 42, 12]
184,2,2,[399, 29]
185,4,4,[12, 7, 377, 42]
186,4,6,[377, 42, 12, 7]
187,5,11,[5, 375, 18, 8, 6]
188,5,8,[5, 375, 18, 8, 6]
189,5,6,[6, 5, 375, 18, 8]
190,5,7,[6, 5, 375, 18, 8]
191,4,18,[377, 42, 12, 7]
192,5,6,[6, 5, 375, 18, 8]
193,4,17,[377, 42, 12, 7]
194,5,11,[5, 375, 18, 8, 6]
195,4,6,[377, 42, 12, 7]
196,5,5,[8, 6, 5, 375, 18]
197,5,17,[5, 375, 18, 8, 6]
198,5,16,[5, 375, 18, 8, 6]
199,5,13,[5, 375, 18, 8, 6]
200,5,6,[6, 5, 375, 18, 8]
