1,1,0,[1],[0]
2,5,5,[5, 6, 8, 16, 270],[1, 0, 0, 0, 0]
3,5,5,[5, 6, 8, 16, 270],[1, 0, 0, 0, 0]
4,1,0,[4],[0]
5,5,0,[5, 6, 8, 16, 270],[1, 0, 0, 0, 0]
6,5,0,[5, 6, 8, 16, 270],[1, 0, 0, 0, 0]
7,4,0,[7, 10, 25, 272],[1, 0, 0, 0]
8,5,0,[5, 6, 8, 16, 270],[1, 0, 0, 0, 0]
9,5,1,[5, 6, 8, 16, 270],[1, 0, 0, 0, 0]
10,4,0,[7, 10, 25, 272],[1, 0, 0, 0]
11,4,3,[7, 10, 25, 272],[1, 0, 0, 0]
12,4,1,[7, 10, 25, 272],[1, 0, 0, 0]
13,4,5,[7, 10, 25, 272],[1, 0, 0, 0]
14,5,2,[5, 6, 8, 16, 270],[1, 0, 0, 0, 0]
15,5,1,[5, 6, 8, 16, 270],[1, 0, 0, 0, 0]
16,5,0,[5, 6, 8, 16, 270],[1, 0, 0, 0, 0]
17,3,0,[17, 52, 282],[1, 0, 0]
18,5,1,[5, 6, 8, 16, 270],[1, 0, 0, 0, 0]
19,4,8,[7, 10, 25, 272],[1, 0, 0, 0]
20,5,2,[5, 6, 8, 16, 270],[1, 0, 0, 0, 0]
21,4,1,[7, 10, 25, 272],[1, 0, 0, 0]
22,4,6,[7, 10, 25, 272],[1, 0, 0, 0]
23,5,2,[5, 6, 8, 16, 270],[1, 0, 0, 0, 0]
24,5,2,[5, 6, 8, 16, 270],[1, 0, 0, 0, 0]
25,4,0,[7, 10, 25, 272],[1, 0, 0, 0]
26,5,2,[5, 6, 8, 16, 270],[1, 0, 0, 0, 0]
27,5,2,[5, 6, 8, 16, 270],[1, 0, 0, 0, 0]
28,4,4,[7, 10, 25, 272],[1, 0, 0, 0]
29,4,10,[7, 10, 25, 272],[1, 0, 0, 0]
30,4,1,[7, 10, 25, 272],[1, 0, 0, 0]
31,4,10,[7, 10, 25, 272],[1, 0, 0, 0]
32,4,1,[7, 10, 25, 272],[1, 0, 0, 0]
33,5,3,[5, 6, 8, 16, 270],[1, 0, 0, 0, 0]
34,4,9,[7, 10, 25, 272],[1, 0, 0, 0]
35,4,2,[7, 10, 25, 272],[1, 0, 0, 0]
36,4,1,[7, 10, 25, 272],[1, 0, 0, 0]
37,5,5,[5, 6, 8, 16, 270],[1, 0, 0, 0, 0]
38,4,2,[7, 10, 25, 272],[1, 0, 0, 0]
39,5,1,[5, 6, 8, 16, 270],[1, 0, 0, 0, 0]
40,4,4,[7, 10, 25, 272],[1, 0, 0, 0]
41,4,2,[7, 10, 25, 272],[1, 0, 0, 0]
42,4,2,[7, 10, 25, 272],[1, 0, 0, 0]
43,4,8,[7, 10, 25, 272],[1, 0, 0, 0]
44,5,2,[5, 6, 8, 16, 270],[1, 0, 0, 0, 0]
45,4,4,[7, 10, 25, 272],[1, 0, 0, 0]
46,4,1,[7, 10, 25, 272],[1, 0, 0, 0]
47,4,8,[7, 10, 25, 272],[1, 0, 0, 0]
48,4,4,[7, 10, 25, 272],[1, 0, 0, 0]
49,5,3,[5, 6, 8, 16, 270],[1, 0, 0, 0, 0]
50,4,2,[7, 10, 25, 272],[1, 0, 0, 0]
51,5,3,[5, 6, 8, 16, 270],[1, 0, 0, 0, 0]
52,3,0,[17, 52, 282],[1, 0, 0]
53,4,13,[7, 10, 25, 272],[1, 0, 0, 0]
54,4,4,[7, 10, 25, 272],[1, 0, 0, 0]
55,5,1,[5, 6, 8, 16, 270],[1, 0, 0, 0, 0]
56,4,6,[7, 10, 25, 272],[1, 0, 0, 0]
57,4,7,[7, 10, 25, 272],[1, 0, 0, 0]
58,4,11,[7, 10, 25, 272],[1, 0, 0, 0]
59,5,2,[5, 6, 8, 16, 270],[1, 0, 0, 0, 0]
60,4,2,[7, 10, 25, 272],[1, 0, 0, 0]
61,4,11,[7, 10, 25, 272],[1, 0, 0, 0]
62,5,4,[5, 6, 8, 16, 270],[1, 0, 0, 0, 0]
63,4,6,[7, 10, 25, 272],[1, 0, 0, 0]
64,4,2,[7, 10, 25, 272],[1, 0, 0, 0]
65,5,2,[5, 6, 8, 16, 270],[1, 0, 0, 0, 0]
66,5,1,[5, 6, 8, 16, 270],[1, 0, 0, 0, 0]
67,4,4,[7, 10, 25, 272],[1, 0, 0, 0]
68,4,2,[7, 10, 25, 272],[1, 0, 0, 0]
69,5,3,[5, 6, 8, 16, 270],[1, 0, 0, 0, 0]
70,5,3,[5, 6, 8, 16, 270],[1, 0, 0, 0, 0]
71,5,3,[5, 6, 8, 16, 270],[1, 0, 0, 0, 0]
72,4,2,[7, 10, 25, 272],[1, 0, 0, 0]
73,4,6,[7, 10, 25, 272],[1, 0, 0, 0]
74,5,2,[5, 6, 8, 16, 270],[1, 0, 0, 0, 0]
75,4,6,[7, 10, 25, 272],[1, 0, 0, 0]
76,5,3,[5, 6, 8, 16, 270],[1, 0, 0, 0, 0]
77,5,2,[5, 6, 8, 16, 270],[1, 0, 0, 0, 0]
78,5,2,[5, 6, 8, 16, 270],[1, 0, 0, 0, 0]
79,5,5,[5, 6, 8, 16, 270],[1, 0, 0, 0, 0]
80,4,6,[7, 10, 25, 272],[1, 0, 0, 0]
81,4,2,[7, 10, 25, 272],[1, 0, 0, 0]
82,4,9,[7, 10, 25, 272],[1, 0, 0, 0]
83,4,3,[7, 10, 25, 272],[1, 0, 0, 0]
84,5,3,[5, 6, 8, 16, 270],[1, 0, 0, 0, 0]
85,4,7,[7, 10, 25, 272],[1, 0, 0, 0]
86,4,5,[7, 10, 25, 272],[1, 0, 0, 0]
87,4,2,[7, 10, 25, 272],[1, 0, 0, 0]
88,3,1,[17, 52, 282],[1, 0, 0]
89,4,4,[7, 10, 25, 272],[1, 0, 0, 0]
90,4,6,[7, 10, 25, 272],[1, 0, 0, 0]
91,5,3,[5, 6, 8, 16, 270],[1, 0, 0, 0, 0]
92,5,3,[5, 6, 8, 16, 270],[1, 0, 0, 0, 0]
93,4,10,[7, 10, 25, 272],[1, 0, 0, 0]
94,5,4,[5, 6, 8, 16, 270],[1, 0, 0, 0, 0]
95,5,3,[5, 6, 8, 16, 270],[1, 0, 0, 0, 0]
96,4,6,[7, 10, 25, 272],[1, 0, 0, 0]
97,4,5,[7, 10, 25, 272],[1, 0, 0, 0]
98,5,1,[5, 6, 8, 16, 270],[1, 0, 0, 0, 0]
99,3,1,[17, 52, 282],[1, 0, 0]
100,5,3,[5, 6, 8, 16, 270],[1, 0, 0, 0, 0]
