1,1,0,[1]
2,4,6,[6, 5, 14, 9]
3,4,8,[5, 14, 9, 6]
4,1,0,[4]
5,4,3,[14, 9, 6, 5]
6,4,3,[5, 14, 9, 6]
7,4,6,[5, 14, 9, 6]
8,4,4,[5, 14, 9, 6]
9,4,3,[6, 5, 14, 9]
10,4,7,[5, 14, 9, 6]
11,4,5,[6, 5, 14, 9]
12,4,7,[5, 14, 9, 6]
13,2,1,[22, 13]
14,4,3,[9, 6, 5, 14]
15,4,5,[5, 14, 9, 6]
16,4,5,[5, 14, 9, 6]
17,4,7,[5, 14, 9, 6]
18,4,5,[5, 14, 9, 6]
19,4,7,[6, 5, 14, 9]
20,4,4,[6, 5, 14, 9]
21,4,8,[5, 14, 9, 6]
22,2,1,[13, 22]
23,4,9,[5, 14, 9, 6]
24,4,4,[6, 5, 14, 9]
25,4,8,[5, 14, 9, 6]
26,4,6,[5, 14, 9, 6]
27,4,4,[6, 5, 14, 9]
28,4,6,[6, 5, 14, 9]
29,4,10,[5, 14, 9, 6]
30,4,8,[5, 14, 9, 6]
31,4,7,[6, 5, 14, 9]
32,4,8,[5, 14, 9, 6]
33,4,4,[9, 6, 5, 14]
34,4,8,[6, 5, 14, 9]
35,4,8,[5, 14, 9, 6]
36,4,8,[5, 14, 9, 6]
37,4,10,[5, 14, 9, 6]
38,4,9,[5, 14, 9, 6]
39,4,6,[5, 14, 9, 6]
40,4,6,[6, 5, 14, 9]
41,4,9,[5, 14, 9, 6]
42,4,8,[5, 14, 9, 6]
43,4,9,[5, 14, 9, 6]
44,4,6,[5, 14, 9, 6]
45,4,6,[6, 5, 14, 9]
46,4,9,[5, 14, 9, 6]
47,2,3,[22, 13]
48,4,6,[6, 5, 14, 9]
49,4,4,[9, 6, 5, 14]
50,4,8,[5, 14, 9, 6]
51,4,5,[6, 5, 14, 9]
52,4,8,[5, 14, 9, 6]
53,4,6,[9, 6, 5, 14]
54,4,6,[6, 5, 14, 9]
55,4,6,[5, 14, 9, 6]
56,2,2,[22, 13]
57,2,2,[13, 22]
58,4,8,[6, 5, 14, 9]
59,4,10,[5, 14, 9, 6]
60,4,8,[5, 14, 9, 6]
61,4,5,[9, 6, 5, 14]
62,4,5,[9, 6, 5, 14]
63,2,2,[22, 13]
64,4,8,[5, 14, 9, 6]
65,4,6,[5, 14, 9, 6]
66,4,6,[5, 14, 9, 6]
67,4,11,[5, 14, 9, 6]
68,4,9,[5, 14, 9, 6]
69,4,7,[5, 14, 9, 6]
70,4,4,[9, 6, 5, 14]
71,2,3,[22, 13]
72,4,8,[5, 14, 9, 6]
73,4,11,[5, 14, 9, 6]
74,4,7,[5, 14, 9, 6]
75,2,2,[22, 13]
76,4,10,[5, 14, 9, 6]
77,4,6,[5, 14, 9, 6]
78,4,6,[5, 14, 9, 6]
79,4,9,[5, 14, 9, 6]
80,2,2,[22, 13]
81,4,8,[5, 14, 9, 6]
82,4,10,[5, 14, 9, 6]
83,4,6,[6, 5, 14, 9]
84,4,4,[9, 6, 5, 14]
85,2,2,[13, 22]
86,4,7,[6, 5, 14, 9]
87,4,9,[5, 14, 9, 6]
88,4,8,[5, 14, 9, 6]
89,4,7,[5, 14, 9, 6]
90,2,2,[22, 13]
91,4,5,[6, 5, 14, 9]
92,4,5,[6, 5, 14, 9]
93,4,9,[6, 5, 14, 9]
94,4,5,[9, 6, 5, 14]
95,4,5,[6, 5, 14, 9]
96,2,2,[22, 13]
97,4,8,[5, 14, 9, 6]
98,4,6,[5, 14, 9, 6]
99,4,8,[5, 14, 9, 6]
100,4,4,[9, 6, 5, 14]
101,4,7,[5, 14, 9, 6]
102,2,2,[13, 22]
103,4,7,[5, 14, 9, 6]
104,4,8,[6, 5, 14, 9]
105,4,6,[5, 14, 9, 6]
106,4,7,[5, 14, 9, 6]
107,4,6,[9, 6, 5, 14]
108,2,2,[22, 13]
109,4,7,[9, 6, 5, 14]
110,4,6,[5, 14, 9, 6]
111,4,7,[6, 5, 14, 9]
112,4,6,[5, 14, 9, 6]
113,2,4,[22, 13]
114,4,5,[6, 5, 14, 9]
115,4,7,[6, 5, 14, 9]
116,4,5,[9, 6, 5, 14]
117,4,8,[6, 5, 14, 9]
118,4,6,[9, 6, 5, 14]
119,4,5,[6, 5, 14, 9]
120,4,4,[9, 6, 5, 14]
121,2,2,[13, 22]
122,2,3,[22, 13]
123,4,7,[5, 14, 9, 6]
124,4,9,[5, 14, 9, 6]
125,4,6,[5, 14, 9, 6]
126,4,6,[5, 14, 9, 6]
127,4,11,[5, 14, 9, 6]
128,4,4,[9, 6, 5, 14]
129,4,10,[5, 14, 9, 6]
130,4,5,[6, 5, 14, 9]
131,4,7,[5, 14, 9, 6]
132,4,6,[5, 14, 9, 6]
133,4,7,[5, 14, 9, 6]
134,4,8,[5, 14, 9, 6]
135,4,4,[9, 6, 5, 14]
136,4,10,[5, 14, 9, 6]
137,2,4,[22, 13]
138,4,7,[6, 5, 14, 9]
139,4,11,[5, 14, 9, 6]
140,4,6,[5, 14, 9, 6]
141,4,9,[5, 14, 9, 6]
142,4,12,[5, 14, 9, 6]
143,4,5,[6, 5, 14, 9]
144,4,4,[9, 6, 5, 14]
145,4,9,[6, 5, 14, 9]
146,2,3,[22, 13]
147,4,8,[5, 14, 9, 6]
148,4,10,[5, 14, 9, 6]
149,4,10,[5, 14, 9, 6]
150,4,6,[5, 14, 9, 6]
151,4,7,[5, 14, 9, 6]
152,4,9,[5, 14, 9, 6]
153,4,10,[5, 14, 9, 6]
154,4,5,[6, 5, 14, 9]
155,4,9,[5, 14, 9, 6]
156,4,5,[6, 5, 14, 9]
157,2,4,[13, 22]
158,4,9,[5, 14, 9, 6]
159,2,3,[22, 13]
160,4,6,[5, 14, 9, 6]
161,4,9,[5, 14, 9, 6]
162,4,4,[9, 6, 5, 14]
163,2,5,[22, 13]
164,4,7,[6, 5, 14, 9]
165,4,8,[6, 5, 14, 9]
166,2,3,[13, 22]
167,4,9,[6, 5, 14, 9]
168,4,6,[5, 14, 9, 6]
169,4,7,[5, 14, 9, 6]
170,4,5,[6, 5, 14, 9]
171,4,9,[5, 14, 9, 6]
172,2,4,[22, 13]
173,2,3,[13, 22]
174,4,9,[6, 5, 14, 9]
175,4,8,[5, 14, 9, 6]
176,4,8,[6, 5, 14, 9]
177,4,6,[9, 6, 5, 14]
178,4,6,[6, 5, 14, 9]
179,4,7,[6, 5, 14, 9]
180,4,6,[5, 14, 9, 6]
181,4,8,[5, 14, 9, 6]
182,2,2,[13, 22]
183,4,9,[5, 14, 9, 6]
184,4,11,[5, 14, 9, 6]
185,4,9,[5, 14, 9, 6]
186,4,9,[5, 14, 9, 6]
187,4,7,[6, 5, 14, 9]
188,4,6,[6, 5, 14, 9]
189,4,6,[5, 14, 9, 6]
190,4,7,[5, 14, 9, 6]
191,4,7,[5, 14, 9, 6]
192,4,6,[5, 14, 9, 6]
193,4,9,[5, 14, 9, 6]
194,4,9,[5, 14, 9, 6]
195,4,9,[5, 14, 9, 6]
196,4,6,[5, 14, 9, 6]
197,4,8,[5, 14, 9, 6]
198,4,8,[6, 5, 14, 9]
199,4,10,[5, 14, 9, 6]
200,4,6,[5, 14, 9, 6]
