1  1  [1, 1, 1, 1, 1, 1, 1, 1, 1, 1, 1, 1, 1, 1, 1, 1, 1, 1, 1]
2  5  [100, 14, 9, 6, 5, 100, 14, 9, 6, 5, 100, 14, 9, 6, 5, 100, 14, 9, 6]
3  5  [14, 9, 6, 5, 100, 14, 9, 6, 5, 100, 14, 9, 6, 5, 100, 14, 9, 6, 5]
4  1  [4, 4, 4, 4, 4, 4, 4, 4, 4, 4, 4, 4, 4, 4, 4, 4, 4, 4, 4]
5  5  [14, 9, 6, 5, 100, 14, 9, 6, 5, 100, 14, 9, 6, 5, 100, 14, 9, 6, 5]
6  5  [100, 14, 9, 6, 5, 100, 14, 9, 6, 5, 100, 14, 9, 6, 5, 100, 14, 9, 6]
7  2  [108, 13, 108, 13, 108, 13, 108, 13, 108, 13, 108, 13, 108, 13, 108, 13, 108, 13, 108]
8  5  [5, 100, 14, 9, 6, 5, 100, 14, 9, 6, 5, 100, 14, 9, 6, 5, 100, 14, 9]
9  5  [5, 100, 14, 9, 6, 5, 100, 14, 9, 6, 5, 100, 14, 9, 6, 5, 100, 14, 9]
10  2  [13, 108, 13, 108, 13, 108, 13, 108, 13, 108, 13, 108, 13, 108, 13, 108, 13, 108, 13]
11  5  [100, 14, 9, 6, 5, 100, 14, 9, 6, 5, 100, 14, 9, 6, 5, 100, 14, 9, 6]
12  2  [13, 108, 13, 108, 13, 108, 13, 108, 13, 108, 13, 108, 13, 108, 13, 108, 13, 108, 13]
13  2  [13, 108, 13, 108, 13, 108, 13, 108, 13, 108, 13, 108, 13, 108, 13, 108, 13, 108, 13]
14  5  [6, 5, 100, 14, 9, 6, 5, 100, 14, 9, 6, 5, 100, 14, 9, 6, 5, 100, 14]
15  5  [6, 5, 100, 14, 9, 6, 5, 100, 14, 9, 6, 5, 100, 14, 9, 6, 5, 100, 14]
16  5  [6, 5, 100, 14, 9, 6, 5, 100, 14, 9, 6, 5, 100, 14, 9, 6, 5, 100, 14]
17  5  [14, 9, 6, 5, 100, 14, 9, 6, 5, 100, 14, 9, 6, 5, 100, 14, 9, 6, 5]
18  5  [6, 5, 100, 14, 9, 6, 5, 100, 14, 9, 6, 5, 100, 14, 9, 6, 5, 100, 14]
19  5  [14, 9, 6, 5, 100, 14, 9, 6, 5, 100, 14, 9, 6, 5, 100, 14, 9, 6, 5]
20  5  [6, 5, 100, 14, 9, 6, 5, 100, 14, 9, 6, 5, 100, 14, 9, 6, 5, 100, 14]
21  2  [108, 13, 108, 13, 108, 13, 108, 13, 108, 13, 108, 13, 108, 13, 108, 13, 108, 13, 108]
22  2  [108, 13, 108, 13, 108, 13, 108, 13, 108, 13, 108, 13, 108, 13, 108, 13, 108, 13, 108]
23  5  [5, 100, 14, 9, 6, 5, 100, 14, 9, 6, 5, 100, 14, 9, 6, 5, 100, 14, 9]
24  5  [6, 5, 100, 14, 9, 6, 5, 100, 14, 9, 6, 5, 100, 14, 9, 6, 5, 100, 14]
25  2  [108, 13, 108, 13, 108, 13, 108, 13, 108, 13, 108, 13, 108, 13, 108, 13, 108, 13, 108]
26  5  [9, 6, 5, 100, 14, 9, 6, 5, 100, 14, 9, 6, 5, 100, 14, 9, 6, 5, 100]
27  5  [6, 5, 100, 14, 9, 6, 5, 100, 14, 9, 6, 5, 100, 14, 9, 6, 5, 100, 14]
28  5  [5, 100, 14, 9, 6, 5, 100, 14, 9, 6, 5, 100, 14, 9, 6, 5, 100, 14, 9]
29  2  [108, 13, 108, 13, 108, 13, 108, 13, 108, 13, 108, 13, 108, 13, 108, 13, 108, 13, 108]
30  2  [108, 13, 108, 13, 108, 13, 108, 13, 108, 13, 108, 13, 108, 13, 108, 13, 108, 13, 108]
31  5  [14, 9, 6, 5, 100, 14, 9, 6, 5, 100, 14, 9, 6, 5, 100, 14, 9, 6, 5]
32  2  [108, 13, 108, 13, 108, 13, 108, 13, 108, 13, 108, 13, 108, 13, 108, 13, 108, 13, 108]
33  5  [9, 6, 5, 100, 14, 9, 6, 5, 100, 14, 9, 6, 5, 100, 14, 9, 6, 5, 100]
34  5  [100, 14, 9, 6, 5, 100, 14, 9, 6, 5, 100, 14, 9, 6, 5, 100, 14, 9, 6]
35  2  [108, 13, 108, 13, 108, 13, 108, 13, 108, 13, 108, 13, 108, 13, 108, 13, 108, 13, 108]
36  2  [108, 13, 108, 13, 108, 13, 108, 13, 108, 13, 108, 13, 108, 13, 108, 13, 108, 13, 108]
37  5  [14, 9, 6, 5, 100, 14, 9, 6, 5, 100, 14, 9, 6, 5, 100, 14, 9, 6, 5]
38  2  [13, 108, 13, 108, 13, 108, 13, 108, 13, 108, 13, 108, 13, 108, 13, 108, 13, 108, 13]
39  5  [9, 6, 5, 100, 14, 9, 6, 5, 100, 14, 9, 6, 5, 100, 14, 9, 6, 5, 100]
40  5  [5, 100, 14, 9, 6, 5, 100, 14, 9, 6, 5, 100, 14, 9, 6, 5, 100, 14, 9]
41  5  [9, 6, 5, 100, 14, 9, 6, 5, 100, 14, 9, 6, 5, 100, 14, 9, 6, 5, 100]
42  2  [108, 13, 108, 13, 108, 13, 108, 13, 108, 13, 108, 13, 108, 13, 108, 13, 108, 13, 108]
43  5  [9, 6, 5, 100, 14, 9, 6, 5, 100, 14, 9, 6, 5, 100, 14, 9, 6, 5, 100]
44  5  [9, 6, 5, 100, 14, 9, 6, 5, 100, 14, 9, 6, 5, 100, 14, 9, 6, 5, 100]
45  5  [5, 100, 14, 9, 6, 5, 100, 14, 9, 6, 5, 100, 14, 9, 6, 5, 100, 14, 9]
46  2  [13, 108, 13, 108, 13, 108, 13, 108, 13, 108, 13, 108, 13, 108, 13, 108, 13, 108, 13]
47  5  [5, 100, 14, 9, 6, 5, 100, 14, 9, 6, 5, 100, 14, 9, 6, 5, 100, 14, 9]
48  5  [5, 100, 14, 9, 6, 5, 100, 14, 9, 6, 5, 100, 14, 9, 6, 5, 100, 14, 9]
49  5  [9, 6, 5, 100, 14, 9, 6, 5, 100, 14, 9, 6, 5, 100, 14, 9, 6, 5, 100]
50  2  [108, 13, 108, 13, 108, 13, 108, 13, 108, 13, 108, 13, 108, 13, 108, 13, 108, 13, 108]
51  5  [9, 6, 5, 100, 14, 9, 6, 5, 100, 14, 9, 6, 5, 100, 14, 9, 6, 5, 100]
52  5  [100, 14, 9, 6, 5, 100, 14, 9, 6, 5, 100, 14, 9, 6, 5, 100, 14, 9, 6]
53  5  [100, 14, 9, 6, 5, 100, 14, 9, 6, 5, 100, 14, 9, 6, 5, 100, 14, 9, 6]
54  5  [5, 100, 14, 9, 6, 5, 100, 14, 9, 6, 5, 100, 14, 9, 6, 5, 100, 14, 9]
55  5  [9, 6, 5, 100, 14, 9, 6, 5, 100, 14, 9, 6, 5, 100, 14, 9, 6, 5, 100]
56  2  [108, 13, 108, 13, 108, 13, 108, 13, 108, 13, 108, 13, 108, 13, 108, 13, 108, 13, 108]
57  2  [13, 108, 13, 108, 13, 108, 13, 108, 13, 108, 13, 108, 13, 108, 13, 108, 13, 108, 13]
58  5  [100, 14, 9, 6, 5, 100, 14, 9, 6, 5, 100, 14, 9, 6, 5, 100, 14, 9, 6]
59  5  [14, 9, 6, 5, 100, 14, 9, 6, 5, 100, 14, 9, 6, 5, 100, 14, 9, 6, 5]
60  2  [108, 13, 108, 13, 108, 13, 108, 13, 108, 13, 108, 13, 108, 13, 108, 13, 108, 13, 108]
61  5  [14, 9, 6, 5, 100, 14, 9, 6, 5, 100, 14, 9, 6, 5, 100, 14, 9, 6, 5]
62  5  [14, 9, 6, 5, 100, 14, 9, 6, 5, 100, 14, 9, 6, 5, 100, 14, 9, 6, 5]
63  2  [108, 13, 108, 13, 108, 13, 108, 13, 108, 13, 108, 13, 108, 13, 108, 13, 108, 13, 108]
64  2  [108, 13, 108, 13, 108, 13, 108, 13, 108, 13, 108, 13, 108, 13, 108, 13, 108, 13, 108]
65  5  [9, 6, 5, 100, 14, 9, 6, 5, 100, 14, 9, 6, 5, 100, 14, 9, 6, 5, 100]
66  5  [9, 6, 5, 100, 14, 9, 6, 5, 100, 14, 9, 6, 5, 100, 14, 9, 6, 5, 100]
67  5  [14, 9, 6, 5, 100, 14, 9, 6, 5, 100, 14, 9, 6, 5, 100, 14, 9, 6, 5]
68  2  [13, 108, 13, 108, 13, 108, 13, 108, 13, 108, 13, 108, 13, 108, 13, 108, 13, 108, 13]
69  5  [14, 9, 6, 5, 100, 14, 9, 6, 5, 100, 14, 9, 6, 5, 100, 14, 9, 6, 5]
70  5  [9, 6, 5, 100, 14, 9, 6, 5, 100, 14, 9, 6, 5, 100, 14, 9, 6, 5, 100]
71  2  [13, 108, 13, 108, 13, 108, 13, 108, 13, 108, 13, 108, 13, 108, 13, 108, 13, 108, 13]
72  2  [108, 13, 108, 13, 108, 13, 108, 13, 108, 13, 108, 13, 108, 13, 108, 13, 108, 13, 108]
73  5  [14, 9, 6, 5, 100, 14, 9, 6, 5, 100, 14, 9, 6, 5, 100, 14, 9, 6, 5]
74  5  [14, 9, 6, 5, 100, 14, 9, 6, 5, 100, 14, 9, 6, 5, 100, 14, 9, 6, 5]
75  2  [108, 13, 108, 13, 108, 13, 108, 13, 108, 13, 108, 13, 108, 13, 108, 13, 108, 13, 108]
76  5  [6, 5, 100, 14, 9, 6, 5, 100, 14, 9, 6, 5, 100, 14, 9, 6, 5, 100, 14]
77  5  [9, 6, 5, 100, 14, 9, 6, 5, 100, 14, 9, 6, 5, 100, 14, 9, 6, 5, 100]
78  5  [9, 6, 5, 100, 14, 9, 6, 5, 100, 14, 9, 6, 5, 100, 14, 9, 6, 5, 100]
79  5  [6, 5, 100, 14, 9, 6, 5, 100, 14, 9, 6, 5, 100, 14, 9, 6, 5, 100, 14]
80  2  [108, 13, 108, 13, 108, 13, 108, 13, 108, 13, 108, 13, 108, 13, 108, 13, 108, 13, 108]
81  2  [108, 13, 108, 13, 108, 13, 108, 13, 108, 13, 108, 13, 108, 13, 108, 13, 108, 13, 108]
82  5  [14, 9, 6, 5, 100, 14, 9, 6, 5, 100, 14, 9, 6, 5, 100, 14, 9, 6, 5]
83  5  [100, 14, 9, 6, 5, 100, 14, 9, 6, 5, 100, 14, 9, 6, 5, 100, 14, 9, 6]
84  5  [9, 6, 5, 100, 14, 9, 6, 5, 100, 14, 9, 6, 5, 100, 14, 9, 6, 5, 100]
85  2  [13, 108, 13, 108, 13, 108, 13, 108, 13, 108, 13, 108, 13, 108, 13, 108, 13, 108, 13]
86  5  [6, 5, 100, 14, 9, 6, 5, 100, 14, 9, 6, 5, 100, 14, 9, 6, 5, 100, 14]
87  2  [13, 108, 13, 108, 13, 108, 13, 108, 13, 108, 13, 108, 13, 108, 13, 108, 13, 108, 13]
88  5  [100, 14, 9, 6, 5, 100, 14, 9, 6, 5, 100, 14, 9, 6, 5, 100, 14, 9, 6]
89  2  [108, 13, 108, 13, 108, 13, 108, 13, 108, 13, 108, 13, 108, 13, 108, 13, 108, 13, 108]
90  2  [108, 13, 108, 13, 108, 13, 108, 13, 108, 13, 108, 13, 108, 13, 108, 13, 108, 13, 108]
91  5  [9, 6, 5, 100, 14, 9, 6, 5, 100, 14, 9, 6, 5, 100, 14, 9, 6, 5, 100]
92  5  [9, 6, 5, 100, 14, 9, 6, 5, 100, 14, 9, 6, 5, 100, 14, 9, 6, 5, 100]
93  5  [5, 100, 14, 9, 6, 5, 100, 14, 9, 6, 5, 100, 14, 9, 6, 5, 100, 14, 9]
94  5  [14, 9, 6, 5, 100, 14, 9, 6, 5, 100, 14, 9, 6, 5, 100, 14, 9, 6, 5]
95  5  [9, 6, 5, 100, 14, 9, 6, 5, 100, 14, 9, 6, 5, 100, 14, 9, 6, 5, 100]
96  2  [108, 13, 108, 13, 108, 13, 108, 13, 108, 13, 108, 13, 108, 13, 108, 13, 108, 13, 108]
97  5  [14, 9, 6, 5, 100, 14, 9, 6, 5, 100, 14, 9, 6, 5, 100, 14, 9, 6, 5]
98  5  [9, 6, 5, 100, 14, 9, 6, 5, 100, 14, 9, 6, 5, 100, 14, 9, 6, 5, 100]
99  5  [100, 14, 9, 6, 5, 100, 14, 9, 6, 5, 100, 14, 9, 6, 5, 100, 14, 9, 6]
100  5  [9, 6, 5, 100, 14, 9, 6, 5, 100, 14, 9, 6, 5, 100, 14, 9, 6, 5, 100]
101  5  [14, 9, 6, 5, 100, 14, 9, 6, 5, 100, 14, 9, 6, 5, 100, 14, 9, 6, 5]
102  2  [13, 108, 13, 108, 13, 108, 13, 108, 13, 108, 13, 108, 13, 108, 13, 108, 13, 108, 13]
103  5  [5, 100, 14, 9, 6, 5, 100, 14, 9, 6, 5, 100, 14, 9, 6, 5, 100, 14, 9]
104  5  [100, 14, 9, 6, 5, 100, 14, 9, 6, 5, 100, 14, 9, 6, 5, 100, 14, 9, 6]
