1,1,0,[1]
2,8,10,[8, 6, 5, 369, 47, 411, 140, 16]
3,4,6,[12, 7, 371, 60]
4,1,0,[4]
5,8,7,[369, 47, 411, 140, 16, 8, 6, 5]
6,8,7,[5, 369, 47, 411, 140, 16, 8, 6]
7,4,3,[371, 60, 12, 7]
8,8,7,[6, 5, 369, 47, 411, 140, 16, 8]
9,8,8,[5, 369, 47, 411, 140, 16, 8, 6]
10,4,4,[371, 60, 12, 7]
11,8,10,[6, 5, 369, 47, 411, 140, 16, 8]
12,4,3,[7, 371, 60, 12]
13,4,6,[7, 371, 60, 12]
14,8,9,[5, 369, 47, 411, 140, 16, 8, 6]
15,8,8,[6, 5, 369, 47, 411, 140, 16, 8]
16,8,7,[8, 6, 5, 369, 47, 411, 140, 16]
17,8,12,[5, 369, 47, 411, 140, 16, 8, 6]
18,8,8,[6, 5, 369, 47, 411, 140, 16, 8]
19,8,15,[5, 369, 47, 411, 140, 16, 8, 6]
20,8,9,[5, 369, 47, 411, 140, 16, 8, 6]
21,4,5,[371, 60, 12, 7]
22,4,7,[7, 371, 60, 12]
23,8,12,[5, 369, 47, 411, 140, 16, 8, 6]
24,8,9,[5, 369, 47, 411, 140, 16, 8, 6]
25,4,5,[371, 60, 12, 7]
26,8,9,[6, 5, 369, 47, 411, 140, 16, 8]
27,8,9,[5, 369, 47, 411, 140, 16, 8, 6]
28,8,11,[6, 5, 369, 47, 411, 140, 16, 8]
29,8,13,[6, 5, 369, 47, 411, 140, 16, 8]
30,4,5,[371, 60, 12, 7]
31,8,12,[5, 369, 47, 411, 140, 16, 8, 6]
32,4,5,[371, 60, 12, 7]
33,8,10,[5, 369, 47, 411, 140, 16, 8, 6]
34,8,16,[5, 369, 47, 411, 140, 16, 8, 6]
35,4,4,[7, 371, 60, 12]
36,4,5,[371, 60, 12, 7]
37,8,14,[6, 5, 369, 47, 411, 140, 16, 8]
38,4,6,[371, 60, 12, 7]
39,8,8,[8, 6, 5, 369, 47, 411, 140, 16]
40,8,11,[6, 5, 369, 47, 411, 140, 16, 8]
41,8,14,[5, 369, 47, 411, 140, 16, 8, 6]
42,4,4,[7, 371, 60, 12]
43,8,13,[6, 5, 369, 47, 411, 140, 16, 8]
44,8,9,[6, 5, 369, 47, 411, 140, 16, 8]
45,8,11,[6, 5, 369, 47, 411, 140, 16, 8]
46,4,6,[371, 60, 12, 7]
47,8,7,[411, 140, 16, 8, 6, 5, 369, 47]
48,8,11,[6, 5, 369, 47, 411, 140, 16, 8]
49,8,10,[5, 369, 47, 411, 140, 16, 8, 6]
50,4,4,[7, 371, 60, 12]
51,8,10,[5, 369, 47, 411, 140, 16, 8, 6]
52,8,13,[5, 369, 47, 411, 140, 16, 8, 6]
53,4,9,[7, 371, 60, 12]
54,8,11,[6, 5, 369, 47, 411, 140, 16, 8]
55,8,8,[8, 6, 5, 369, 47, 411, 140, 16]
56,4,7,[7, 371, 60, 12]
57,4,8,[7, 371, 60, 12]
58,8,13,[5, 369, 47, 411, 140, 16, 8, 6]
59,4,11,[7, 371, 60, 12]
60,4,3,[12, 7, 371, 60]
61,8,11,[5, 369, 47, 411, 140, 16, 8, 6]
62,8,11,[5, 369, 47, 411, 140, 16, 8, 6]
63,4,7,[7, 371, 60, 12]
64,4,4,[7, 371, 60, 12]
65,8,9,[6, 5, 369, 47, 411, 140, 16, 8]
66,8,8,[8, 6, 5, 369, 47, 411, 140, 16]
67,8,14,[5, 369, 47, 411, 140, 16, 8, 6]
68,4,6,[371, 60, 12, 7]
69,8,10,[6, 5, 369, 47, 411, 140, 16, 8]
70,8,10,[5, 369, 47, 411, 140, 16, 8, 6]
71,8,16,[6, 5, 369, 47, 411, 140, 16, 8]
72,4,4,[7, 371, 60, 12]
73,4,6,[7, 371, 60, 12]
74,8,9,[8, 6, 5, 369, 47, 411, 140, 16]
75,4,7,[7, 371, 60, 12]
76,8,13,[5, 369, 47, 411, 140, 16, 8, 6]
77,8,9,[6, 5, 369, 47, 411, 140, 16, 8]
78,8,9,[6, 5, 369, 47, 411, 140, 16, 8]
79,4,9,[371, 60, 12, 7]
80,4,7,[7, 371, 60, 12]
81,4,4,[7, 371, 60, 12]
82,8,14,[6, 5, 369, 47, 411, 140, 16, 8]
83,4,8,[371, 60, 12, 7]
84,8,10,[5, 369, 47, 411, 140, 16, 8, 6]
85,4,8,[7, 371, 60, 12]
86,8,12,[6, 5, 369, 47, 411, 140, 16, 8]
87,4,6,[371, 60, 12, 7]
88,8,13,[5, 369, 47, 411, 140, 16, 8, 6]
89,8,12,[5, 369, 47, 411, 140, 16, 8, 6]
90,4,7,[7, 371, 60, 12]
91,8,10,[5, 369, 47, 411, 140, 16, 8, 6]
92,8,10,[5, 369, 47, 411, 140, 16, 8, 6]
93,8,17,[5, 369, 47, 411, 140, 16, 8, 6]
94,8,11,[5, 369, 47, 411, 140, 16, 8, 6]
95,8,10,[5, 369, 47, 411, 140, 16, 8, 6]
96,4,7,[7, 371, 60, 12]
97,8,12,[5, 369, 47, 411, 140, 16, 8, 6]
98,8,8,[8, 6, 5, 369, 47, 411, 140, 16]
99,8,13,[5, 369, 47, 411, 140, 16, 8, 6]
100,8,10,[5, 369, 47, 411, 140, 16, 8, 6]
101,8,10,[8, 6, 5, 369, 47, 411, 140, 16]
102,4,8,[7, 371, 60, 12]
103,8,12,[6, 5, 369, 47, 411, 140, 16, 8]
104,8,16,[5, 369, 47, 411, 140, 16, 8, 6]
105,8,9,[6, 5, 369, 47, 411, 140, 16, 8]
106,8,9,[8, 6, 5, 369, 47, 411, 140, 16]
107,8,11,[6, 5, 369, 47, 411, 140, 16, 8]
108,4,7,[7, 371, 60, 12]
109,8,13,[6, 5, 369, 47, 411, 140, 16, 8]
110,8,9,[6, 5, 369, 47, 411, 140, 16, 8]
111,8,12,[6, 5, 369, 47, 411, 140, 16, 8]
112,8,9,[6, 5, 369, 47, 411, 140, 16, 8]
113,4,13,[7, 371, 60, 12]
114,8,10,[5, 369, 47, 411, 140, 16, 8, 6]
115,8,12,[6, 5, 369, 47, 411, 140, 16, 8]
116,8,11,[5, 369, 47, 411, 140, 16, 8, 6]
117,8,16,[5, 369, 47, 411, 140, 16, 8, 6]
118,8,12,[5, 369, 47, 411, 140, 16, 8, 6]
119,8,10,[5, 369, 47, 411, 140, 16, 8, 6]
120,8,10,[5, 369, 47, 411, 140, 16, 8, 6]
121,4,8,[7, 371, 60, 12]
122,4,8,[7, 371, 60, 12]
123,8,10,[6, 5, 369, 47, 411, 140, 16, 8]
124,4,5,[7, 371, 60, 12]
125,8,9,[6, 5, 369, 47, 411, 140, 16, 8]
126,8,9,[6, 5, 369, 47, 411, 140, 16, 8]
127,4,8,[371, 60, 12, 7]
128,8,10,[5, 369, 47, 411, 140, 16, 8, 6]
129,4,7,[371, 60, 12, 7]
130,8,10,[5, 369, 47, 411, 140, 16, 8, 6]
131,4,9,[7, 371, 60, 12]
132,8,9,[6, 5, 369, 47, 411, 140, 16, 8]
133,8,10,[6, 5, 369, 47, 411, 140, 16, 8]
134,8,11,[6, 5, 369, 47, 411, 140, 16, 8]
135,8,10,[5, 369, 47, 411, 140, 16, 8, 6]
136,8,13,[5, 369, 47, 411, 140, 16, 8, 6]
137,8,12,[5, 369, 47, 411, 140, 16, 8, 6]
138,8,12,[6, 5, 369, 47, 411, 140, 16, 8]
139,8,17,[6, 5, 369, 47, 411, 140, 16, 8]
140,8,7,[16, 8, 6, 5, 369, 47, 411, 140]
141,4,5,[7, 371, 60, 12]
142,4,7,[7, 371, 60, 12]
143,8,10,[5, 369, 47, 411, 140, 16, 8, 6]
144,8,10,[5, 369, 47, 411, 140, 16, 8, 6]
145,8,17,[5, 369, 47, 411, 140, 16, 8, 6]
146,4,8,[7, 371, 60, 12]
147,8,13,[5, 369, 47, 411, 140, 16, 8, 6]
148,8,15,[5, 369, 47, 411, 140, 16, 8, 6]
149,8,13,[6, 5, 369, 47, 411, 140, 16, 8]
150,8,9,[6, 5, 369, 47, 411, 140, 16, 8]
151,4,9,[7, 371, 60, 12]
152,4,6,[371, 60, 12, 7]
153,8,13,[5, 369, 47, 411, 140, 16, 8, 6]
154,8,10,[5, 369, 47, 411, 140, 16, 8, 6]
155,4,6,[371, 60, 12, 7]
156,8,10,[5, 369, 47, 411, 140, 16, 8, 6]
157,8,17,[5, 369, 47, 411, 140, 16, 8, 6]
158,4,5,[7, 371, 60, 12]
159,4,8,[7, 371, 60, 12]
160,8,9,[6, 5, 369, 47, 411, 140, 16, 8]
161,4,6,[371, 60, 12, 7]
162,8,10,[5, 369, 47, 411, 140, 16, 8, 6]
163,8,13,[6, 5, 369, 47, 411, 140, 16, 8]
164,8,12,[6, 5, 369, 47, 411, 140, 16, 8]
165,8,16,[5, 369, 47, 411, 140, 16, 8, 6]
166,4,9,[7, 371, 60, 12]
167,8,11,[6, 5, 369, 47, 411, 140, 16, 8]
168,8,8,[8, 6, 5, 369, 47, 411, 140, 16]
169,8,10,[6, 5, 369, 47, 411, 140, 16, 8]
170,8,10,[5, 369, 47, 411, 140, 16, 8, 6]
171,4,6,[371, 60, 12, 7]
172,8,8,[411, 140, 16, 8, 6, 5, 369, 47]
173,4,10,[7, 371, 60, 12]
174,8,17,[5, 369, 47, 411, 140, 16, 8, 6]
175,8,13,[5, 369, 47, 411, 140, 16, 8, 6]
176,8,16,[5, 369, 47, 411, 140, 16, 8, 6]
177,8,12,[5, 369, 47, 411, 140, 16, 8, 6]
178,8,11,[5, 369, 47, 411, 140, 16, 8, 6]
179,8,16,[6, 5, 369, 47, 411, 140, 16, 8]
180,8,9,[6, 5, 369, 47, 411, 140, 16, 8]
181,8,12,[5, 369, 47, 411, 140, 16, 8, 6]
182,4,8,[7, 371, 60, 12]
183,4,5,[7, 371, 60, 12]
184,8,14,[6, 5, 369, 47, 411, 140, 16, 8]
185,4,5,[7, 371, 60, 12]
186,4,6,[371, 60, 12, 7]
187,8,12,[6, 5, 369, 47, 411, 140, 16, 8]
188,8,11,[5, 369, 47, 411, 140, 16, 8, 6]
189,8,8,[8, 6, 5, 369, 47, 411, 140, 16]
190,8,10,[6, 5, 369, 47, 411, 140, 16, 8]
191,8,13,[6, 5, 369, 47, 411, 140, 16, 8]
192,8,9,[6, 5, 369, 47, 411, 140, 16, 8]
193,4,10,[371, 60, 12, 7]
194,8,14,[5, 369, 47, 411, 140, 16, 8, 6]
195,4,6,[371, 60, 12, 7]
196,8,9,[6, 5, 369, 47, 411, 140, 16, 8]
197,8,14,[5, 369, 47, 411, 140, 16, 8, 6]
198,8,16,[5, 369, 47, 411, 140, 16, 8, 6]
199,8,16,[6, 5, 369, 47, 411, 140, 16, 8]
200,8,8,[8, 6, 5, 369, 47, 411, 140, 16]
