1  1  [1]
2  8  [198, 19, 210, 17, 208, 21, 10, 7]
3  8  [198, 19, 210, 17, 208, 21, 10, 7]
4  1  [4]
5  5  [18, 8, 6, 5, 196]
6  5  [196, 18, 8, 6, 5]
7  8  [7, 198, 19, 210, 17, 208, 21, 10]
8  5  [5, 196, 18, 8, 6]
9  5  [5, 196, 18, 8, 6]
10  8  [10, 7, 198, 19, 210, 17, 208, 21]
11  8  [21, 10, 7, 198, 19, 210, 17, 208]
12  8  [10, 7, 198, 19, 210, 17, 208, 21]
13  5  [18, 8, 6, 5, 196]
14  5  [6, 5, 196, 18, 8]
15  5  [6, 5, 196, 18, 8]
16  5  [6, 5, 196, 18, 8]
17  8  [17, 208, 21, 10, 7, 198, 19, 210]
18  5  [6, 5, 196, 18, 8]
19  8  [19, 210, 17, 208, 21, 10, 7, 198]
20  5  [6, 5, 196, 18, 8]
21  8  [21, 10, 7, 198, 19, 210, 17, 208]
22  5  [196, 18, 8, 6, 5]
23  8  [7, 198, 19, 210, 17, 208, 21, 10]
24  5  [6, 5, 196, 18, 8]
25  8  [21, 10, 7, 198, 19, 210, 17, 208]
26  5  [8, 6, 5, 196, 18]
27  5  [6, 5, 196, 18, 8]
28  8  [208, 21, 10, 7, 198, 19, 210, 17]
29  5  [18, 8, 6, 5, 196]
30  8  [21, 10, 7, 198, 19, 210, 17, 208]
31  8  [17, 208, 21, 10, 7, 198, 19, 210]
32  8  [21, 10, 7, 198, 19, 210, 17, 208]
33  5  [8, 6, 5, 196, 18]
34  8  [198, 19, 210, 17, 208, 21, 10, 7]
35  8  [21, 10, 7, 198, 19, 210, 17, 208]
36  8  [21, 10, 7, 198, 19, 210, 17, 208]
37  5  [196, 18, 8, 6, 5]
38  8  [208, 21, 10, 7, 198, 19, 210, 17]
39  5  [8, 6, 5, 196, 18]
40  8  [208, 21, 10, 7, 198, 19, 210, 17]
41  8  [17, 208, 21, 10, 7, 198, 19, 210]
42  8  [21, 10, 7, 198, 19, 210, 17, 208]
43  8  [17, 208, 21, 10, 7, 198, 19, 210]
44  5  [8, 6, 5, 196, 18]
45  8  [208, 21, 10, 7, 198, 19, 210, 17]
46  8  [208, 21, 10, 7, 198, 19, 210, 17]
47  5  [196, 18, 8, 6, 5]
48  8  [208, 21, 10, 7, 198, 19, 210, 17]
49  5  [8, 6, 5, 196, 18]
50  8  [21, 10, 7, 198, 19, 210, 17, 208]
51  5  [8, 6, 5, 196, 18]
52  8  [210, 17, 208, 21, 10, 7, 198, 19]
53  5  [196, 18, 8, 6, 5]
54  8  [208, 21, 10, 7, 198, 19, 210, 17]
55  5  [8, 6, 5, 196, 18]
56  5  [196, 18, 8, 6, 5]
57  5  [5, 196, 18, 8, 6]
58  8  [210, 17, 208, 21, 10, 7, 198, 19]
59  8  [19, 210, 17, 208, 21, 10, 7, 198]
60  8  [21, 10, 7, 198, 19, 210, 17, 208]
61  8  [19, 210, 17, 208, 21, 10, 7, 198]
62  5  [18, 8, 6, 5, 196]
63  5  [196, 18, 8, 6, 5]
64  8  [21, 10, 7, 198, 19, 210, 17, 208]
65  5  [8, 6, 5, 196, 18]
66  5  [8, 6, 5, 196, 18]
67  8  [210, 17, 208, 21, 10, 7, 198, 19]
68  8  [208, 21, 10, 7, 198, 19, 210, 17]
69  5  [18, 8, 6, 5, 196]
70  5  [8, 6, 5, 196, 18]
71  5  [5, 196, 18, 8, 6]
72  8  [21, 10, 7, 198, 19, 210, 17, 208]
73  5  [18, 8, 6, 5, 196]
74  5  [18, 8, 6, 5, 196]
75  5  [196, 18, 8, 6, 5]
76  8  [10, 7, 198, 19, 210, 17, 208, 21]
77  5  [8, 6, 5, 196, 18]
78  5  [8, 6, 5, 196, 18]
79  5  [18, 8, 6, 5, 196]
80  5  [196, 18, 8, 6, 5]
81  8  [21, 10, 7, 198, 19, 210, 17, 208]
82  8  [210, 17, 208, 21, 10, 7, 198, 19]
83  8  [19, 210, 17, 208, 21, 10, 7, 198]
84  5  [8, 6, 5, 196, 18]
85  5  [5, 196, 18, 8, 6]
86  8  [17, 208, 21, 10, 7, 198, 19, 210]
87  8  [208, 21, 10, 7, 198, 19, 210, 17]
88  8  [210, 17, 208, 21, 10, 7, 198, 19]
89  5  [18, 8, 6, 5, 196]
90  5  [196, 18, 8, 6, 5]
91  5  [8, 6, 5, 196, 18]
92  5  [8, 6, 5, 196, 18]
93  8  [7, 198, 19, 210, 17, 208, 21, 10]
94  5  [18, 8, 6, 5, 196]
95  5  [8, 6, 5, 196, 18]
96  5  [196, 18, 8, 6, 5]
97  5  [18, 8, 6, 5, 196]
98  5  [8, 6, 5, 196, 18]
99  8  [210, 17, 208, 21, 10, 7, 198, 19]
100  5  [8, 6, 5, 196, 18]
101  5  [196, 18, 8, 6, 5]
102  5  [5, 196, 18, 8, 6]
103  8  [7, 198, 19, 210, 17, 208, 21, 10]
104  8  [198, 19, 210, 17, 208, 21, 10, 7]
