1  1  0 [1]
2  5  10 [9, 6, 5, 130, 20]
3  5  3 [9, 6, 5, 130, 20]
4  1  0 [4]
5  5  0 [5, 130, 20, 9, 6]
6  5  0 [6, 5, 130, 20, 9]
7  5  4 [6, 5, 130, 20, 9]
8  5  1 [6, 5, 130, 20, 9]
9  5  0 [9, 6, 5, 130, 20]
10  5  5 [6, 5, 130, 20, 9]
11  11  0 [11, 136, 23, 148, 41, 166, 85, 22, 13, 138, 28]
12  5  5 [6, 5, 130, 20, 9]
13  11  0 [13, 138, 28, 11, 136, 23, 148, 41, 166, 85, 22]
14  5  1 [9, 6, 5, 130, 20]
15  5  2 [6, 5, 130, 20, 9]
16  5  2 [6, 5, 130, 20, 9]
17  5  7 [9, 6, 5, 130, 20]
18  5  2 [6, 5, 130, 20, 9]
19  5  3 [9, 6, 5, 130, 20]
20  5  0 [20, 9, 6, 5, 130]
21  5  6 [6, 5, 130, 20, 9]
22  11  0 [22, 13, 138, 28, 11, 136, 23, 148, 41, 166, 85]
23  11  0 [23, 148, 41, 166, 85, 22, 13, 138, 28, 11, 136]
24  5  1 [9, 6, 5, 130, 20]
25  5  6 [6, 5, 130, 20, 9]
26  5  3 [6, 5, 130, 20, 9]
27  5  1 [9, 6, 5, 130, 20]
28  11  0 [28, 11, 136, 23, 148, 41, 166, 85, 22, 13, 138]
29  5  2 [20, 9, 6, 5, 130]
30  5  6 [6, 5, 130, 20, 9]
31  5  2 [20, 9, 6, 5, 130]
32  5  6 [6, 5, 130, 20, 9]
33  5  2 [9, 6, 5, 130, 20]
34  5  4 [9, 6, 5, 130, 20]
35  5  6 [6, 5, 130, 20, 9]
36  5  6 [6, 5, 130, 20, 9]
37  5  3 [9, 6, 5, 130, 20]
38  5  7 [6, 5, 130, 20, 9]
39  5  3 [6, 5, 130, 20, 9]
40  11  1 [11, 136, 23, 148, 41, 166, 85, 22, 13, 138, 28]
41  11  0 [41, 166, 85, 22, 13, 138, 28, 11, 136, 23, 148]
42  5  6 [6, 5, 130, 20, 9]
43  5  4 [6, 5, 130, 20, 9]
44  5  3 [6, 5, 130, 20, 9]
45  11  1 [11, 136, 23, 148, 41, 166, 85, 22, 13, 138, 28]
46  5  7 [6, 5, 130, 20, 9]
47  2  0 [47, 172]
48  11  1 [11, 136, 23, 148, 41, 166, 85, 22, 13, 138, 28]
49  5  2 [9, 6, 5, 130, 20]
50  5  6 [6, 5, 130, 20, 9]
51  5  1 [20, 9, 6, 5, 130]
52  5  8 [9, 6, 5, 130, 20]
53  5  3 [20, 9, 6, 5, 130]
54  11  1 [11, 136, 23, 148, 41, 166, 85, 22, 13, 138, 28]
55  5  3 [6, 5, 130, 20, 9]
56  11  1 [13, 138, 28, 11, 136, 23, 148, 41, 166, 85, 22]
57  11  1 [22, 13, 138, 28, 11, 136, 23, 148, 41, 166, 85]
58  5  3 [20, 9, 6, 5, 130]
59  5  4 [20, 9, 6, 5, 130]
60  5  6 [6, 5, 130, 20, 9]
61  5  8 [6, 5, 130, 20, 9]
62  5  3 [9, 6, 5, 130, 20]
63  11  1 [13, 138, 28, 11, 136, 23, 148, 41, 166, 85, 22]
64  5  6 [6, 5, 130, 20, 9]
65  5  3 [6, 5, 130, 20, 9]
66  5  3 [6, 5, 130, 20, 9]
67  5  4 [6, 5, 130, 20, 9]
68  5  7 [6, 5, 130, 20, 9]
69  5  4 [6, 5, 130, 20, 9]
70  5  2 [9, 6, 5, 130, 20]
71  5  4 [6, 5, 130, 20, 9]
72  5  6 [6, 5, 130, 20, 9]
73  5  5 [9, 6, 5, 130, 20]
74  5  4 [6, 5, 130, 20, 9]
75  11  1 [13, 138, 28, 11, 136, 23, 148, 41, 166, 85, 22]
76  11  1 [23, 148, 41, 166, 85, 22, 13, 138, 28, 11, 136]
77  5  3 [6, 5, 130, 20, 9]
78  5  3 [6, 5, 130, 20, 9]
79  5  3 [9, 6, 5, 130, 20]
80  11  1 [13, 138, 28, 11, 136, 23, 148, 41, 166, 85, 22]
81  5  6 [6, 5, 130, 20, 9]
82  5  5 [6, 5, 130, 20, 9]
83  5  8 [6, 5, 130, 20, 9]
84  5  2 [9, 6, 5, 130, 20]
85  11  0 [85, 22, 13, 138, 28, 11, 136, 23, 148, 41, 166]
86  11  2 [11, 136, 23, 148, 41, 166, 85, 22, 13, 138, 28]
87  5  7 [6, 5, 130, 20, 9]
88  5  8 [9, 6, 5, 130, 20]
89  5  10 [6, 5, 130, 20, 9]
90  11  1 [13, 138, 28, 11, 136, 23, 148, 41, 166, 85, 22]
91  5  1 [20, 9, 6, 5, 130]
92  5  2 [9, 6, 5, 130, 20]
93  5  5 [9, 6, 5, 130, 20]
94  5  3 [9, 6, 5, 130, 20]
95  5  2 [9, 6, 5, 130, 20]
96  11  1 [13, 138, 28, 11, 136, 23, 148, 41, 166, 85, 22]
97  5  8 [6, 5, 130, 20, 9]
98  5  3 [6, 5, 130, 20, 9]
99  5  8 [9, 6, 5, 130, 20]
100  5  2 [9, 6, 5, 130, 20]
