1,1,0,[1]
2,5,6,[9, 6, 5, 162, 14]
3,5,4,[6, 5, 162, 14, 9]
4,1,0,[4]
5,5,0,[5, 162, 14, 9, 6]
6,5,0,[6, 5, 162, 14, 9]
7,5,7,[6, 5, 162, 14, 9]
8,5,1,[6, 5, 162, 14, 9]
9,5,0,[9, 6, 5, 162, 14]
10,5,8,[6, 5, 162, 14, 9]
11,5,4,[6, 5, 162, 14, 9]
12,5,8,[6, 5, 162, 14, 9]
13,5,3,[9, 6, 5, 162, 14]
14,5,0,[14, 9, 6, 5, 162]
15,5,2,[6, 5, 162, 14, 9]
16,5,2,[6, 5, 162, 14, 9]
17,2,3,[19, 176]
18,5,2,[6, 5, 162, 14, 9]
19,2,0,[19, 176]
20,5,1,[9, 6, 5, 162, 14]
21,5,9,[6, 5, 162, 14, 9]
22,5,4,[9, 6, 5, 162, 14]
23,5,4,[6, 5, 162, 14, 9]
24,5,1,[9, 6, 5, 162, 14]
25,5,9,[6, 5, 162, 14, 9]
26,5,3,[6, 5, 162, 14, 9]
27,5,1,[9, 6, 5, 162, 14]
28,5,5,[6, 5, 162, 14, 9]
29,5,11,[6, 5, 162, 14, 9]
30,5,9,[6, 5, 162, 14, 9]
31,5,4,[9, 6, 5, 162, 14]
32,5,9,[6, 5, 162, 14, 9]
33,5,1,[14, 9, 6, 5, 162]
34,2,1,[19, 176]
35,5,9,[6, 5, 162, 14, 9]
36,5,9,[6, 5, 162, 14, 9]
37,2,6,[19, 176]
38,5,10,[6, 5, 162, 14, 9]
39,5,3,[6, 5, 162, 14, 9]
40,5,5,[6, 5, 162, 14, 9]
41,2,2,[19, 176]
42,5,9,[6, 5, 162, 14, 9]
43,5,4,[6, 5, 162, 14, 9]
44,5,3,[6, 5, 162, 14, 9]
45,5,5,[6, 5, 162, 14, 9]
46,5,10,[6, 5, 162, 14, 9]
47,5,3,[9, 6, 5, 162, 14]
48,5,5,[6, 5, 162, 14, 9]
49,5,1,[14, 9, 6, 5, 162]
50,5,9,[6, 5, 162, 14, 9]
51,5,2,[9, 6, 5, 162, 14]
52,2,4,[19, 176]
53,2,5,[19, 176]
54,5,5,[6, 5, 162, 14, 9]
55,5,3,[6, 5, 162, 14, 9]
56,5,4,[9, 6, 5, 162, 14]
57,5,5,[9, 6, 5, 162, 14]
58,5,5,[9, 6, 5, 162, 14]
59,5,4,[6, 5, 162, 14, 9]
60,5,9,[6, 5, 162, 14, 9]
61,5,8,[6, 5, 162, 14, 9]
62,5,2,[14, 9, 6, 5, 162]
63,5,4,[9, 6, 5, 162, 14]
64,5,9,[6, 5, 162, 14, 9]
65,5,3,[6, 5, 162, 14, 9]
66,5,3,[6, 5, 162, 14, 9]
67,2,5,[19, 176]
68,5,10,[6, 5, 162, 14, 9]
69,5,4,[6, 5, 162, 14, 9]
70,5,1,[14, 9, 6, 5, 162]
71,5,5,[6, 5, 162, 14, 9]
72,5,9,[6, 5, 162, 14, 9]
73,5,11,[6, 5, 162, 14, 9]
74,5,4,[6, 5, 162, 14, 9]
75,5,4,[9, 6, 5, 162, 14]
76,5,5,[6, 5, 162, 14, 9]
77,5,3,[6, 5, 162, 14, 9]
78,5,3,[6, 5, 162, 14, 9]
79,5,6,[9, 6, 5, 162, 14]
80,5,4,[9, 6, 5, 162, 14]
81,5,9,[6, 5, 162, 14, 9]
82,5,5,[6, 5, 162, 14, 9]
83,5,4,[6, 5, 162, 14, 9]
84,5,1,[14, 9, 6, 5, 162]
85,5,5,[9, 6, 5, 162, 14]
86,5,6,[6, 5, 162, 14, 9]
87,5,10,[6, 5, 162, 14, 9]
88,2,4,[19, 176]
89,5,12,[6, 5, 162, 14, 9]
90,5,4,[9, 6, 5, 162, 14]
91,5,2,[9, 6, 5, 162, 14]
92,5,2,[9, 6, 5, 162, 14]
93,2,2,[19, 176]
94,5,2,[14, 9, 6, 5, 162]
95,5,2,[9, 6, 5, 162, 14]
96,5,4,[9, 6, 5, 162, 14]
97,5,13,[6, 5, 162, 14, 9]
98,5,3,[6, 5, 162, 14, 9]
99,2,4,[19, 176]
100,5,1,[14, 9, 6, 5, 162]
