1,1,0,[1],[0]
2,7,5,[7, 11, 12, 28, 50, 816, 820],[1, 1, 0, 0, 0, 0, 0]
3,7,3,[7, 11, 12, 28, 50, 816, 820],[1, 1, 0, 0, 0, 0, 0]
4,1,0,[4],[0]
5,7,2,[7, 11, 12, 28, 50, 816, 820],[1, 1, 0, 0, 0, 0, 0]
6,7,3,[7, 11, 12, 28, 50, 816, 820],[1, 1, 0, 0, 0, 0, 0]
7,7,0,[7, 11, 12, 28, 50, 816, 820],[1, 1, 0, 0, 0, 0, 0]
8,7,4,[7, 11, 12, 28, 50, 816, 820],[1, 1, 0, 0, 0, 0, 0]
9,7,4,[7, 11, 12, 28, 50, 816, 820],[1, 1, 0, 0, 0, 0, 0]
10,7,1,[7, 11, 12, 28, 50, 816, 820],[1, 1, 0, 0, 0, 0, 0]
11,7,0,[7, 11, 12, 28, 50, 816, 820],[1, 1, 0, 0, 0, 0, 0]
12,7,0,[7, 11, 12, 28, 50, 816, 820],[1, 1, 0, 0, 0, 0, 0]
13,6,0,[13, 22, 73, 142, 822, 882],[1, 0, 1, 0, 0, 0]
14,7,5,[7, 11, 12, 28, 50, 816, 820],[1, 1, 0, 0, 0, 0, 0]
15,7,5,[7, 11, 12, 28, 50, 816, 820],[1, 1, 0, 0, 0, 0, 0]
16,7,5,[7, 11, 12, 28, 50, 816, 820],[1, 1, 0, 0, 0, 0, 0]
17,7,5,[7, 11, 12, 28, 50, 816, 820],[1, 1, 0, 0, 0, 0, 0]
18,7,5,[7, 11, 12, 28, 50, 816, 820],[1, 1, 0, 0, 0, 0, 0]
19,7,8,[7, 11, 12, 28, 50, 816, 820],[1, 1, 0, 0, 0, 0, 0]
20,7,5,[7, 11, 12, 28, 50, 816, 820],[1, 1, 0, 0, 0, 0, 0]
21,7,2,[7, 11, 12, 28, 50, 816, 820],[1, 1, 0, 0, 0, 0, 0]
22,6,0,[13, 22, 73, 142, 822, 882],[1, 0, 1, 0, 0, 0]
23,7,4,[7, 11, 12, 28, 50, 816, 820],[1, 1, 0, 0, 0, 0, 0]
24,7,5,[7, 11, 12, 28, 50, 816, 820],[1, 1, 0, 0, 0, 0, 0]
25,7,2,[7, 11, 12, 28, 50, 816, 820],[1, 1, 0, 0, 0, 0, 0]
26,7,6,[7, 11, 12, 28, 50, 816, 820],[1, 1, 0, 0, 0, 0, 0]
27,7,5,[7, 11, 12, 28, 50, 816, 820],[1, 1, 0, 0, 0, 0, 0]
28,7,0,[7, 11, 12, 28, 50, 816, 820],[1, 1, 0, 0, 0, 0, 0]
29,7,10,[7, 11, 12, 28, 50, 816, 820],[1, 1, 0, 0, 0, 0, 0]
30,7,2,[7, 11, 12, 28, 50, 816, 820],[1, 1, 0, 0, 0, 0, 0]
31,7,4,[7, 11, 12, 28, 50, 816, 820],[1, 1, 0, 0, 0, 0, 0]
32,7,2,[7, 11, 12, 28, 50, 816, 820],[1, 1, 0, 0, 0, 0, 0]
33,7,6,[7, 11, 12, 28, 50, 816, 820],[1, 1, 0, 0, 0, 0, 0]
34,7,9,[7, 11, 12, 28, 50, 816, 820],[1, 1, 0, 0, 0, 0, 0]
35,7,1,[7, 11, 12, 28, 50, 816, 820],[1, 1, 0, 0, 0, 0, 0]
36,7,2,[7, 11, 12, 28, 50, 816, 820],[1, 1, 0, 0, 0, 0, 0]
37,7,8,[7, 11, 12, 28, 50, 816, 820],[1, 1, 0, 0, 0, 0, 0]
38,7,3,[7, 11, 12, 28, 50, 816, 820],[1, 1, 0, 0, 0, 0, 0]
39,7,6,[7, 11, 12, 28, 50, 816, 820],[1, 1, 0, 0, 0, 0, 0]
40,7,1,[7, 11, 12, 28, 50, 816, 820],[1, 1, 0, 0, 0, 0, 0]
41,7,12,[7, 11, 12, 28, 50, 816, 820],[1, 1, 0, 0, 0, 0, 0]
42,7,1,[7, 11, 12, 28, 50, 816, 820],[1, 1, 0, 0, 0, 0, 0]
43,7,8,[7, 11, 12, 28, 50, 816, 820],[1, 1, 0, 0, 0, 0, 0]
44,7,6,[7, 11, 12, 28, 50, 816, 820],[1, 1, 0, 0, 0, 0, 0]
45,7,1,[7, 11, 12, 28, 50, 816, 820],[1, 1, 0, 0, 0, 0, 0]
46,7,3,[7, 11, 12, 28, 50, 816, 820],[1, 1, 0, 0, 0, 0, 0]
47,7,13,[7, 11, 12, 28, 50, 816, 820],[1, 1, 0, 0, 0, 0, 0]
48,7,1,[7, 11, 12, 28, 50, 816, 820],[1, 1, 0, 0, 0, 0, 0]
49,7,6,[7, 11, 12, 28, 50, 816, 820],[1, 1, 0, 0, 0, 0, 0]
50,7,0,[7, 11, 12, 28, 50, 816, 820],[1, 1, 0, 0, 0, 0, 0]
51,7,6,[7, 11, 12, 28, 50, 816, 820],[1, 1, 0, 0, 0, 0, 0]
52,7,6,[7, 11, 12, 28, 50, 816, 820],[1, 1, 0, 0, 0, 0, 0]
53,7,13,[7, 11, 12, 28, 50, 816, 820],[1, 1, 0, 0, 0, 0, 0]
54,7,1,[7, 11, 12, 28, 50, 816, 820],[1, 1, 0, 0, 0, 0, 0]
55,7,6,[7, 11, 12, 28, 50, 816, 820],[1, 1, 0, 0, 0, 0, 0]
56,6,1,[13, 22, 73, 142, 822, 882],[1, 0, 1, 0, 0, 0]
57,6,1,[13, 22, 73, 142, 822, 882],[1, 0, 1, 0, 0, 0]
58,7,5,[7, 11, 12, 28, 50, 816, 820],[1, 1, 0, 0, 0, 0, 0]
59,7,3,[7, 11, 12, 28, 50, 816, 820],[1, 1, 0, 0, 0, 0, 0]
60,7,1,[7, 11, 12, 28, 50, 816, 820],[1, 1, 0, 0, 0, 0, 0]
61,7,8,[7, 11, 12, 28, 50, 816, 820],[1, 1, 0, 0, 0, 0, 0]
62,7,7,[7, 11, 12, 28, 50, 816, 820],[1, 1, 0, 0, 0, 0, 0]
63,6,1,[13, 22, 73, 142, 822, 882],[1, 0, 1, 0, 0, 0]
64,7,1,[7, 11, 12, 28, 50, 816, 820],[1, 1, 0, 0, 0, 0, 0]
65,7,6,[7, 11, 12, 28, 50, 816, 820],[1, 1, 0, 0, 0, 0, 0]
66,7,6,[7, 11, 12, 28, 50, 816, 820],[1, 1, 0, 0, 0, 0, 0]
67,6,3,[13, 22, 73, 142, 822, 882],[1, 0, 1, 0, 0, 0]
68,7,3,[7, 11, 12, 28, 50, 816, 820],[1, 1, 0, 0, 0, 0, 0]
69,7,7,[7, 11, 12, 28, 50, 816, 820],[1, 1, 0, 0, 0, 0, 0]
70,7,6,[7, 11, 12, 28, 50, 816, 820],[1, 1, 0, 0, 0, 0, 0]
71,7,7,[7, 11, 12, 28, 50, 816, 820],[1, 1, 0, 0, 0, 0, 0]
72,7,1,[7, 11, 12, 28, 50, 816, 820],[1, 1, 0, 0, 0, 0, 0]
73,6,0,[13, 22, 73, 142, 822, 882],[1, 0, 1, 0, 0, 0]
74,7,7,[7, 11, 12, 28, 50, 816, 820],[1, 1, 0, 0, 0, 0, 0]
75,6,1,[13, 22, 73, 142, 822, 882],[1, 0, 1, 0, 0, 0]
76,7,5,[7, 11, 12, 28, 50, 816, 820],[1, 1, 0, 0, 0, 0, 0]
77,7,6,[7, 11, 12, 28, 50, 816, 820],[1, 1, 0, 0, 0, 0, 0]
78,7,6,[7, 11, 12, 28, 50, 816, 820],[1, 1, 0, 0, 0, 0, 0]
79,7,5,[7, 11, 12, 28, 50, 816, 820],[1, 1, 0, 0, 0, 0, 0]
80,6,1,[13, 22, 73, 142, 822, 882],[1, 0, 1, 0, 0, 0]
81,7,1,[7, 11, 12, 28, 50, 816, 820],[1, 1, 0, 0, 0, 0, 0]
82,7,9,[7, 11, 12, 28, 50, 816, 820],[1, 1, 0, 0, 0, 0, 0]
83,7,5,[7, 11, 12, 28, 50, 816, 820],[1, 1, 0, 0, 0, 0, 0]
84,7,6,[7, 11, 12, 28, 50, 816, 820],[1, 1, 0, 0, 0, 0, 0]
85,6,1,[13, 22, 73, 142, 822, 882],[1, 0, 1, 0, 0, 0]
86,7,2,[7, 11, 12, 28, 50, 816, 820],[1, 1, 0, 0, 0, 0, 0]
87,7,3,[7, 11, 12, 28, 50, 816, 820],[1, 1, 0, 0, 0, 0, 0]
88,7,6,[7, 11, 12, 28, 50, 816, 820],[1, 1, 0, 0, 0, 0, 0]
89,7,9,[7, 11, 12, 28, 50, 816, 820],[1, 1, 0, 0, 0, 0, 0]
90,6,1,[13, 22, 73, 142, 822, 882],[1, 0, 1, 0, 0, 0]
91,7,6,[7, 11, 12, 28, 50, 816, 820],[1, 1, 0, 0, 0, 0, 0]
92,7,6,[7, 11, 12, 28, 50, 816, 820],[1, 1, 0, 0, 0, 0, 0]
93,7,10,[7, 11, 12, 28, 50, 816, 820],[1, 1, 0, 0, 0, 0, 0]
94,7,7,[7, 11, 12, 28, 50, 816, 820],[1, 1, 0, 0, 0, 0, 0]
95,7,6,[7, 11, 12, 28, 50, 816, 820],[1, 1, 0, 0, 0, 0, 0]
96,6,1,[13, 22, 73, 142, 822, 882],[1, 0, 1, 0, 0, 0]
97,7,8,[7, 11, 12, 28, 50, 816, 820],[1, 1, 0, 0, 0, 0, 0]
98,7,6,[7, 11, 12, 28, 50, 816, 820],[1, 1, 0, 0, 0, 0, 0]
99,7,6,[7, 11, 12, 28, 50, 816, 820],[1, 1, 0, 0, 0, 0, 0]
100,7,6,[7, 11, 12, 28, 50, 816, 820],[1, 1, 0, 0, 0, 0, 0]
