1  1  [1]
2  8  [102, 22, 13, 110, 18, 8, 6, 5]
3  8  [13, 110, 18, 8, 6, 5, 102, 22]
4  1  [4]
5  8  [5, 102, 22, 13, 110, 18, 8, 6]
6  8  [6, 5, 102, 22, 13, 110, 18, 8]
7  8  [5, 102, 22, 13, 110, 18, 8, 6]
8  8  [8, 6, 5, 102, 22, 13, 110, 18]
9  8  [8, 6, 5, 102, 22, 13, 110, 18]
10  8  [6, 5, 102, 22, 13, 110, 18, 8]
11  8  [102, 22, 13, 110, 18, 8, 6, 5]
12  8  [6, 5, 102, 22, 13, 110, 18, 8]
13  8  [13, 110, 18, 8, 6, 5, 102, 22]
14  8  [18, 8, 6, 5, 102, 22, 13, 110]
15  8  [18, 8, 6, 5, 102, 22, 13, 110]
16  8  [18, 8, 6, 5, 102, 22, 13, 110]
17  8  [13, 110, 18, 8, 6, 5, 102, 22]
18  8  [18, 8, 6, 5, 102, 22, 13, 110]
19  8  [22, 13, 110, 18, 8, 6, 5, 102]
20  8  [18, 8, 6, 5, 102, 22, 13, 110]
21  8  [8, 6, 5, 102, 22, 13, 110, 18]
22  8  [22, 13, 110, 18, 8, 6, 5, 102]
23  8  [13, 110, 18, 8, 6, 5, 102, 22]
24  8  [18, 8, 6, 5, 102, 22, 13, 110]
25  8  [8, 6, 5, 102, 22, 13, 110, 18]
26  8  [110, 18, 8, 6, 5, 102, 22, 13]
27  8  [18, 8, 6, 5, 102, 22, 13, 110]
28  8  [5, 102, 22, 13, 110, 18, 8, 6]
29  8  [13, 110, 18, 8, 6, 5, 102, 22]
30  8  [8, 6, 5, 102, 22, 13, 110, 18]
31  8  [13, 110, 18, 8, 6, 5, 102, 22]
32  8  [8, 6, 5, 102, 22, 13, 110, 18]
33  8  [110, 18, 8, 6, 5, 102, 22, 13]
34  8  [102, 22, 13, 110, 18, 8, 6, 5]
35  8  [8, 6, 5, 102, 22, 13, 110, 18]
36  8  [8, 6, 5, 102, 22, 13, 110, 18]
37  8  [102, 22, 13, 110, 18, 8, 6, 5]
38  8  [18, 8, 6, 5, 102, 22, 13, 110]
39  8  [110, 18, 8, 6, 5, 102, 22, 13]
40  8  [5, 102, 22, 13, 110, 18, 8, 6]
41  8  [8, 6, 5, 102, 22, 13, 110, 18]
42  8  [8, 6, 5, 102, 22, 13, 110, 18]
43  8  [13, 110, 18, 8, 6, 5, 102, 22]
44  8  [110, 18, 8, 6, 5, 102, 22, 13]
45  8  [5, 102, 22, 13, 110, 18, 8, 6]
46  8  [18, 8, 6, 5, 102, 22, 13, 110]
47  8  [13, 110, 18, 8, 6, 5, 102, 22]
48  8  [5, 102, 22, 13, 110, 18, 8, 6]
49  8  [110, 18, 8, 6, 5, 102, 22, 13]
50  8  [8, 6, 5, 102, 22, 13, 110, 18]
51  8  [110, 18, 8, 6, 5, 102, 22, 13]
52  8  [22, 13, 110, 18, 8, 6, 5, 102]
53  8  [13, 110, 18, 8, 6, 5, 102, 22]
54  8  [5, 102, 22, 13, 110, 18, 8, 6]
55  8  [110, 18, 8, 6, 5, 102, 22, 13]
56  8  [22, 13, 110, 18, 8, 6, 5, 102]
57  8  [102, 22, 13, 110, 18, 8, 6, 5]
58  8  [22, 13, 110, 18, 8, 6, 5, 102]
59  8  [13, 110, 18, 8, 6, 5, 102, 22]
60  8  [8, 6, 5, 102, 22, 13, 110, 18]
61  8  [110, 18, 8, 6, 5, 102, 22, 13]
62  8  [13, 110, 18, 8, 6, 5, 102, 22]
63  8  [22, 13, 110, 18, 8, 6, 5, 102]
64  8  [8, 6, 5, 102, 22, 13, 110, 18]
65  8  [110, 18, 8, 6, 5, 102, 22, 13]
66  8  [110, 18, 8, 6, 5, 102, 22, 13]
67  8  [8, 6, 5, 102, 22, 13, 110, 18]
68  8  [18, 8, 6, 5, 102, 22, 13, 110]
69  8  [13, 110, 18, 8, 6, 5, 102, 22]
70  8  [110, 18, 8, 6, 5, 102, 22, 13]
71  8  [13, 110, 18, 8, 6, 5, 102, 22]
72  8  [8, 6, 5, 102, 22, 13, 110, 18]
73  8  [13, 110, 18, 8, 6, 5, 102, 22]
74  8  [13, 110, 18, 8, 6, 5, 102, 22]
75  8  [22, 13, 110, 18, 8, 6, 5, 102]
76  8  [22, 13, 110, 18, 8, 6, 5, 102]
77  8  [110, 18, 8, 6, 5, 102, 22, 13]
78  8  [110, 18, 8, 6, 5, 102, 22, 13]
79  8  [5, 102, 22, 13, 110, 18, 8, 6]
80  8  [22, 13, 110, 18, 8, 6, 5, 102]
81  8  [8, 6, 5, 102, 22, 13, 110, 18]
82  8  [22, 13, 110, 18, 8, 6, 5, 102]
83  8  [13, 110, 18, 8, 6, 5, 102, 22]
84  8  [110, 18, 8, 6, 5, 102, 22, 13]
85  8  [102, 22, 13, 110, 18, 8, 6, 5]
86  8  [6, 5, 102, 22, 13, 110, 18, 8]
87  8  [18, 8, 6, 5, 102, 22, 13, 110]
88  8  [22, 13, 110, 18, 8, 6, 5, 102]
89  8  [110, 18, 8, 6, 5, 102, 22, 13]
90  8  [22, 13, 110, 18, 8, 6, 5, 102]
91  8  [110, 18, 8, 6, 5, 102, 22, 13]
92  8  [110, 18, 8, 6, 5, 102, 22, 13]
93  8  [5, 102, 22, 13, 110, 18, 8, 6]
94  8  [13, 110, 18, 8, 6, 5, 102, 22]
95  8  [110, 18, 8, 6, 5, 102, 22, 13]
96  8  [22, 13, 110, 18, 8, 6, 5, 102]
97  8  [5, 102, 22, 13, 110, 18, 8, 6]
98  8  [110, 18, 8, 6, 5, 102, 22, 13]
99  8  [22, 13, 110, 18, 8, 6, 5, 102]
100  8  [110, 18, 8, 6, 5, 102, 22, 13]
101  8  [5, 102, 22, 13, 110, 18, 8, 6]
102  8  [102, 22, 13, 110, 18, 8, 6, 5]
103  8  [13, 110, 18, 8, 6, 5, 102, 22]
104  8  [102, 22, 13, 110, 18, 8, 6, 5]
