1,1,0,[1],[0]
2,10,5,[5, 6, 7, 9, 12, 20, 50, 481, 958, 960],[1, 0, 1, 0, 0, 0, 0, 0, 0, 0]
3,10,5,[5, 6, 7, 9, 12, 20, 50, 481, 958, 960],[1, 0, 1, 0, 0, 0, 0, 0, 0, 0]
4,1,0,[4],[0]
5,10,0,[5, 6, 7, 9, 12, 20, 50, 481, 958, 960],[1, 0, 1, 0, 0, 0, 0, 0, 0, 0]
6,10,0,[5, 6, 7, 9, 12, 20, 50, 481, 958, 960],[1, 0, 1, 0, 0, 0, 0, 0, 0, 0]
7,10,0,[5, 6, 7, 9, 12, 20, 50, 481, 958, 960],[1, 0, 1, 0, 0, 0, 0, 0, 0, 0]
8,10,1,[5, 6, 7, 9, 12, 20, 50, 481, 958, 960],[1, 0, 1, 0, 0, 0, 0, 0, 0, 0]
9,10,0,[5, 6, 7, 9, 12, 20, 50, 481, 958, 960],[1, 0, 1, 0, 0, 0, 0, 0, 0, 0]
10,10,1,[5, 6, 7, 9, 12, 20, 50, 481, 958, 960],[1, 0, 1, 0, 0, 0, 0, 0, 0, 0]
11,2,3,[19, 972],[1, 0]
12,10,0,[5, 6, 7, 9, 12, 20, 50, 481, 958, 960],[1, 0, 1, 0, 0, 0, 0, 0, 0, 0]
13,10,3,[5, 6, 7, 9, 12, 20, 50, 481, 958, 960],[1, 0, 1, 0, 0, 0, 0, 0, 0, 0]
14,10,1,[5, 6, 7, 9, 12, 20, 50, 481, 958, 960],[1, 0, 1, 0, 0, 0, 0, 0, 0, 0]
15,10,2,[5, 6, 7, 9, 12, 20, 50, 481, 958, 960],[1, 0, 1, 0, 0, 0, 0, 0, 0, 0]
16,10,2,[5, 6, 7, 9, 12, 20, 50, 481, 958, 960],[1, 0, 1, 0, 0, 0, 0, 0, 0, 0]
17,2,3,[19, 972],[1, 0]
18,10,2,[5, 6, 7, 9, 12, 20, 50, 481, 958, 960],[1, 0, 1, 0, 0, 0, 0, 0, 0, 0]
19,2,0,[19, 972],[1, 0]
20,10,0,[5, 6, 7, 9, 12, 20, 50, 481, 958, 960],[1, 0, 1, 0, 0, 0, 0, 0, 0, 0]
21,10,2,[5, 6, 7, 9, 12, 20, 50, 481, 958, 960],[1, 0, 1, 0, 0, 0, 0, 0, 0, 0]
22,10,4,[5, 6, 7, 9, 12, 20, 50, 481, 958, 960],[1, 0, 1, 0, 0, 0, 0, 0, 0, 0]
23,10,6,[5, 6, 7, 9, 12, 20, 50, 481, 958, 960],[1, 0, 1, 0, 0, 0, 0, 0, 0, 0]
24,10,1,[5, 6, 7, 9, 12, 20, 50, 481, 958, 960],[1, 0, 1, 0, 0, 0, 0, 0, 0, 0]
25,10,2,[5, 6, 7, 9, 12, 20, 50, 481, 958, 960],[1, 0, 1, 0, 0, 0, 0, 0, 0, 0]
26,10,3,[5, 6, 7, 9, 12, 20, 50, 481, 958, 960],[1, 0, 1, 0, 0, 0, 0, 0, 0, 0]
27,10,1,[5, 6, 7, 9, 12, 20, 50, 481, 958, 960],[1, 0, 1, 0, 0, 0, 0, 0, 0, 0]
28,2,4,[19, 972],[1, 0]
29,10,6,[5, 6, 7, 9, 12, 20, 50, 481, 958, 960],[1, 0, 1, 0, 0, 0, 0, 0, 0, 0]
30,10,2,[5, 6, 7, 9, 12, 20, 50, 481, 958, 960],[1, 0, 1, 0, 0, 0, 0, 0, 0, 0]
31,10,2,[5, 6, 7, 9, 12, 20, 50, 481, 958, 960],[1, 0, 1, 0, 0, 0, 0, 0, 0, 0]
32,10,2,[5, 6, 7, 9, 12, 20, 50, 481, 958, 960],[1, 0, 1, 0, 0, 0, 0, 0, 0, 0]
33,10,2,[5, 6, 7, 9, 12, 20, 50, 481, 958, 960],[1, 0, 1, 0, 0, 0, 0, 0, 0, 0]
34,2,1,[19, 972],[1, 0]
35,10,1,[5, 6, 7, 9, 12, 20, 50, 481, 958, 960],[1, 0, 1, 0, 0, 0, 0, 0, 0, 0]
36,10,2,[5, 6, 7, 9, 12, 20, 50, 481, 958, 960],[1, 0, 1, 0, 0, 0, 0, 0, 0, 0]
37,10,3,[5, 6, 7, 9, 12, 20, 50, 481, 958, 960],[1, 0, 1, 0, 0, 0, 0, 0, 0, 0]
38,10,3,[5, 6, 7, 9, 12, 20, 50, 481, 958, 960],[1, 0, 1, 0, 0, 0, 0, 0, 0, 0]
39,10,3,[5, 6, 7, 9, 12, 20, 50, 481, 958, 960],[1, 0, 1, 0, 0, 0, 0, 0, 0, 0]
40,2,4,[19, 972],[1, 0]
41,10,6,[5, 6, 7, 9, 12, 20, 50, 481, 958, 960],[1, 0, 1, 0, 0, 0, 0, 0, 0, 0]
42,10,1,[5, 6, 7, 9, 12, 20, 50, 481, 958, 960],[1, 0, 1, 0, 0, 0, 0, 0, 0, 0]
43,10,6,[5, 6, 7, 9, 12, 20, 50, 481, 958, 960],[1, 0, 1, 0, 0, 0, 0, 0, 0, 0]
44,10,3,[5, 6, 7, 9, 12, 20, 50, 481, 958, 960],[1, 0, 1, 0, 0, 0, 0, 0, 0, 0]
45,2,4,[19, 972],[1, 0]
46,10,3,[5, 6, 7, 9, 12, 20, 50, 481, 958, 960],[1, 0, 1, 0, 0, 0, 0, 0, 0, 0]
47,10,4,[5, 6, 7, 9, 12, 20, 50, 481, 958, 960],[1, 0, 1, 0, 0, 0, 0, 0, 0, 0]
48,2,4,[19, 972],[1, 0]
49,10,2,[5, 6, 7, 9, 12, 20, 50, 481, 958, 960],[1, 0, 1, 0, 0, 0, 0, 0, 0, 0]
50,10,0,[5, 6, 7, 9, 12, 20, 50, 481, 958, 960],[1, 0, 1, 0, 0, 0, 0, 0, 0, 0]
51,10,1,[5, 6, 7, 9, 12, 20, 50, 481, 958, 960],[1, 0, 1, 0, 0, 0, 0, 0, 0, 0]
52,2,4,[19, 972],[1, 0]
53,10,7,[5, 6, 7, 9, 12, 20, 50, 481, 958, 960],[1, 0, 1, 0, 0, 0, 0, 0, 0, 0]
54,2,4,[19, 972],[1, 0]
55,10,3,[5, 6, 7, 9, 12, 20, 50, 481, 958, 960],[1, 0, 1, 0, 0, 0, 0, 0, 0, 0]
56,10,4,[5, 6, 7, 9, 12, 20, 50, 481, 958, 960],[1, 0, 1, 0, 0, 0, 0, 0, 0, 0]
57,10,5,[5, 6, 7, 9, 12, 20, 50, 481, 958, 960],[1, 0, 1, 0, 0, 0, 0, 0, 0, 0]
58,10,3,[5, 6, 7, 9, 12, 20, 50, 481, 958, 960],[1, 0, 1, 0, 0, 0, 0, 0, 0, 0]
59,10,5,[5, 6, 7, 9, 12, 20, 50, 481, 958, 960],[1, 0, 1, 0, 0, 0, 0, 0, 0, 0]
60,10,1,[5, 6, 7, 9, 12, 20, 50, 481, 958, 960],[1, 0, 1, 0, 0, 0, 0, 0, 0, 0]
61,10,4,[5, 6, 7, 9, 12, 20, 50, 481, 958, 960],[1, 0, 1, 0, 0, 0, 0, 0, 0, 0]
62,10,3,[5, 6, 7, 9, 12, 20, 50, 481, 958, 960],[1, 0, 1, 0, 0, 0, 0, 0, 0, 0]
63,10,4,[5, 6, 7, 9, 12, 20, 50, 481, 958, 960],[1, 0, 1, 0, 0, 0, 0, 0, 0, 0]
64,10,1,[5, 6, 7, 9, 12, 20, 50, 481, 958, 960],[1, 0, 1, 0, 0, 0, 0, 0, 0, 0]
65,10,3,[5, 6, 7, 9, 12, 20, 50, 481, 958, 960],[1, 0, 1, 0, 0, 0, 0, 0, 0, 0]
66,10,3,[5, 6, 7, 9, 12, 20, 50, 481, 958, 960],[1, 0, 1, 0, 0, 0, 0, 0, 0, 0]
67,10,8,[5, 6, 7, 9, 12, 20, 50, 481, 958, 960],[1, 0, 1, 0, 0, 0, 0, 0, 0, 0]
68,10,3,[5, 6, 7, 9, 12, 20, 50, 481, 958, 960],[1, 0, 1, 0, 0, 0, 0, 0, 0, 0]
69,10,4,[5, 6, 7, 9, 12, 20, 50, 481, 958, 960],[1, 0, 1, 0, 0, 0, 0, 0, 0, 0]
70,10,2,[5, 6, 7, 9, 12, 20, 50, 481, 958, 960],[1, 0, 1, 0, 0, 0, 0, 0, 0, 0]
71,10,2,[5, 6, 7, 9, 12, 20, 50, 481, 958, 960],[1, 0, 1, 0, 0, 0, 0, 0, 0, 0]
72,10,1,[5, 6, 7, 9, 12, 20, 50, 481, 958, 960],[1, 0, 1, 0, 0, 0, 0, 0, 0, 0]
73,10,4,[5, 6, 7, 9, 12, 20, 50, 481, 958, 960],[1, 0, 1, 0, 0, 0, 0, 0, 0, 0]
74,10,4,[5, 6, 7, 9, 12, 20, 50, 481, 958, 960],[1, 0, 1, 0, 0, 0, 0, 0, 0, 0]
75,10,4,[5, 6, 7, 9, 12, 20, 50, 481, 958, 960],[1, 0, 1, 0, 0, 0, 0, 0, 0, 0]
76,10,7,[5, 6, 7, 9, 12, 20, 50, 481, 958, 960],[1, 0, 1, 0, 0, 0, 0, 0, 0, 0]
77,10,3,[5, 6, 7, 9, 12, 20, 50, 481, 958, 960],[1, 0, 1, 0, 0, 0, 0, 0, 0, 0]
78,10,3,[5, 6, 7, 9, 12, 20, 50, 481, 958, 960],[1, 0, 1, 0, 0, 0, 0, 0, 0, 0]
79,2,6,[19, 972],[1, 0]
80,10,4,[5, 6, 7, 9, 12, 20, 50, 481, 958, 960],[1, 0, 1, 0, 0, 0, 0, 0, 0, 0]
81,10,1,[5, 6, 7, 9, 12, 20, 50, 481, 958, 960],[1, 0, 1, 0, 0, 0, 0, 0, 0, 0]
82,10,7,[5, 6, 7, 9, 12, 20, 50, 481, 958, 960],[1, 0, 1, 0, 0, 0, 0, 0, 0, 0]
83,2,6,[19, 972],[1, 0]
84,10,2,[5, 6, 7, 9, 12, 20, 50, 481, 958, 960],[1, 0, 1, 0, 0, 0, 0, 0, 0, 0]
85,10,5,[5, 6, 7, 9, 12, 20, 50, 481, 958, 960],[1, 0, 1, 0, 0, 0, 0, 0, 0, 0]
86,2,5,[19, 972],[1, 0]
87,10,3,[5, 6, 7, 9, 12, 20, 50, 481, 958, 960],[1, 0, 1, 0, 0, 0, 0, 0, 0, 0]
88,2,4,[19, 972],[1, 0]
89,10,5,[5, 6, 7, 9, 12, 20, 50, 481, 958, 960],[1, 0, 1, 0, 0, 0, 0, 0, 0, 0]
90,10,4,[5, 6, 7, 9, 12, 20, 50, 481, 958, 960],[1, 0, 1, 0, 0, 0, 0, 0, 0, 0]
91,10,1,[5, 6, 7, 9, 12, 20, 50, 481, 958, 960],[1, 0, 1, 0, 0, 0, 0, 0, 0, 0]
92,10,2,[5, 6, 7, 9, 12, 20, 50, 481, 958, 960],[1, 0, 1, 0, 0, 0, 0, 0, 0, 0]
93,2,2,[19, 972],[1, 0]
94,10,3,[5, 6, 7, 9, 12, 20, 50, 481, 958, 960],[1, 0, 1, 0, 0, 0, 0, 0, 0, 0]
95,10,2,[5, 6, 7, 9, 12, 20, 50, 481, 958, 960],[1, 0, 1, 0, 0, 0, 0, 0, 0, 0]
96,10,4,[5, 6, 7, 9, 12, 20, 50, 481, 958, 960],[1, 0, 1, 0, 0, 0, 0, 0, 0, 0]
97,10,6,[5, 6, 7, 9, 12, 20, 50, 481, 958, 960],[1, 0, 1, 0, 0, 0, 0, 0, 0, 0]
98,10,3,[5, 6, 7, 9, 12, 20, 50, 481, 958, 960],[1, 0, 1, 0, 0, 0, 0, 0, 0, 0]
99,2,4,[19, 972],[1, 0]
100,10,2,[5, 6, 7, 9, 12, 20, 50, 481, 958, 960],[1, 0, 1, 0, 0, 0, 0, 0, 0, 0]
