1,1,0,[1]
2,10,16,[5, 277, 549, 67, 339, 116, 33, 14, 9, 6]
3,10,21,[5, 277, 549, 67, 339, 116, 33, 14, 9, 6]
4,1,0,[4]
5,10,9,[277, 549, 67, 339, 116, 33, 14, 9, 6, 5]
6,10,9,[5, 277, 549, 67, 339, 116, 33, 14, 9, 6]
7,10,17,[5, 277, 549, 67, 339, 116, 33, 14, 9, 6]
8,10,10,[5, 277, 549, 67, 339, 116, 33, 14, 9, 6]
9,10,9,[6, 5, 277, 549, 67, 339, 116, 33, 14, 9]
10,10,18,[5, 277, 549, 67, 339, 116, 33, 14, 9, 6]
11,4,3,[283, 555, 45, 11]
12,10,18,[5, 277, 549, 67, 339, 116, 33, 14, 9, 6]
13,10,12,[6, 5, 277, 549, 67, 339, 116, 33, 14, 9]
14,10,9,[9, 6, 5, 277, 549, 67, 339, 116, 33, 14]
15,10,11,[5, 277, 549, 67, 339, 116, 33, 14, 9, 6]
16,10,11,[5, 277, 549, 67, 339, 116, 33, 14, 9, 6]
17,10,15,[9, 6, 5, 277, 549, 67, 339, 116, 33, 14]
18,10,11,[5, 277, 549, 67, 339, 116, 33, 14, 9, 6]
19,10,12,[9, 6, 5, 277, 549, 67, 339, 116, 33, 14]
20,10,10,[6, 5, 277, 549, 67, 339, 116, 33, 14, 9]
21,10,19,[5, 277, 549, 67, 339, 116, 33, 14, 9, 6]
22,10,13,[6, 5, 277, 549, 67, 339, 116, 33, 14, 9]
23,10,21,[5, 277, 549, 67, 339, 116, 33, 14, 9, 6]
24,10,10,[6, 5, 277, 549, 67, 339, 116, 33, 14, 9]
25,10,19,[5, 277, 549, 67, 339, 116, 33, 14, 9, 6]
26,10,12,[5, 277, 549, 67, 339, 116, 33, 14, 9, 6]
27,10,10,[6, 5, 277, 549, 67, 339, 116, 33, 14, 9]
28,4,4,[283, 555, 45, 11]
29,10,21,[5, 277, 549, 67, 339, 116, 33, 14, 9, 6]
30,10,19,[5, 277, 549, 67, 339, 116, 33, 14, 9, 6]
31,10,15,[9, 6, 5, 277, 549, 67, 339, 116, 33, 14]
32,10,19,[5, 277, 549, 67, 339, 116, 33, 14, 9, 6]
33,10,9,[14, 9, 6, 5, 277, 549, 67, 339, 116, 33]
34,10,13,[9, 6, 5, 277, 549, 67, 339, 116, 33, 14]
35,10,19,[5, 277, 549, 67, 339, 116, 33, 14, 9, 6]
36,10,19,[5, 277, 549, 67, 339, 116, 33, 14, 9, 6]
37,10,15,[5, 277, 549, 67, 339, 116, 33, 14, 9, 6]
38,10,20,[5, 277, 549, 67, 339, 116, 33, 14, 9, 6]
39,10,12,[5, 277, 549, 67, 339, 116, 33, 14, 9, 6]
40,4,4,[283, 555, 45, 11]
41,10,13,[6, 5, 277, 549, 67, 339, 116, 33, 14, 9]
42,10,19,[5, 277, 549, 67, 339, 116, 33, 14, 9, 6]
43,10,13,[5, 277, 549, 67, 339, 116, 33, 14, 9, 6]
44,10,12,[5, 277, 549, 67, 339, 116, 33, 14, 9, 6]
45,4,3,[11, 283, 555, 45]
46,10,20,[5, 277, 549, 67, 339, 116, 33, 14, 9, 6]
47,4,6,[283, 555, 45, 11]
48,4,4,[283, 555, 45, 11]
49,10,10,[9, 6, 5, 277, 549, 67, 339, 116, 33, 14]
50,10,19,[5, 277, 549, 67, 339, 116, 33, 14, 9, 6]
51,10,11,[6, 5, 277, 549, 67, 339, 116, 33, 14, 9]
52,10,16,[9, 6, 5, 277, 549, 67, 339, 116, 33, 14]
53,10,23,[5, 277, 549, 67, 339, 116, 33, 14, 9, 6]
54,4,4,[283, 555, 45, 11]
55,10,12,[5, 277, 549, 67, 339, 116, 33, 14, 9, 6]
56,10,13,[6, 5, 277, 549, 67, 339, 116, 33, 14, 9]
57,10,14,[6, 5, 277, 549, 67, 339, 116, 33, 14, 9]
58,10,16,[9, 6, 5, 277, 549, 67, 339, 116, 33, 14]
59,10,20,[9, 6, 5, 277, 549, 67, 339, 116, 33, 14]
60,10,19,[5, 277, 549, 67, 339, 116, 33, 14, 9, 6]
61,10,15,[5, 277, 549, 67, 339, 116, 33, 14, 9, 6]
62,10,10,[14, 9, 6, 5, 277, 549, 67, 339, 116, 33]
63,10,13,[6, 5, 277, 549, 67, 339, 116, 33, 14, 9]
64,10,19,[5, 277, 549, 67, 339, 116, 33, 14, 9, 6]
65,10,12,[5, 277, 549, 67, 339, 116, 33, 14, 9, 6]
66,10,12,[5, 277, 549, 67, 339, 116, 33, 14, 9, 6]
67,10,9,[339, 116, 33, 14, 9, 6, 5, 277, 549, 67]
68,10,20,[5, 277, 549, 67, 339, 116, 33, 14, 9, 6]
69,10,13,[5, 277, 549, 67, 339, 116, 33, 14, 9, 6]
70,10,10,[9, 6, 5, 277, 549, 67, 339, 116, 33, 14]
71,10,21,[5, 277, 549, 67, 339, 116, 33, 14, 9, 6]
72,10,19,[5, 277, 549, 67, 339, 116, 33, 14, 9, 6]
73,10,17,[9, 6, 5, 277, 549, 67, 339, 116, 33, 14]
74,10,13,[5, 277, 549, 67, 339, 116, 33, 14, 9, 6]
75,10,13,[6, 5, 277, 549, 67, 339, 116, 33, 14, 9]
76,10,22,[5, 277, 549, 67, 339, 116, 33, 14, 9, 6]
77,10,12,[5, 277, 549, 67, 339, 116, 33, 14, 9, 6]
78,10,12,[5, 277, 549, 67, 339, 116, 33, 14, 9, 6]
79,10,15,[6, 5, 277, 549, 67, 339, 116, 33, 14, 9]
80,10,13,[6, 5, 277, 549, 67, 339, 116, 33, 14, 9]
81,10,19,[5, 277, 549, 67, 339, 116, 33, 14, 9, 6]
82,10,14,[5, 277, 549, 67, 339, 116, 33, 14, 9, 6]
83,10,24,[5, 277, 549, 67, 339, 116, 33, 14, 9, 6]
84,10,10,[9, 6, 5, 277, 549, 67, 339, 116, 33, 14]
85,10,14,[6, 5, 277, 549, 67, 339, 116, 33, 14, 9]
86,4,4,[11, 283, 555, 45]
87,10,20,[5, 277, 549, 67, 339, 116, 33, 14, 9, 6]
88,10,16,[9, 6, 5, 277, 549, 67, 339, 116, 33, 14]
89,10,22,[5, 277, 549, 67, 339, 116, 33, 14, 9, 6]
90,10,13,[6, 5, 277, 549, 67, 339, 116, 33, 14, 9]
91,10,11,[6, 5, 277, 549, 67, 339, 116, 33, 14, 9]
92,10,11,[6, 5, 277, 549, 67, 339, 116, 33, 14, 9]
93,10,14,[9, 6, 5, 277, 549, 67, 339, 116, 33, 14]
94,10,11,[9, 6, 5, 277, 549, 67, 339, 116, 33, 14]
95,10,11,[6, 5, 277, 549, 67, 339, 116, 33, 14, 9]
96,10,13,[6, 5, 277, 549, 67, 339, 116, 33, 14, 9]
97,4,8,[283, 555, 45, 11]
98,10,12,[5, 277, 549, 67, 339, 116, 33, 14, 9, 6]
99,10,16,[9, 6, 5, 277, 549, 67, 339, 116, 33, 14]
100,10,10,[9, 6, 5, 277, 549, 67, 339, 116, 33, 14]
101,10,14,[6, 5, 277, 549, 67, 339, 116, 33, 14, 9]
102,10,14,[6, 5, 277, 549, 67, 339, 116, 33, 14, 9]
103,10,13,[5, 277, 549, 67, 339, 116, 33, 14, 9, 6]
104,10,13,[9, 6, 5, 277, 549, 67, 339, 116, 33, 14]
105,10,12,[5, 277, 549, 67, 339, 116, 33, 14, 9, 6]
106,10,13,[5, 277, 549, 67, 339, 116, 33, 14, 9, 6]
107,10,16,[6, 5, 277, 549, 67, 339, 116, 33, 14, 9]
108,10,13,[6, 5, 277, 549, 67, 339, 116, 33, 14, 9]
109,10,13,[6, 5, 277, 549, 67, 339, 116, 33, 14, 9]
110,10,12,[5, 277, 549, 67, 339, 116, 33, 14, 9, 6]
111,4,5,[283, 555, 45, 11]
112,10,12,[5, 277, 549, 67, 339, 116, 33, 14, 9, 6]
113,10,23,[5, 277, 549, 67, 339, 116, 33, 14, 9, 6]
114,10,11,[6, 5, 277, 549, 67, 339, 116, 33, 14, 9]
115,4,5,[283, 555, 45, 11]
116,10,9,[33, 14, 9, 6, 5, 277, 549, 67, 339, 116]
117,10,13,[9, 6, 5, 277, 549, 67, 339, 116, 33, 14]
118,10,16,[5, 277, 549, 67, 339, 116, 33, 14, 9, 6]
119,10,11,[6, 5, 277, 549, 67, 339, 116, 33, 14, 9]
120,10,10,[9, 6, 5, 277, 549, 67, 339, 116, 33, 14]
121,10,14,[6, 5, 277, 549, 67, 339, 116, 33, 14, 9]
122,10,14,[6, 5, 277, 549, 67, 339, 116, 33, 14, 9]
123,10,13,[5, 277, 549, 67, 339, 116, 33, 14, 9, 6]
124,10,20,[5, 277, 549, 67, 339, 116, 33, 14, 9, 6]
125,10,12,[5, 277, 549, 67, 339, 116, 33, 14, 9, 6]
126,10,12,[5, 277, 549, 67, 339, 116, 33, 14, 9, 6]
127,10,23,[5, 277, 549, 67, 339, 116, 33, 14, 9, 6]
128,10,10,[9, 6, 5, 277, 549, 67, 339, 116, 33, 14]
129,10,21,[5, 277, 549, 67, 339, 116, 33, 14, 9, 6]
130,10,11,[6, 5, 277, 549, 67, 339, 116, 33, 14, 9]
131,10,14,[5, 277, 549, 67, 339, 116, 33, 14, 9, 6]
132,10,12,[5, 277, 549, 67, 339, 116, 33, 14, 9, 6]
133,10,13,[5, 277, 549, 67, 339, 116, 33, 14, 9, 6]
134,10,14,[5, 277, 549, 67, 339, 116, 33, 14, 9, 6]
135,10,10,[9, 6, 5, 277, 549, 67, 339, 116, 33, 14]
136,10,22,[5, 277, 549, 67, 339, 116, 33, 14, 9, 6]
137,10,23,[5, 277, 549, 67, 339, 116, 33, 14, 9, 6]
138,4,5,[283, 555, 45, 11]
139,10,14,[5, 277, 549, 67, 339, 116, 33, 14, 9, 6]
140,10,12,[5, 277, 549, 67, 339, 116, 33, 14, 9, 6]
141,10,20,[5, 277, 549, 67, 339, 116, 33, 14, 9, 6]
142,10,18,[9, 6, 5, 277, 549, 67, 339, 116, 33, 14]
143,10,11,[6, 5, 277, 549, 67, 339, 116, 33, 14, 9]
144,10,10,[9, 6, 5, 277, 549, 67, 339, 116, 33, 14]
145,10,14,[9, 6, 5, 277, 549, 67, 339, 116, 33, 14]
146,10,14,[6, 5, 277, 549, 67, 339, 116, 33, 14, 9]
147,10,16,[9, 6, 5, 277, 549, 67, 339, 116, 33, 14]
148,10,14,[6, 5, 277, 549, 67, 339, 116, 33, 14, 9]
149,10,13,[6, 5, 277, 549, 67, 339, 116, 33, 14, 9]
150,10,12,[5, 277, 549, 67, 339, 116, 33, 14, 9, 6]
151,10,25,[5, 277, 549, 67, 339, 116, 33, 14, 9, 6]
152,10,20,[5, 277, 549, 67, 339, 116, 33, 14, 9, 6]
153,10,22,[5, 277, 549, 67, 339, 116, 33, 14, 9, 6]
154,10,11,[6, 5, 277, 549, 67, 339, 116, 33, 14, 9]
155,10,20,[5, 277, 549, 67, 339, 116, 33, 14, 9, 6]
156,10,11,[6, 5, 277, 549, 67, 339, 116, 33, 14, 9]
157,10,12,[6, 5, 277, 549, 67, 339, 116, 33, 14, 9]
158,10,20,[5, 277, 549, 67, 339, 116, 33, 14, 9, 6]
159,10,14,[6, 5, 277, 549, 67, 339, 116, 33, 14, 9]
160,10,12,[5, 277, 549, 67, 339, 116, 33, 14, 9, 6]
161,10,20,[5, 277, 549, 67, 339, 116, 33, 14, 9, 6]
162,10,10,[9, 6, 5, 277, 549, 67, 339, 116, 33, 14]
163,10,17,[5, 277, 549, 67, 339, 116, 33, 14, 9, 6]
164,4,4,[11, 283, 555, 45]
165,10,13,[9, 6, 5, 277, 549, 67, 339, 116, 33, 14]
166,10,15,[6, 5, 277, 549, 67, 339, 116, 33, 14, 9]
167,10,17,[6, 5, 277, 549, 67, 339, 116, 33, 14, 9]
168,10,12,[5, 277, 549, 67, 339, 116, 33, 14, 9, 6]
169,10,13,[5, 277, 549, 67, 339, 116, 33, 14, 9, 6]
170,10,11,[6, 5, 277, 549, 67, 339, 116, 33, 14, 9]
171,10,20,[5, 277, 549, 67, 339, 116, 33, 14, 9, 6]
172,4,7,[283, 555, 45, 11]
173,10,13,[9, 6, 5, 277, 549, 67, 339, 116, 33, 14]
174,10,14,[9, 6, 5, 277, 549, 67, 339, 116, 33, 14]
175,10,16,[9, 6, 5, 277, 549, 67, 339, 116, 33, 14]
176,10,13,[9, 6, 5, 277, 549, 67, 339, 116, 33, 14]
177,10,11,[14, 9, 6, 5, 277, 549, 67, 339, 116, 33]
178,10,12,[6, 5, 277, 549, 67, 339, 116, 33, 14, 9]
179,10,18,[9, 6, 5, 277, 549, 67, 339, 116, 33, 14]
180,10,12,[5, 277, 549, 67, 339, 116, 33, 14, 9, 6]
181,10,13,[6, 5, 277, 549, 67, 339, 116, 33, 14, 9]
182,10,14,[6, 5, 277, 549, 67, 339, 116, 33, 14, 9]
183,10,20,[5, 277, 549, 67, 339, 116, 33, 14, 9, 6]
184,10,22,[5, 277, 549, 67, 339, 116, 33, 14, 9, 6]
185,10,20,[5, 277, 549, 67, 339, 116, 33, 14, 9, 6]
186,10,20,[5, 277, 549, 67, 339, 116, 33, 14, 9, 6]
187,4,5,[283, 555, 45, 11]
188,10,12,[6, 5, 277, 549, 67, 339, 116, 33, 14, 9]
189,10,12,[5, 277, 549, 67, 339, 116, 33, 14, 9, 6]
190,10,13,[5, 277, 549, 67, 339, 116, 33, 14, 9, 6]
191,10,16,[6, 5, 277, 549, 67, 339, 116, 33, 14, 9]
192,10,12,[5, 277, 549, 67, 339, 116, 33, 14, 9, 6]
193,10,14,[5, 277, 549, 67, 339, 116, 33, 14, 9, 6]
194,10,17,[9, 6, 5, 277, 549, 67, 339, 116, 33, 14]
195,10,20,[5, 277, 549, 67, 339, 116, 33, 14, 9, 6]
196,10,12,[5, 277, 549, 67, 339, 116, 33, 14, 9, 6]
197,10,15,[5, 277, 549, 67, 339, 116, 33, 14, 9, 6]
198,10,13,[9, 6, 5, 277, 549, 67, 339, 116, 33, 14]
199,10,14,[5, 277, 549, 67, 339, 116, 33, 14, 9, 6]
200,10,12,[5, 277, 549, 67, 339, 116, 33, 14, 9, 6]
