1,1,0,[1],[0]
2,4,9,[11, 45, 86, 553],[1, 0, 0, 0]
3,4,10,[11, 45, 86, 553],[1, 0, 0, 0]
4,1,0,[4],[0]
5,4,4,[11, 45, 86, 553],[1, 0, 0, 0]
6,4,5,[11, 45, 86, 553],[1, 0, 0, 0]
7,4,12,[11, 45, 86, 553],[1, 0, 0, 0]
8,4,6,[11, 45, 86, 553],[1, 0, 0, 0]
9,4,6,[11, 45, 86, 553],[1, 0, 0, 0]
10,4,13,[11, 45, 86, 553],[1, 0, 0, 0]
11,4,0,[11, 45, 86, 553],[1, 0, 0, 0]
12,4,13,[11, 45, 86, 553],[1, 0, 0, 0]
13,4,2,[11, 45, 86, 553],[1, 0, 0, 0]
14,4,7,[11, 45, 86, 553],[1, 0, 0, 0]
15,4,7,[11, 45, 86, 553],[1, 0, 0, 0]
16,4,7,[11, 45, 86, 553],[1, 0, 0, 0]
17,4,5,[11, 45, 86, 553],[1, 0, 0, 0]
18,4,7,[11, 45, 86, 553],[1, 0, 0, 0]
19,4,11,[11, 45, 86, 553],[1, 0, 0, 0]
20,4,7,[11, 45, 86, 553],[1, 0, 0, 0]
21,4,14,[11, 45, 86, 553],[1, 0, 0, 0]
22,4,3,[11, 45, 86, 553],[1, 0, 0, 0]
23,4,15,[11, 45, 86, 553],[1, 0, 0, 0]
24,4,7,[11, 45, 86, 553],[1, 0, 0, 0]
25,4,14,[11, 45, 86, 553],[1, 0, 0, 0]
26,4,8,[11, 45, 86, 553],[1, 0, 0, 0]
27,4,7,[11, 45, 86, 553],[1, 0, 0, 0]
28,4,1,[11, 45, 86, 553],[1, 0, 0, 0]
29,4,6,[11, 45, 86, 553],[1, 0, 0, 0]
30,4,14,[11, 45, 86, 553],[1, 0, 0, 0]
31,4,9,[11, 45, 86, 553],[1, 0, 0, 0]
32,4,14,[11, 45, 86, 553],[1, 0, 0, 0]
33,4,8,[11, 45, 86, 553],[1, 0, 0, 0]
34,4,12,[11, 45, 86, 553],[1, 0, 0, 0]
35,4,14,[11, 45, 86, 553],[1, 0, 0, 0]
36,4,14,[11, 45, 86, 553],[1, 0, 0, 0]
37,4,10,[11, 45, 86, 553],[1, 0, 0, 0]
38,4,15,[11, 45, 86, 553],[1, 0, 0, 0]
39,4,8,[11, 45, 86, 553],[1, 0, 0, 0]
40,4,1,[11, 45, 86, 553],[1, 0, 0, 0]
41,4,16,[11, 45, 86, 553],[1, 0, 0, 0]
42,4,14,[11, 45, 86, 553],[1, 0, 0, 0]
43,4,9,[11, 45, 86, 553],[1, 0, 0, 0]
44,4,8,[11, 45, 86, 553],[1, 0, 0, 0]
45,4,0,[11, 45, 86, 553],[1, 0, 0, 0]
46,4,15,[11, 45, 86, 553],[1, 0, 0, 0]
47,4,16,[11, 45, 86, 553],[1, 0, 0, 0]
48,4,1,[11, 45, 86, 553],[1, 0, 0, 0]
49,4,8,[11, 45, 86, 553],[1, 0, 0, 0]
50,4,14,[11, 45, 86, 553],[1, 0, 0, 0]
51,4,8,[11, 45, 86, 553],[1, 0, 0, 0]
52,4,6,[11, 45, 86, 553],[1, 0, 0, 0]
53,4,8,[11, 45, 86, 553],[1, 0, 0, 0]
54,4,1,[11, 45, 86, 553],[1, 0, 0, 0]
55,4,8,[11, 45, 86, 553],[1, 0, 0, 0]
56,4,3,[11, 45, 86, 553],[1, 0, 0, 0]
57,4,4,[11, 45, 86, 553],[1, 0, 0, 0]
58,4,10,[11, 45, 86, 553],[1, 0, 0, 0]
59,4,12,[11, 45, 86, 553],[1, 0, 0, 0]
60,4,14,[11, 45, 86, 553],[1, 0, 0, 0]
61,4,12,[11, 45, 86, 553],[1, 0, 0, 0]
62,4,9,[11, 45, 86, 553],[1, 0, 0, 0]
63,4,3,[11, 45, 86, 553],[1, 0, 0, 0]
64,4,14,[11, 45, 86, 553],[1, 0, 0, 0]
65,4,8,[11, 45, 86, 553],[1, 0, 0, 0]
66,4,8,[11, 45, 86, 553],[1, 0, 0, 0]
67,4,10,[11, 45, 86, 553],[1, 0, 0, 0]
68,4,15,[11, 45, 86, 553],[1, 0, 0, 0]
69,4,9,[11, 45, 86, 553],[1, 0, 0, 0]
70,4,8,[11, 45, 86, 553],[1, 0, 0, 0]
71,4,11,[11, 45, 86, 553],[1, 0, 0, 0]
72,4,14,[11, 45, 86, 553],[1, 0, 0, 0]
73,4,10,[11, 45, 86, 553],[1, 0, 0, 0]
74,4,9,[11, 45, 86, 553],[1, 0, 0, 0]
75,4,3,[11, 45, 86, 553],[1, 0, 0, 0]
76,4,16,[11, 45, 86, 553],[1, 0, 0, 0]
77,4,8,[11, 45, 86, 553],[1, 0, 0, 0]
78,4,8,[11, 45, 86, 553],[1, 0, 0, 0]
79,4,16,[11, 45, 86, 553],[1, 0, 0, 0]
80,4,3,[11, 45, 86, 553],[1, 0, 0, 0]
81,4,14,[11, 45, 86, 553],[1, 0, 0, 0]
82,4,10,[11, 45, 86, 553],[1, 0, 0, 0]
83,4,9,[11, 45, 86, 553],[1, 0, 0, 0]
84,4,8,[11, 45, 86, 553],[1, 0, 0, 0]
85,4,4,[11, 45, 86, 553],[1, 0, 0, 0]
86,4,0,[11, 45, 86, 553],[1, 0, 0, 0]
87,4,15,[11, 45, 86, 553],[1, 0, 0, 0]
88,4,6,[11, 45, 86, 553],[1, 0, 0, 0]
89,4,12,[11, 45, 86, 553],[1, 0, 0, 0]
90,4,3,[11, 45, 86, 553],[1, 0, 0, 0]
91,4,8,[11, 45, 86, 553],[1, 0, 0, 0]
92,4,8,[11, 45, 86, 553],[1, 0, 0, 0]
93,4,13,[11, 45, 86, 553],[1, 0, 0, 0]
94,4,9,[11, 45, 86, 553],[1, 0, 0, 0]
95,4,8,[11, 45, 86, 553],[1, 0, 0, 0]
96,4,3,[11, 45, 86, 553],[1, 0, 0, 0]
97,4,10,[11, 45, 86, 553],[1, 0, 0, 0]
98,4,8,[11, 45, 86, 553],[1, 0, 0, 0]
99,4,6,[11, 45, 86, 553],[1, 0, 0, 0]
100,4,8,[11, 45, 86, 553],[1, 0, 0, 0]
