1,1,0,[1]
2,10,15,[5, 111, 40, 11, 117, 19, 125, 15, 8, 6]
3,10,13,[117, 19, 125, 15, 8, 6, 5, 111, 40, 11]
4,1,0,[4]
5,10,9,[111, 40, 11, 117, 19, 125, 15, 8, 6, 5]
6,10,9,[5, 111, 40, 11, 117, 19, 125, 15, 8, 6]
7,9,8,[113, 219, 76, 23, 129, 46, 25, 10, 7]
8,10,9,[6, 5, 111, 40, 11, 117, 19, 125, 15, 8]
9,10,10,[5, 111, 40, 11, 117, 19, 125, 15, 8, 6]
10,9,8,[7, 113, 219, 76, 23, 129, 46, 25, 10]
11,10,9,[117, 19, 125, 15, 8, 6, 5, 111, 40, 11]
12,9,9,[113, 219, 76, 23, 129, 46, 25, 10, 7]
13,10,13,[5, 111, 40, 11, 117, 19, 125, 15, 8, 6]
14,10,11,[5, 111, 40, 11, 117, 19, 125, 15, 8, 6]
15,10,9,[8, 6, 5, 111, 40, 11, 117, 19, 125, 15]
16,10,10,[6, 5, 111, 40, 11, 117, 19, 125, 15, 8]
17,10,12,[8, 6, 5, 111, 40, 11, 117, 19, 125, 15]
18,10,10,[6, 5, 111, 40, 11, 117, 19, 125, 15, 8]
19,10,9,[125, 15, 8, 6, 5, 111, 40, 11, 117, 19]
20,10,11,[5, 111, 40, 11, 117, 19, 125, 15, 8, 6]
21,9,9,[7, 113, 219, 76, 23, 129, 46, 25, 10]
22,10,14,[5, 111, 40, 11, 117, 19, 125, 15, 8, 6]
23,9,8,[129, 46, 25, 10, 7, 113, 219, 76, 23]
24,10,11,[5, 111, 40, 11, 117, 19, 125, 15, 8, 6]
25,9,8,[10, 7, 113, 219, 76, 23, 129, 46, 25]
26,10,10,[8, 6, 5, 111, 40, 11, 117, 19, 125, 15]
27,10,11,[5, 111, 40, 11, 117, 19, 125, 15, 8, 6]
28,10,10,[117, 19, 125, 15, 8, 6, 5, 111, 40, 11]
29,10,13,[5, 111, 40, 11, 117, 19, 125, 15, 8, 6]
30,9,9,[7, 113, 219, 76, 23, 129, 46, 25, 10]
31,10,12,[8, 6, 5, 111, 40, 11, 117, 19, 125, 15]
32,9,9,[7, 113, 219, 76, 23, 129, 46, 25, 10]
33,10,12,[5, 111, 40, 11, 117, 19, 125, 15, 8, 6]
34,10,10,[125, 15, 8, 6, 5, 111, 40, 11, 117, 19]
35,9,10,[113, 219, 76, 23, 129, 46, 25, 10, 7]
36,9,9,[7, 113, 219, 76, 23, 129, 46, 25, 10]
37,10,13,[5, 111, 40, 11, 117, 19, 125, 15, 8, 6]
38,9,10,[7, 113, 219, 76, 23, 129, 46, 25, 10]
39,10,11,[6, 5, 111, 40, 11, 117, 19, 125, 15, 8]
40,10,9,[11, 117, 19, 125, 15, 8, 6, 5, 111, 40]
41,10,14,[8, 6, 5, 111, 40, 11, 117, 19, 125, 15]
42,9,10,[113, 219, 76, 23, 129, 46, 25, 10, 7]
43,9,11,[10, 7, 113, 219, 76, 23, 129, 46, 25]
44,10,10,[8, 6, 5, 111, 40, 11, 117, 19, 125, 15]
45,10,10,[117, 19, 125, 15, 8, 6, 5, 111, 40, 11]
46,9,8,[25, 10, 7, 113, 219, 76, 23, 129, 46]
47,9,10,[129, 46, 25, 10, 7, 113, 219, 76, 23]
48,10,10,[117, 19, 125, 15, 8, 6, 5, 111, 40, 11]
49,10,12,[5, 111, 40, 11, 117, 19, 125, 15, 8, 6]
50,9,10,[113, 219, 76, 23, 129, 46, 25, 10, 7]
51,10,12,[5, 111, 40, 11, 117, 19, 125, 15, 8, 6]
52,10,13,[8, 6, 5, 111, 40, 11, 117, 19, 125, 15]
53,10,16,[5, 111, 40, 11, 117, 19, 125, 15, 8, 6]
54,10,10,[117, 19, 125, 15, 8, 6, 5, 111, 40, 11]
55,10,11,[6, 5, 111, 40, 11, 117, 19, 125, 15, 8]
56,10,14,[5, 111, 40, 11, 117, 19, 125, 15, 8, 6]
57,10,15,[5, 111, 40, 11, 117, 19, 125, 15, 8, 6]
58,10,13,[8, 6, 5, 111, 40, 11, 117, 19, 125, 15]
59,10,11,[125, 15, 8, 6, 5, 111, 40, 11, 117, 19]
60,9,10,[113, 219, 76, 23, 129, 46, 25, 10, 7]
61,9,11,[129, 46, 25, 10, 7, 113, 219, 76, 23]
62,10,13,[5, 111, 40, 11, 117, 19, 125, 15, 8, 6]
63,10,14,[5, 111, 40, 11, 117, 19, 125, 15, 8, 6]
64,9,10,[113, 219, 76, 23, 129, 46, 25, 10, 7]
65,10,11,[6, 5, 111, 40, 11, 117, 19, 125, 15, 8]
66,10,11,[6, 5, 111, 40, 11, 117, 19, 125, 15, 8]
67,10,16,[5, 111, 40, 11, 117, 19, 125, 15, 8, 6]
68,9,10,[7, 113, 219, 76, 23, 129, 46, 25, 10]
69,10,11,[8, 6, 5, 111, 40, 11, 117, 19, 125, 15]
70,10,12,[5, 111, 40, 11, 117, 19, 125, 15, 8, 6]
71,10,15,[5, 111, 40, 11, 117, 19, 125, 15, 8, 6]
72,9,10,[113, 219, 76, 23, 129, 46, 25, 10, 7]
73,10,14,[5, 111, 40, 11, 117, 19, 125, 15, 8, 6]
74,10,12,[6, 5, 111, 40, 11, 117, 19, 125, 15, 8]
75,10,14,[5, 111, 40, 11, 117, 19, 125, 15, 8, 6]
76,9,8,[23, 129, 46, 25, 10, 7, 113, 219, 76]
77,10,11,[6, 5, 111, 40, 11, 117, 19, 125, 15, 8]
78,10,11,[6, 5, 111, 40, 11, 117, 19, 125, 15, 8]
79,9,12,[113, 219, 76, 23, 129, 46, 25, 10, 7]
80,10,14,[5, 111, 40, 11, 117, 19, 125, 15, 8, 6]
81,9,10,[113, 219, 76, 23, 129, 46, 25, 10, 7]
82,9,12,[10, 7, 113, 219, 76, 23, 129, 46, 25]
83,10,12,[6, 5, 111, 40, 11, 117, 19, 125, 15, 8]
84,10,12,[5, 111, 40, 11, 117, 19, 125, 15, 8, 6]
85,10,15,[5, 111, 40, 11, 117, 19, 125, 15, 8, 6]
86,10,11,[117, 19, 125, 15, 8, 6, 5, 111, 40, 11]
87,9,10,[7, 113, 219, 76, 23, 129, 46, 25, 10]
88,10,13,[8, 6, 5, 111, 40, 11, 117, 19, 125, 15]
89,9,11,[7, 113, 219, 76, 23, 129, 46, 25, 10]
90,10,14,[5, 111, 40, 11, 117, 19, 125, 15, 8, 6]
91,10,12,[5, 111, 40, 11, 117, 19, 125, 15, 8, 6]
92,10,12,[5, 111, 40, 11, 117, 19, 125, 15, 8, 6]
93,10,11,[125, 15, 8, 6, 5, 111, 40, 11, 117, 19]
94,10,13,[5, 111, 40, 11, 117, 19, 125, 15, 8, 6]
95,10,12,[5, 111, 40, 11, 117, 19, 125, 15, 8, 6]
96,10,14,[5, 111, 40, 11, 117, 19, 125, 15, 8, 6]
97,9,11,[7, 113, 219, 76, 23, 129, 46, 25, 10]
98,10,11,[6, 5, 111, 40, 11, 117, 19, 125, 15, 8]
99,10,13,[8, 6, 5, 111, 40, 11, 117, 19, 125, 15]
100,10,12,[5, 111, 40, 11, 117, 19, 125, 15, 8, 6]
101,10,15,[5, 111, 40, 11, 117, 19, 125, 15, 8, 6]
102,10,15,[5, 111, 40, 11, 117, 19, 125, 15, 8, 6]
103,9,11,[7, 113, 219, 76, 23, 129, 46, 25, 10]
104,10,10,[125, 15, 8, 6, 5, 111, 40, 11, 117, 19]
105,10,10,[8, 6, 5, 111, 40, 11, 117, 19, 125, 15]
106,10,12,[6, 5, 111, 40, 11, 117, 19, 125, 15, 8]
107,10,14,[6, 5, 111, 40, 11, 117, 19, 125, 15, 8]
108,10,14,[5, 111, 40, 11, 117, 19, 125, 15, 8, 6]
109,10,12,[117, 19, 125, 15, 8, 6, 5, 111, 40, 11]
110,10,11,[6, 5, 111, 40, 11, 117, 19, 125, 15, 8]
111,10,9,[40, 11, 117, 19, 125, 15, 8, 6, 5, 111]
112,10,10,[8, 6, 5, 111, 40, 11, 117, 19, 125, 15]
113,9,8,[219, 76, 23, 129, 46, 25, 10, 7, 113]
114,10,12,[5, 111, 40, 11, 117, 19, 125, 15, 8, 6]
115,10,11,[117, 19, 125, 15, 8, 6, 5, 111, 40, 11]
116,10,13,[5, 111, 40, 11, 117, 19, 125, 15, 8, 6]
117,10,9,[19, 125, 15, 8, 6, 5, 111, 40, 11, 117]
118,9,12,[129, 46, 25, 10, 7, 113, 219, 76, 23]
119,10,12,[5, 111, 40, 11, 117, 19, 125, 15, 8, 6]
120,10,12,[5, 111, 40, 11, 117, 19, 125, 15, 8, 6]
121,10,15,[5, 111, 40, 11, 117, 19, 125, 15, 8, 6]
122,10,15,[5, 111, 40, 11, 117, 19, 125, 15, 8, 6]
123,10,11,[8, 6, 5, 111, 40, 11, 117, 19, 125, 15]
124,9,11,[113, 219, 76, 23, 129, 46, 25, 10, 7]
125,10,9,[15, 8, 6, 5, 111, 40, 11, 117, 19, 125]
126,10,10,[8, 6, 5, 111, 40, 11, 117, 19, 125, 15]
127,10,16,[5, 111, 40, 11, 117, 19, 125, 15, 8, 6]
128,10,12,[5, 111, 40, 11, 117, 19, 125, 15, 8, 6]
129,9,8,[46, 25, 10, 7, 113, 219, 76, 23, 129]
130,10,12,[5, 111, 40, 11, 117, 19, 125, 15, 8, 6]
131,9,14,[10, 7, 113, 219, 76, 23, 129, 46, 25]
132,10,11,[6, 5, 111, 40, 11, 117, 19, 125, 15, 8]
133,10,11,[8, 6, 5, 111, 40, 11, 117, 19, 125, 15]
134,10,12,[8, 6, 5, 111, 40, 11, 117, 19, 125, 15]
135,10,12,[5, 111, 40, 11, 117, 19, 125, 15, 8, 6]
136,9,9,[129, 46, 25, 10, 7, 113, 219, 76, 23]
137,10,11,[8, 6, 5, 111, 40, 11, 117, 19, 125, 15]
138,10,11,[117, 19, 125, 15, 8, 6, 5, 111, 40, 11]
139,10,11,[125, 15, 8, 6, 5, 111, 40, 11, 117, 19]
140,10,11,[6, 5, 111, 40, 11, 117, 19, 125, 15, 8]
141,9,11,[113, 219, 76, 23, 129, 46, 25, 10, 7]
142,10,15,[5, 111, 40, 11, 117, 19, 125, 15, 8, 6]
143,10,12,[5, 111, 40, 11, 117, 19, 125, 15, 8, 6]
144,10,12,[5, 111, 40, 11, 117, 19, 125, 15, 8, 6]
145,10,11,[125, 15, 8, 6, 5, 111, 40, 11, 117, 19]
146,10,15,[5, 111, 40, 11, 117, 19, 125, 15, 8, 6]
147,10,13,[8, 6, 5, 111, 40, 11, 117, 19, 125, 15]
148,10,15,[8, 6, 5, 111, 40, 11, 117, 19, 125, 15]
149,9,10,[10, 7, 113, 219, 76, 23, 129, 46, 25]
150,10,10,[8, 6, 5, 111, 40, 11, 117, 19, 125, 15]
151,9,11,[10, 7, 113, 219, 76, 23, 129, 46, 25]
152,9,9,[10, 7, 113, 219, 76, 23, 129, 46, 25]
153,9,9,[129, 46, 25, 10, 7, 113, 219, 76, 23]
154,10,12,[5, 111, 40, 11, 117, 19, 125, 15, 8, 6]
155,9,10,[7, 113, 219, 76, 23, 129, 46, 25, 10]
156,10,12,[5, 111, 40, 11, 117, 19, 125, 15, 8, 6]
157,9,13,[129, 46, 25, 10, 7, 113, 219, 76, 23]
158,9,11,[113, 219, 76, 23, 129, 46, 25, 10, 7]
159,10,15,[5, 111, 40, 11, 117, 19, 125, 15, 8, 6]
160,10,10,[8, 6, 5, 111, 40, 11, 117, 19, 125, 15]
161,9,10,[7, 113, 219, 76, 23, 129, 46, 25, 10]
162,10,12,[5, 111, 40, 11, 117, 19, 125, 15, 8, 6]
163,10,13,[6, 5, 111, 40, 11, 117, 19, 125, 15, 8]
164,10,11,[117, 19, 125, 15, 8, 6, 5, 111, 40, 11]
165,10,10,[125, 15, 8, 6, 5, 111, 40, 11, 117, 19]
166,10,16,[5, 111, 40, 11, 117, 19, 125, 15, 8, 6]
167,9,10,[129, 46, 25, 10, 7, 113, 219, 76, 23]
168,10,11,[6, 5, 111, 40, 11, 117, 19, 125, 15, 8]
169,10,11,[8, 6, 5, 111, 40, 11, 117, 19, 125, 15]
170,10,12,[5, 111, 40, 11, 117, 19, 125, 15, 8, 6]
171,9,9,[10, 7, 113, 219, 76, 23, 129, 46, 25]
172,9,11,[129, 46, 25, 10, 7, 113, 219, 76, 23]
173,10,15,[5, 111, 40, 11, 117, 19, 125, 15, 8, 6]
174,10,11,[125, 15, 8, 6, 5, 111, 40, 11, 117, 19]
175,10,13,[8, 6, 5, 111, 40, 11, 117, 19, 125, 15]
176,10,10,[125, 15, 8, 6, 5, 111, 40, 11, 117, 19]
177,10,14,[5, 111, 40, 11, 117, 19, 125, 15, 8, 6]
178,10,13,[5, 111, 40, 11, 117, 19, 125, 15, 8, 6]
179,10,13,[5, 111, 40, 11, 117, 19, 125, 15, 8, 6]
180,10,10,[8, 6, 5, 111, 40, 11, 117, 19, 125, 15]
181,10,12,[117, 19, 125, 15, 8, 6, 5, 111, 40, 11]
182,10,15,[5, 111, 40, 11, 117, 19, 125, 15, 8, 6]
183,9,11,[113, 219, 76, 23, 129, 46, 25, 10, 7]
184,10,14,[5, 111, 40, 11, 117, 19, 125, 15, 8, 6]
185,9,11,[113, 219, 76, 23, 129, 46, 25, 10, 7]
186,9,10,[7, 113, 219, 76, 23, 129, 46, 25, 10]
187,10,11,[117, 19, 125, 15, 8, 6, 5, 111, 40, 11]
188,10,13,[5, 111, 40, 11, 117, 19, 125, 15, 8, 6]
189,10,11,[6, 5, 111, 40, 11, 117, 19, 125, 15, 8]
190,10,11,[8, 6, 5, 111, 40, 11, 117, 19, 125, 15]
191,10,13,[5, 111, 40, 11, 117, 19, 125, 15, 8, 6]
192,10,10,[8, 6, 5, 111, 40, 11, 117, 19, 125, 15]
193,9,11,[7, 113, 219, 76, 23, 129, 46, 25, 10]
194,10,14,[8, 6, 5, 111, 40, 11, 117, 19, 125, 15]
195,9,10,[7, 113, 219, 76, 23, 129, 46, 25, 10]
196,10,11,[6, 5, 111, 40, 11, 117, 19, 125, 15, 8]
197,10,12,[125, 15, 8, 6, 5, 111, 40, 11, 117, 19]
198,10,10,[125, 15, 8, 6, 5, 111, 40, 11, 117, 19]
199,10,13,[6, 5, 111, 40, 11, 117, 19, 125, 15, 8]
200,10,11,[6, 5, 111, 40, 11, 117, 19, 125, 15, 8]
