1  1  [1]
2  5  [9, 6, 5, 49, 14]
3  5  [49, 14, 9, 6, 5]
4  1  [4]
5  5  [14, 9, 6, 5, 49]
6  5  [49, 14, 9, 6, 5]
7  5  [14, 9, 6, 5, 49]
8  5  [5, 49, 14, 9, 6]
9  5  [5, 49, 14, 9, 6]
10  5  [49, 14, 9, 6, 5]
11  5  [14, 9, 6, 5, 49]
12  5  [49, 14, 9, 6, 5]
13  3  [22, 13, 57]
14  5  [6, 5, 49, 14, 9]
15  5  [6, 5, 49, 14, 9]
16  5  [6, 5, 49, 14, 9]
17  5  [49, 14, 9, 6, 5]
18  5  [6, 5, 49, 14, 9]
19  3  [13, 57, 22]
20  5  [6, 5, 49, 14, 9]
21  5  [5, 49, 14, 9, 6]
22  3  [57, 22, 13]
23  5  [9, 6, 5, 49, 14]
24  5  [6, 5, 49, 14, 9]
25  5  [5, 49, 14, 9, 6]
26  5  [9, 6, 5, 49, 14]
27  5  [6, 5, 49, 14, 9]
28  5  [49, 14, 9, 6, 5]
29  3  [13, 57, 22]
30  5  [5, 49, 14, 9, 6]
31  3  [13, 57, 22]
32  5  [5, 49, 14, 9, 6]
33  5  [9, 6, 5, 49, 14]
34  3  [22, 13, 57]
35  5  [5, 49, 14, 9, 6]
36  5  [5, 49, 14, 9, 6]
37  5  [6, 5, 49, 14, 9]
38  5  [6, 5, 49, 14, 9]
39  5  [9, 6, 5, 49, 14]
40  5  [49, 14, 9, 6, 5]
41  3  [22, 13, 57]
42  5  [5, 49, 14, 9, 6]
43  5  [9, 6, 5, 49, 14]
44  5  [9, 6, 5, 49, 14]
45  5  [49, 14, 9, 6, 5]
46  5  [6, 5, 49, 14, 9]
47  5  [14, 9, 6, 5, 49]
48  5  [49, 14, 9, 6, 5]
49  5  [9, 6, 5, 49, 14]
50  5  [5, 49, 14, 9, 6]
51  5  [9, 6, 5, 49, 14]
52  5  [5, 49, 14, 9, 6]
53  5  [14, 9, 6, 5, 49]
54  5  [49, 14, 9, 6, 5]
55  5  [9, 6, 5, 49, 14]
56  3  [57, 22, 13]
57  3  [13, 57, 22]
58  3  [22, 13, 57]
59  5  [9, 6, 5, 49, 14]
60  5  [5, 49, 14, 9, 6]
61  5  [14, 9, 6, 5, 49]
62  5  [14, 9, 6, 5, 49]
63  3  [57, 22, 13]
64  5  [5, 49, 14, 9, 6]
65  5  [9, 6, 5, 49, 14]
66  5  [9, 6, 5, 49, 14]
67  5  [6, 5, 49, 14, 9]
68  5  [6, 5, 49, 14, 9]
69  5  [14, 9, 6, 5, 49]
70  5  [9, 6, 5, 49, 14]
71  5  [6, 5, 49, 14, 9]
72  5  [5, 49, 14, 9, 6]
73  3  [57, 22, 13]
74  5  [14, 9, 6, 5, 49]
75  3  [57, 22, 13]
76  5  [14, 9, 6, 5, 49]
77  5  [9, 6, 5, 49, 14]
78  5  [9, 6, 5, 49, 14]
79  5  [49, 14, 9, 6, 5]
80  3  [57, 22, 13]
81  5  [5, 49, 14, 9, 6]
82  5  [14, 9, 6, 5, 49]
83  5  [14, 9, 6, 5, 49]
84  5  [9, 6, 5, 49, 14]
85  3  [13, 57, 22]
86  5  [5, 49, 14, 9, 6]
87  5  [6, 5, 49, 14, 9]
88  5  [5, 49, 14, 9, 6]
89  5  [49, 14, 9, 6, 5]
90  3  [57, 22, 13]
91  5  [9, 6, 5, 49, 14]
92  5  [9, 6, 5, 49, 14]
93  3  [57, 22, 13]
94  5  [14, 9, 6, 5, 49]
95  5  [9, 6, 5, 49, 14]
96  3  [57, 22, 13]
97  5  [9, 6, 5, 49, 14]
98  5  [9, 6, 5, 49, 14]
99  5  [5, 49, 14, 9, 6]
100  5  [9, 6, 5, 49, 14]
101  3  [13, 57, 22]
102  3  [13, 57, 22]
103  5  [6, 5, 49, 14, 9]
104  3  [22, 13, 57]
