1,1,0,[1]
2,6,8,[6, 5, 259, 44, 15, 8]
3,6,14,[5, 259, 44, 15, 8, 6]
4,1,0,[4]
5,6,5,[259, 44, 15, 8, 6, 5]
6,6,5,[5, 259, 44, 15, 8, 6]
7,4,3,[261, 35, 12, 7]
8,6,5,[6, 5, 259, 44, 15, 8]
9,6,6,[5, 259, 44, 15, 8, 6]
10,4,4,[261, 35, 12, 7]
11,6,12,[5, 259, 44, 15, 8, 6]
12,4,3,[7, 261, 35, 12]
13,6,10,[5, 259, 44, 15, 8, 6]
14,6,7,[5, 259, 44, 15, 8, 6]
15,6,5,[8, 6, 5, 259, 44, 15]
16,6,6,[6, 5, 259, 44, 15, 8]
17,6,10,[5, 259, 44, 15, 8, 6]
18,6,6,[6, 5, 259, 44, 15, 8]
19,6,12,[6, 5, 259, 44, 15, 8]
20,6,7,[5, 259, 44, 15, 8, 6]
21,4,5,[261, 35, 12, 7]
22,6,11,[5, 259, 44, 15, 8, 6]
23,6,10,[6, 5, 259, 44, 15, 8]
24,6,7,[5, 259, 44, 15, 8, 6]
25,4,5,[261, 35, 12, 7]
26,6,6,[8, 6, 5, 259, 44, 15]
27,6,7,[5, 259, 44, 15, 8, 6]
28,6,13,[5, 259, 44, 15, 8, 6]
29,6,15,[5, 259, 44, 15, 8, 6]
30,4,5,[261, 35, 12, 7]
31,6,9,[5, 259, 44, 15, 8, 6]
32,4,5,[261, 35, 12, 7]
33,6,8,[5, 259, 44, 15, 8, 6]
34,6,13,[6, 5, 259, 44, 15, 8]
35,4,3,[12, 7, 261, 35]
36,4,5,[261, 35, 12, 7]
37,6,10,[5, 259, 44, 15, 8, 6]
38,4,6,[261, 35, 12, 7]
39,6,7,[6, 5, 259, 44, 15, 8]
40,6,13,[5, 259, 44, 15, 8, 6]
41,4,6,[7, 261, 35, 12]
42,4,4,[7, 261, 35, 12]
43,6,9,[5, 259, 44, 15, 8, 6]
44,6,5,[15, 8, 6, 5, 259, 44]
45,6,13,[5, 259, 44, 15, 8, 6]
46,4,6,[261, 35, 12, 7]
47,4,6,[7, 261, 35, 12]
48,6,13,[5, 259, 44, 15, 8, 6]
49,6,8,[5, 259, 44, 15, 8, 6]
50,4,4,[7, 261, 35, 12]
51,6,8,[5, 259, 44, 15, 8, 6]
52,6,11,[5, 259, 44, 15, 8, 6]
53,6,12,[5, 259, 44, 15, 8, 6]
54,6,13,[5, 259, 44, 15, 8, 6]
55,6,7,[6, 5, 259, 44, 15, 8]
56,6,11,[5, 259, 44, 15, 8, 6]
57,6,12,[5, 259, 44, 15, 8, 6]
58,6,10,[5, 259, 44, 15, 8, 6]
59,6,15,[6, 5, 259, 44, 15, 8]
60,4,4,[7, 261, 35, 12]
61,6,8,[6, 5, 259, 44, 15, 8]
62,6,9,[5, 259, 44, 15, 8, 6]
63,6,11,[5, 259, 44, 15, 8, 6]
64,4,4,[7, 261, 35, 12]
65,6,7,[6, 5, 259, 44, 15, 8]
66,6,7,[6, 5, 259, 44, 15, 8]
67,6,9,[6, 5, 259, 44, 15, 8]
68,4,6,[261, 35, 12, 7]
69,6,7,[8, 6, 5, 259, 44, 15]
70,6,8,[5, 259, 44, 15, 8, 6]
71,6,12,[6, 5, 259, 44, 15, 8]
72,4,4,[7, 261, 35, 12]
73,6,8,[8, 6, 5, 259, 44, 15]
74,6,8,[6, 5, 259, 44, 15, 8]
75,6,11,[5, 259, 44, 15, 8, 6]
76,6,11,[6, 5, 259, 44, 15, 8]
77,6,7,[6, 5, 259, 44, 15, 8]
78,6,7,[6, 5, 259, 44, 15, 8]
79,6,11,[5, 259, 44, 15, 8, 6]
80,6,11,[5, 259, 44, 15, 8, 6]
81,4,4,[7, 261, 35, 12]
82,6,10,[5, 259, 44, 15, 8, 6]
83,6,10,[6, 5, 259, 44, 15, 8]
84,6,8,[5, 259, 44, 15, 8, 6]
85,6,12,[5, 259, 44, 15, 8, 6]
86,6,14,[5, 259, 44, 15, 8, 6]
87,4,6,[261, 35, 12, 7]
88,6,11,[5, 259, 44, 15, 8, 6]
89,4,7,[261, 35, 12, 7]
90,6,11,[5, 259, 44, 15, 8, 6]
91,6,8,[5, 259, 44, 15, 8, 6]
92,6,8,[5, 259, 44, 15, 8, 6]
93,6,14,[6, 5, 259, 44, 15, 8]
94,6,9,[5, 259, 44, 15, 8, 6]
95,6,8,[5, 259, 44, 15, 8, 6]
96,6,11,[5, 259, 44, 15, 8, 6]
97,6,13,[5, 259, 44, 15, 8, 6]
98,6,7,[6, 5, 259, 44, 15, 8]
99,6,11,[5, 259, 44, 15, 8, 6]
100,6,8,[5, 259, 44, 15, 8, 6]
101,6,13,[6, 5, 259, 44, 15, 8]
102,6,12,[5, 259, 44, 15, 8, 6]
103,6,9,[5, 259, 44, 15, 8, 6]
104,6,13,[6, 5, 259, 44, 15, 8]
105,6,6,[8, 6, 5, 259, 44, 15]
106,6,8,[6, 5, 259, 44, 15, 8]
107,4,8,[261, 35, 12, 7]
108,6,11,[5, 259, 44, 15, 8, 6]
109,4,7,[261, 35, 12, 7]
110,6,7,[6, 5, 259, 44, 15, 8]
111,6,14,[5, 259, 44, 15, 8, 6]
112,6,6,[8, 6, 5, 259, 44, 15]
113,4,8,[261, 35, 12, 7]
114,6,8,[5, 259, 44, 15, 8, 6]
115,6,14,[5, 259, 44, 15, 8, 6]
116,6,9,[5, 259, 44, 15, 8, 6]
117,6,13,[6, 5, 259, 44, 15, 8]
118,6,9,[6, 5, 259, 44, 15, 8]
119,6,8,[5, 259, 44, 15, 8, 6]
120,6,8,[5, 259, 44, 15, 8, 6]
121,6,12,[5, 259, 44, 15, 8, 6]
122,6,12,[5, 259, 44, 15, 8, 6]
123,6,6,[15, 8, 6, 5, 259, 44]
124,4,4,[12, 7, 261, 35]
125,6,6,[8, 6, 5, 259, 44, 15]
126,6,6,[8, 6, 5, 259, 44, 15]
127,6,10,[5, 259, 44, 15, 8, 6]
128,6,8,[5, 259, 44, 15, 8, 6]
129,4,7,[261, 35, 12, 7]
130,6,8,[5, 259, 44, 15, 8, 6]
131,6,12,[6, 5, 259, 44, 15, 8]
132,6,7,[6, 5, 259, 44, 15, 8]
133,6,7,[8, 6, 5, 259, 44, 15]
134,6,8,[8, 6, 5, 259, 44, 15]
135,6,8,[5, 259, 44, 15, 8, 6]
136,6,11,[6, 5, 259, 44, 15, 8]
137,6,15,[5, 259, 44, 15, 8, 6]
138,6,14,[5, 259, 44, 15, 8, 6]
139,6,10,[8, 6, 5, 259, 44, 15]
140,6,7,[6, 5, 259, 44, 15, 8]
141,4,5,[7, 261, 35, 12]
142,6,9,[8, 6, 5, 259, 44, 15]
143,6,8,[5, 259, 44, 15, 8, 6]
144,6,8,[5, 259, 44, 15, 8, 6]
145,6,14,[6, 5, 259, 44, 15, 8]
146,6,12,[5, 259, 44, 15, 8, 6]
147,6,11,[5, 259, 44, 15, 8, 6]
148,4,7,[7, 261, 35, 12]
149,6,7,[15, 8, 6, 5, 259, 44]
150,6,6,[8, 6, 5, 259, 44, 15]
151,6,12,[5, 259, 44, 15, 8, 6]
152,4,6,[261, 35, 12, 7]
153,6,11,[6, 5, 259, 44, 15, 8]
154,6,8,[5, 259, 44, 15, 8, 6]
155,4,6,[261, 35, 12, 7]
156,6,8,[5, 259, 44, 15, 8, 6]
157,6,9,[6, 5, 259, 44, 15, 8]
158,4,5,[7, 261, 35, 12]
159,6,12,[5, 259, 44, 15, 8, 6]
160,6,6,[8, 6, 5, 259, 44, 15]
161,4,6,[261, 35, 12, 7]
162,6,8,[5, 259, 44, 15, 8, 6]
163,6,11,[8, 6, 5, 259, 44, 15]
164,6,14,[5, 259, 44, 15, 8, 6]
165,6,13,[6, 5, 259, 44, 15, 8]
166,6,13,[5, 259, 44, 15, 8, 6]
167,6,15,[6, 5, 259, 44, 15, 8]
168,6,7,[6, 5, 259, 44, 15, 8]
169,6,7,[8, 6, 5, 259, 44, 15]
170,6,8,[5, 259, 44, 15, 8, 6]
171,4,6,[261, 35, 12, 7]
172,4,7,[7, 261, 35, 12]
173,4,8,[261, 35, 12, 7]
174,6,14,[6, 5, 259, 44, 15, 8]
175,6,11,[5, 259, 44, 15, 8, 6]
176,6,13,[6, 5, 259, 44, 15, 8]
177,6,10,[5, 259, 44, 15, 8, 6]
178,6,9,[5, 259, 44, 15, 8, 6]
179,4,7,[12, 7, 261, 35]
180,6,6,[8, 6, 5, 259, 44, 15]
181,6,12,[5, 259, 44, 15, 8, 6]
182,6,12,[5, 259, 44, 15, 8, 6]
183,4,5,[7, 261, 35, 12]
184,6,16,[5, 259, 44, 15, 8, 6]
185,4,5,[7, 261, 35, 12]
186,4,6,[261, 35, 12, 7]
187,6,14,[5, 259, 44, 15, 8, 6]
188,6,9,[5, 259, 44, 15, 8, 6]
189,6,7,[6, 5, 259, 44, 15, 8]
190,6,7,[8, 6, 5, 259, 44, 15]
191,6,11,[5, 259, 44, 15, 8, 6]
192,6,6,[8, 6, 5, 259, 44, 15]
193,4,8,[261, 35, 12, 7]
194,6,12,[5, 259, 44, 15, 8, 6]
195,4,6,[261, 35, 12, 7]
196,6,7,[6, 5, 259, 44, 15, 8]
197,6,13,[5, 259, 44, 15, 8, 6]
198,6,13,[6, 5, 259, 44, 15, 8]
199,6,10,[5, 259, 44, 15, 8, 6]
200,6,7,[6, 5, 259, 44, 15, 8]
