1,1,0,[1],[0]
2,3,8,[11, 40, 434],[1, 0, 0]
3,3,12,[11, 40, 434],[1, 0, 0]
4,1,0,[4],[0]
5,3,3,[11, 40, 434],[1, 0, 0]
6,3,4,[11, 40, 434],[1, 0, 0]
7,4,0,[7, 12, 50, 430],[1, 0, 0, 0]
8,3,5,[11, 40, 434],[1, 0, 0]
9,3,5,[11, 40, 434],[1, 0, 0]
10,4,1,[7, 12, 50, 430],[1, 0, 0, 0]
11,3,0,[11, 40, 434],[1, 0, 0]
12,4,0,[7, 12, 50, 430],[1, 0, 0, 0]
13,3,13,[11, 40, 434],[1, 0, 0]
14,3,6,[11, 40, 434],[1, 0, 0]
15,3,6,[11, 40, 434],[1, 0, 0]
16,3,6,[11, 40, 434],[1, 0, 0]
17,3,16,[11, 40, 434],[1, 0, 0]
18,3,6,[11, 40, 434],[1, 0, 0]
19,4,4,[7, 12, 50, 430],[1, 0, 0, 0]
20,3,6,[11, 40, 434],[1, 0, 0]
21,4,2,[7, 12, 50, 430],[1, 0, 0, 0]
22,3,14,[11, 40, 434],[1, 0, 0]
23,3,9,[11, 40, 434],[1, 0, 0]
24,3,6,[11, 40, 434],[1, 0, 0]
25,4,2,[7, 12, 50, 430],[1, 0, 0, 0]
26,3,7,[11, 40, 434],[1, 0, 0]
27,3,6,[11, 40, 434],[1, 0, 0]
28,3,1,[11, 40, 434],[1, 0, 0]
29,4,7,[7, 12, 50, 430],[1, 0, 0, 0]
30,4,2,[7, 12, 50, 430],[1, 0, 0, 0]
31,3,13,[11, 40, 434],[1, 0, 0]
32,4,2,[7, 12, 50, 430],[1, 0, 0, 0]
33,3,7,[11, 40, 434],[1, 0, 0]
34,4,5,[7, 12, 50, 430],[1, 0, 0, 0]
35,4,1,[7, 12, 50, 430],[1, 0, 0, 0]
36,4,2,[7, 12, 50, 430],[1, 0, 0, 0]
37,4,4,[7, 12, 50, 430],[1, 0, 0, 0]
38,4,3,[7, 12, 50, 430],[1, 0, 0, 0]
39,3,7,[11, 40, 434],[1, 0, 0]
40,3,0,[11, 40, 434],[1, 0, 0]
41,4,6,[7, 12, 50, 430],[1, 0, 0, 0]
42,4,1,[7, 12, 50, 430],[1, 0, 0, 0]
43,3,20,[11, 40, 434],[1, 0, 0]
44,3,7,[11, 40, 434],[1, 0, 0]
45,3,1,[11, 40, 434],[1, 0, 0]
46,4,3,[7, 12, 50, 430],[1, 0, 0, 0]
47,3,3,[11, 40, 434],[1, 0, 0]
48,3,1,[11, 40, 434],[1, 0, 0]
49,3,7,[11, 40, 434],[1, 0, 0]
50,4,0,[7, 12, 50, 430],[1, 0, 0, 0]
51,3,7,[11, 40, 434],[1, 0, 0]
52,3,17,[11, 40, 434],[1, 0, 0]
53,3,3,[11, 40, 434],[1, 0, 0]
54,3,1,[11, 40, 434],[1, 0, 0]
55,3,7,[11, 40, 434],[1, 0, 0]
56,3,14,[11, 40, 434],[1, 0, 0]
57,3,15,[11, 40, 434],[1, 0, 0]
58,3,14,[11, 40, 434],[1, 0, 0]
59,3,9,[11, 40, 434],[1, 0, 0]
60,4,1,[7, 12, 50, 430],[1, 0, 0, 0]
61,3,9,[11, 40, 434],[1, 0, 0]
62,3,8,[11, 40, 434],[1, 0, 0]
63,3,14,[11, 40, 434],[1, 0, 0]
64,4,1,[7, 12, 50, 430],[1, 0, 0, 0]
65,3,7,[11, 40, 434],[1, 0, 0]
66,3,7,[11, 40, 434],[1, 0, 0]
67,4,4,[7, 12, 50, 430],[1, 0, 0, 0]
68,4,3,[7, 12, 50, 430],[1, 0, 0, 0]
69,3,8,[11, 40, 434],[1, 0, 0]
70,3,7,[11, 40, 434],[1, 0, 0]
71,4,7,[7, 12, 50, 430],[1, 0, 0, 0]
72,4,1,[7, 12, 50, 430],[1, 0, 0, 0]
73,3,9,[11, 40, 434],[1, 0, 0]
74,3,8,[11, 40, 434],[1, 0, 0]
75,3,14,[11, 40, 434],[1, 0, 0]
76,3,10,[11, 40, 434],[1, 0, 0]
77,3,7,[11, 40, 434],[1, 0, 0]
78,3,7,[11, 40, 434],[1, 0, 0]
79,4,8,[7, 12, 50, 430],[1, 0, 0, 0]
80,3,14,[11, 40, 434],[1, 0, 0]
81,4,1,[7, 12, 50, 430],[1, 0, 0, 0]
82,3,21,[11, 40, 434],[1, 0, 0]
83,4,4,[7, 12, 50, 430],[1, 0, 0, 0]
84,3,7,[11, 40, 434],[1, 0, 0]
85,3,15,[11, 40, 434],[1, 0, 0]
86,3,2,[11, 40, 434],[1, 0, 0]
87,4,3,[7, 12, 50, 430],[1, 0, 0, 0]
88,3,17,[11, 40, 434],[1, 0, 0]
89,3,8,[11, 40, 434],[1, 0, 0]
90,3,14,[11, 40, 434],[1, 0, 0]
91,3,7,[11, 40, 434],[1, 0, 0]
92,3,7,[11, 40, 434],[1, 0, 0]
93,4,6,[7, 12, 50, 430],[1, 0, 0, 0]
94,3,8,[11, 40, 434],[1, 0, 0]
95,3,7,[11, 40, 434],[1, 0, 0]
96,3,14,[11, 40, 434],[1, 0, 0]
97,3,8,[11, 40, 434],[1, 0, 0]
98,3,7,[11, 40, 434],[1, 0, 0]
99,3,17,[11, 40, 434],[1, 0, 0]
100,3,7,[11, 40, 434],[1, 0, 0]
