1,1,0,[1]
2,13,16,[5, 113, 221, 30, 10, 7, 115, 28, 11, 119, 24, 9, 6]
3,13,15,[119, 24, 9, 6, 5, 113, 221, 30, 10, 7, 115, 28, 11]
4,1,0,[4]
5,13,12,[113, 221, 30, 10, 7, 115, 28, 11, 119, 24, 9, 6, 5]
6,13,12,[5, 113, 221, 30, 10, 7, 115, 28, 11, 119, 24, 9, 6]
7,13,12,[115, 28, 11, 119, 24, 9, 6, 5, 113, 221, 30, 10, 7]
8,13,13,[5, 113, 221, 30, 10, 7, 115, 28, 11, 119, 24, 9, 6]
9,13,12,[6, 5, 113, 221, 30, 10, 7, 115, 28, 11, 119, 24, 9]
10,13,12,[7, 115, 28, 11, 119, 24, 9, 6, 5, 113, 221, 30, 10]
11,13,12,[119, 24, 9, 6, 5, 113, 221, 30, 10, 7, 115, 28, 11]
12,13,13,[115, 28, 11, 119, 24, 9, 6, 5, 113, 221, 30, 10, 7]
13,3,2,[121, 22, 13]
14,13,13,[6, 5, 113, 221, 30, 10, 7, 115, 28, 11, 119, 24, 9]
15,13,14,[5, 113, 221, 30, 10, 7, 115, 28, 11, 119, 24, 9, 6]
16,13,14,[5, 113, 221, 30, 10, 7, 115, 28, 11, 119, 24, 9, 6]
17,13,16,[5, 113, 221, 30, 10, 7, 115, 28, 11, 119, 24, 9, 6]
18,13,14,[5, 113, 221, 30, 10, 7, 115, 28, 11, 119, 24, 9, 6]
19,13,20,[5, 113, 221, 30, 10, 7, 115, 28, 11, 119, 24, 9, 6]
20,13,13,[6, 5, 113, 221, 30, 10, 7, 115, 28, 11, 119, 24, 9]
21,13,13,[7, 115, 28, 11, 119, 24, 9, 6, 5, 113, 221, 30, 10]
22,3,2,[13, 121, 22]
23,13,18,[7, 115, 28, 11, 119, 24, 9, 6, 5, 113, 221, 30, 10]
24,13,12,[9, 6, 5, 113, 221, 30, 10, 7, 115, 28, 11, 119, 24]
25,13,13,[7, 115, 28, 11, 119, 24, 9, 6, 5, 113, 221, 30, 10]
26,13,15,[5, 113, 221, 30, 10, 7, 115, 28, 11, 119, 24, 9, 6]
27,13,13,[6, 5, 113, 221, 30, 10, 7, 115, 28, 11, 119, 24, 9]
28,13,12,[11, 119, 24, 9, 6, 5, 113, 221, 30, 10, 7, 115, 28]
29,13,23,[5, 113, 221, 30, 10, 7, 115, 28, 11, 119, 24, 9, 6]
30,13,12,[10, 7, 115, 28, 11, 119, 24, 9, 6, 5, 113, 221, 30]
31,13,16,[7, 115, 28, 11, 119, 24, 9, 6, 5, 113, 221, 30, 10]
32,13,13,[7, 115, 28, 11, 119, 24, 9, 6, 5, 113, 221, 30, 10]
33,13,14,[6, 5, 113, 221, 30, 10, 7, 115, 28, 11, 119, 24, 9]
34,13,21,[5, 113, 221, 30, 10, 7, 115, 28, 11, 119, 24, 9, 6]
35,13,14,[115, 28, 11, 119, 24, 9, 6, 5, 113, 221, 30, 10, 7]
36,13,13,[7, 115, 28, 11, 119, 24, 9, 6, 5, 113, 221, 30, 10]
37,13,23,[5, 113, 221, 30, 10, 7, 115, 28, 11, 119, 24, 9, 6]
38,13,14,[7, 115, 28, 11, 119, 24, 9, 6, 5, 113, 221, 30, 10]
39,13,15,[5, 113, 221, 30, 10, 7, 115, 28, 11, 119, 24, 9, 6]
40,13,13,[119, 24, 9, 6, 5, 113, 221, 30, 10, 7, 115, 28, 11]
41,13,19,[5, 113, 221, 30, 10, 7, 115, 28, 11, 119, 24, 9, 6]
42,13,14,[115, 28, 11, 119, 24, 9, 6, 5, 113, 221, 30, 10, 7]
43,13,18,[5, 113, 221, 30, 10, 7, 115, 28, 11, 119, 24, 9, 6]
44,13,15,[5, 113, 221, 30, 10, 7, 115, 28, 11, 119, 24, 9, 6]
45,13,13,[119, 24, 9, 6, 5, 113, 221, 30, 10, 7, 115, 28, 11]
46,13,14,[7, 115, 28, 11, 119, 24, 9, 6, 5, 113, 221, 30, 10]
47,13,15,[7, 115, 28, 11, 119, 24, 9, 6, 5, 113, 221, 30, 10]
48,13,13,[119, 24, 9, 6, 5, 113, 221, 30, 10, 7, 115, 28, 11]
49,13,14,[6, 5, 113, 221, 30, 10, 7, 115, 28, 11, 119, 24, 9]
50,13,14,[115, 28, 11, 119, 24, 9, 6, 5, 113, 221, 30, 10, 7]
51,13,14,[6, 5, 113, 221, 30, 10, 7, 115, 28, 11, 119, 24, 9]
52,13,17,[5, 113, 221, 30, 10, 7, 115, 28, 11, 119, 24, 9, 6]
53,13,14,[10, 7, 115, 28, 11, 119, 24, 9, 6, 5, 113, 221, 30]
54,13,13,[119, 24, 9, 6, 5, 113, 221, 30, 10, 7, 115, 28, 11]
55,13,15,[5, 113, 221, 30, 10, 7, 115, 28, 11, 119, 24, 9, 6]
56,3,3,[121, 22, 13]
57,3,3,[13, 121, 22]
58,13,17,[7, 115, 28, 11, 119, 24, 9, 6, 5, 113, 221, 30, 10]
59,13,16,[7, 115, 28, 11, 119, 24, 9, 6, 5, 113, 221, 30, 10]
60,13,14,[115, 28, 11, 119, 24, 9, 6, 5, 113, 221, 30, 10, 7]
61,13,17,[5, 113, 221, 30, 10, 7, 115, 28, 11, 119, 24, 9, 6]
62,13,15,[6, 5, 113, 221, 30, 10, 7, 115, 28, 11, 119, 24, 9]
63,3,3,[121, 22, 13]
64,13,14,[115, 28, 11, 119, 24, 9, 6, 5, 113, 221, 30, 10, 7]
65,13,15,[5, 113, 221, 30, 10, 7, 115, 28, 11, 119, 24, 9, 6]
66,13,15,[5, 113, 221, 30, 10, 7, 115, 28, 11, 119, 24, 9, 6]
67,13,18,[5, 113, 221, 30, 10, 7, 115, 28, 11, 119, 24, 9, 6]
68,13,14,[7, 115, 28, 11, 119, 24, 9, 6, 5, 113, 221, 30, 10]
69,13,16,[5, 113, 221, 30, 10, 7, 115, 28, 11, 119, 24, 9, 6]
70,13,14,[6, 5, 113, 221, 30, 10, 7, 115, 28, 11, 119, 24, 9]
71,13,16,[119, 24, 9, 6, 5, 113, 221, 30, 10, 7, 115, 28, 11]
72,13,14,[115, 28, 11, 119, 24, 9, 6, 5, 113, 221, 30, 10, 7]
73,13,24,[5, 113, 221, 30, 10, 7, 115, 28, 11, 119, 24, 9, 6]
74,13,16,[5, 113, 221, 30, 10, 7, 115, 28, 11, 119, 24, 9, 6]
75,3,3,[121, 22, 13]
76,13,19,[7, 115, 28, 11, 119, 24, 9, 6, 5, 113, 221, 30, 10]
77,13,15,[5, 113, 221, 30, 10, 7, 115, 28, 11, 119, 24, 9, 6]
78,13,15,[5, 113, 221, 30, 10, 7, 115, 28, 11, 119, 24, 9, 6]
79,13,14,[11, 119, 24, 9, 6, 5, 113, 221, 30, 10, 7, 115, 28]
80,3,3,[121, 22, 13]
81,13,14,[115, 28, 11, 119, 24, 9, 6, 5, 113, 221, 30, 10, 7]
82,13,19,[5, 113, 221, 30, 10, 7, 115, 28, 11, 119, 24, 9, 6]
83,13,16,[7, 115, 28, 11, 119, 24, 9, 6, 5, 113, 221, 30, 10]
84,13,14,[6, 5, 113, 221, 30, 10, 7, 115, 28, 11, 119, 24, 9]
85,3,3,[13, 121, 22]
86,13,14,[119, 24, 9, 6, 5, 113, 221, 30, 10, 7, 115, 28, 11]
87,13,14,[7, 115, 28, 11, 119, 24, 9, 6, 5, 113, 221, 30, 10]
88,13,17,[5, 113, 221, 30, 10, 7, 115, 28, 11, 119, 24, 9, 6]
89,13,18,[5, 113, 221, 30, 10, 7, 115, 28, 11, 119, 24, 9, 6]
90,3,3,[121, 22, 13]
91,13,14,[6, 5, 113, 221, 30, 10, 7, 115, 28, 11, 119, 24, 9]
92,13,14,[6, 5, 113, 221, 30, 10, 7, 115, 28, 11, 119, 24, 9]
93,13,22,[5, 113, 221, 30, 10, 7, 115, 28, 11, 119, 24, 9, 6]
94,13,15,[6, 5, 113, 221, 30, 10, 7, 115, 28, 11, 119, 24, 9]
95,13,13,[9, 6, 5, 113, 221, 30, 10, 7, 115, 28, 11, 119, 24]
96,3,3,[121, 22, 13]
97,13,16,[7, 115, 28, 11, 119, 24, 9, 6, 5, 113, 221, 30, 10]
98,13,15,[5, 113, 221, 30, 10, 7, 115, 28, 11, 119, 24, 9, 6]
99,13,17,[5, 113, 221, 30, 10, 7, 115, 28, 11, 119, 24, 9, 6]
100,13,14,[6, 5, 113, 221, 30, 10, 7, 115, 28, 11, 119, 24, 9]
101,13,14,[10, 7, 115, 28, 11, 119, 24, 9, 6, 5, 113, 221, 30]
102,3,3,[13, 121, 22]
103,13,16,[119, 24, 9, 6, 5, 113, 221, 30, 10, 7, 115, 28, 11]
104,13,21,[5, 113, 221, 30, 10, 7, 115, 28, 11, 119, 24, 9, 6]
105,13,15,[5, 113, 221, 30, 10, 7, 115, 28, 11, 119, 24, 9, 6]
106,13,16,[5, 113, 221, 30, 10, 7, 115, 28, 11, 119, 24, 9, 6]
107,13,15,[119, 24, 9, 6, 5, 113, 221, 30, 10, 7, 115, 28, 11]
108,3,3,[121, 22, 13]
109,13,16,[7, 115, 28, 11, 119, 24, 9, 6, 5, 113, 221, 30, 10]
110,13,15,[5, 113, 221, 30, 10, 7, 115, 28, 11, 119, 24, 9, 6]
111,13,14,[119, 24, 9, 6, 5, 113, 221, 30, 10, 7, 115, 28, 11]
112,13,15,[5, 113, 221, 30, 10, 7, 115, 28, 11, 119, 24, 9, 6]
113,13,12,[221, 30, 10, 7, 115, 28, 11, 119, 24, 9, 6, 5, 113]
114,13,13,[9, 6, 5, 113, 221, 30, 10, 7, 115, 28, 11, 119, 24]
115,13,12,[28, 11, 119, 24, 9, 6, 5, 113, 221, 30, 10, 7, 115]
116,13,15,[6, 5, 113, 221, 30, 10, 7, 115, 28, 11, 119, 24, 9]
117,13,21,[5, 113, 221, 30, 10, 7, 115, 28, 11, 119, 24, 9, 6]
118,13,18,[5, 113, 221, 30, 10, 7, 115, 28, 11, 119, 24, 9, 6]
119,13,12,[24, 9, 6, 5, 113, 221, 30, 10, 7, 115, 28, 11, 119]
120,13,14,[6, 5, 113, 221, 30, 10, 7, 115, 28, 11, 119, 24, 9]
121,3,2,[22, 13, 121]
122,3,4,[121, 22, 13]
123,13,16,[5, 113, 221, 30, 10, 7, 115, 28, 11, 119, 24, 9, 6]
124,13,15,[115, 28, 11, 119, 24, 9, 6, 5, 113, 221, 30, 10, 7]
125,13,15,[5, 113, 221, 30, 10, 7, 115, 28, 11, 119, 24, 9, 6]
126,13,15,[5, 113, 221, 30, 10, 7, 115, 28, 11, 119, 24, 9, 6]
127,13,19,[5, 113, 221, 30, 10, 7, 115, 28, 11, 119, 24, 9, 6]
128,13,14,[6, 5, 113, 221, 30, 10, 7, 115, 28, 11, 119, 24, 9]
129,13,15,[7, 115, 28, 11, 119, 24, 9, 6, 5, 113, 221, 30, 10]
130,13,14,[6, 5, 113, 221, 30, 10, 7, 115, 28, 11, 119, 24, 9]
131,13,17,[7, 115, 28, 11, 119, 24, 9, 6, 5, 113, 221, 30, 10]
132,13,15,[5, 113, 221, 30, 10, 7, 115, 28, 11, 119, 24, 9, 6]
133,13,16,[5, 113, 221, 30, 10, 7, 115, 28, 11, 119, 24, 9, 6]
134,13,17,[5, 113, 221, 30, 10, 7, 115, 28, 11, 119, 24, 9, 6]
135,13,14,[6, 5, 113, 221, 30, 10, 7, 115, 28, 11, 119, 24, 9]
136,13,19,[7, 115, 28, 11, 119, 24, 9, 6, 5, 113, 221, 30, 10]
137,13,22,[5, 113, 221, 30, 10, 7, 115, 28, 11, 119, 24, 9, 6]
138,13,13,[11, 119, 24, 9, 6, 5, 113, 221, 30, 10, 7, 115, 28]
139,13,15,[7, 115, 28, 11, 119, 24, 9, 6, 5, 113, 221, 30, 10]
140,13,15,[5, 113, 221, 30, 10, 7, 115, 28, 11, 119, 24, 9, 6]
141,13,15,[115, 28, 11, 119, 24, 9, 6, 5, 113, 221, 30, 10, 7]
142,13,25,[5, 113, 221, 30, 10, 7, 115, 28, 11, 119, 24, 9, 6]
143,13,13,[9, 6, 5, 113, 221, 30, 10, 7, 115, 28, 11, 119, 24]
144,13,14,[6, 5, 113, 221, 30, 10, 7, 115, 28, 11, 119, 24, 9]
145,13,22,[5, 113, 221, 30, 10, 7, 115, 28, 11, 119, 24, 9, 6]
146,3,4,[121, 22, 13]
147,13,17,[5, 113, 221, 30, 10, 7, 115, 28, 11, 119, 24, 9, 6]
148,13,20,[5, 113, 221, 30, 10, 7, 115, 28, 11, 119, 24, 9, 6]
149,13,18,[5, 113, 221, 30, 10, 7, 115, 28, 11, 119, 24, 9, 6]
150,13,15,[5, 113, 221, 30, 10, 7, 115, 28, 11, 119, 24, 9, 6]
151,13,17,[5, 113, 221, 30, 10, 7, 115, 28, 11, 119, 24, 9, 6]
152,13,14,[7, 115, 28, 11, 119, 24, 9, 6, 5, 113, 221, 30, 10]
153,13,19,[7, 115, 28, 11, 119, 24, 9, 6, 5, 113, 221, 30, 10]
154,13,14,[6, 5, 113, 221, 30, 10, 7, 115, 28, 11, 119, 24, 9]
155,13,14,[7, 115, 28, 11, 119, 24, 9, 6, 5, 113, 221, 30, 10]
156,13,14,[6, 5, 113, 221, 30, 10, 7, 115, 28, 11, 119, 24, 9]
157,13,19,[7, 115, 28, 11, 119, 24, 9, 6, 5, 113, 221, 30, 10]
158,13,15,[115, 28, 11, 119, 24, 9, 6, 5, 113, 221, 30, 10, 7]
159,3,4,[121, 22, 13]
160,13,15,[5, 113, 221, 30, 10, 7, 115, 28, 11, 119, 24, 9, 6]
161,13,13,[10, 7, 115, 28, 11, 119, 24, 9, 6, 5, 113, 221, 30]
162,13,14,[6, 5, 113, 221, 30, 10, 7, 115, 28, 11, 119, 24, 9]
163,13,28,[5, 113, 221, 30, 10, 7, 115, 28, 11, 119, 24, 9, 6]
164,13,14,[119, 24, 9, 6, 5, 113, 221, 30, 10, 7, 115, 28, 11]
165,13,21,[5, 113, 221, 30, 10, 7, 115, 28, 11, 119, 24, 9, 6]
166,3,4,[13, 121, 22]
167,13,15,[7, 115, 28, 11, 119, 24, 9, 6, 5, 113, 221, 30, 10]
168,13,15,[5, 113, 221, 30, 10, 7, 115, 28, 11, 119, 24, 9, 6]
169,13,16,[5, 113, 221, 30, 10, 7, 115, 28, 11, 119, 24, 9, 6]
170,13,13,[9, 6, 5, 113, 221, 30, 10, 7, 115, 28, 11, 119, 24]
171,13,14,[7, 115, 28, 11, 119, 24, 9, 6, 5, 113, 221, 30, 10]
172,13,16,[7, 115, 28, 11, 119, 24, 9, 6, 5, 113, 221, 30, 10]
173,13,19,[5, 113, 221, 30, 10, 7, 115, 28, 11, 119, 24, 9, 6]
174,13,22,[5, 113, 221, 30, 10, 7, 115, 28, 11, 119, 24, 9, 6]
175,13,17,[5, 113, 221, 30, 10, 7, 115, 28, 11, 119, 24, 9, 6]
176,13,21,[5, 113, 221, 30, 10, 7, 115, 28, 11, 119, 24, 9, 6]
177,13,16,[6, 5, 113, 221, 30, 10, 7, 115, 28, 11, 119, 24, 9]
178,13,15,[6, 5, 113, 221, 30, 10, 7, 115, 28, 11, 119, 24, 9]
179,13,15,[119, 24, 9, 6, 5, 113, 221, 30, 10, 7, 115, 28, 11]
180,13,15,[5, 113, 221, 30, 10, 7, 115, 28, 11, 119, 24, 9, 6]
181,13,23,[5, 113, 221, 30, 10, 7, 115, 28, 11, 119, 24, 9, 6]
182,3,3,[13, 121, 22]
183,13,15,[115, 28, 11, 119, 24, 9, 6, 5, 113, 221, 30, 10, 7]
184,13,24,[5, 113, 221, 30, 10, 7, 115, 28, 11, 119, 24, 9, 6]
185,13,15,[115, 28, 11, 119, 24, 9, 6, 5, 113, 221, 30, 10, 7]
186,13,14,[7, 115, 28, 11, 119, 24, 9, 6, 5, 113, 221, 30, 10]
187,13,13,[11, 119, 24, 9, 6, 5, 113, 221, 30, 10, 7, 115, 28]
188,13,15,[6, 5, 113, 221, 30, 10, 7, 115, 28, 11, 119, 24, 9]
189,13,15,[5, 113, 221, 30, 10, 7, 115, 28, 11, 119, 24, 9, 6]
190,13,16,[5, 113, 221, 30, 10, 7, 115, 28, 11, 119, 24, 9, 6]
191,13,15,[7, 115, 28, 11, 119, 24, 9, 6, 5, 113, 221, 30, 10]
192,13,15,[5, 113, 221, 30, 10, 7, 115, 28, 11, 119, 24, 9, 6]
193,13,16,[115, 28, 11, 119, 24, 9, 6, 5, 113, 221, 30, 10, 7]
194,13,18,[5, 113, 221, 30, 10, 7, 115, 28, 11, 119, 24, 9, 6]
195,13,14,[7, 115, 28, 11, 119, 24, 9, 6, 5, 113, 221, 30, 10]
196,13,15,[5, 113, 221, 30, 10, 7, 115, 28, 11, 119, 24, 9, 6]
197,13,17,[5, 113, 221, 30, 10, 7, 115, 28, 11, 119, 24, 9, 6]
198,13,21,[5, 113, 221, 30, 10, 7, 115, 28, 11, 119, 24, 9, 6]
199,13,20,[5, 113, 221, 30, 10, 7, 115, 28, 11, 119, 24, 9, 6]
200,13,15,[5, 113, 221, 30, 10, 7, 115, 28, 11, 119, 24, 9, 6]
