1  1  0 [1]
2  5  4 [6, 5, 128, 14, 9]
3  5  4 [6, 5, 128, 14, 9]
4  1  0 [4]
5  5  0 [5, 128, 14, 9, 6]
6  5  0 [6, 5, 128, 14, 9]
7  5  3 [9, 6, 5, 128, 14]
8  5  1 [6, 5, 128, 14, 9]
9  5  0 [9, 6, 5, 128, 14]
10  5  4 [9, 6, 5, 128, 14]
11  5  6 [6, 5, 128, 14, 9]
12  5  4 [9, 6, 5, 128, 14]
13  5  0 [13, 136, 23, 146, 75]
14  5  0 [14, 9, 6, 5, 128]
15  5  2 [6, 5, 128, 14, 9]
16  5  2 [6, 5, 128, 14, 9]
17  5  4 [6, 5, 128, 14, 9]
18  5  2 [6, 5, 128, 14, 9]
19  5  6 [6, 5, 128, 14, 9]
20  5  1 [9, 6, 5, 128, 14]
21  5  5 [9, 6, 5, 128, 14]
22  5  1 [13, 136, 23, 146, 75]
23  5  0 [23, 146, 75, 13, 136]
24  5  1 [9, 6, 5, 128, 14]
25  5  5 [9, 6, 5, 128, 14]
26  5  3 [6, 5, 128, 14, 9]
27  5  1 [9, 6, 5, 128, 14]
28  5  7 [6, 5, 128, 14, 9]
29  5  7 [9, 6, 5, 128, 14]
30  5  5 [9, 6, 5, 128, 14]
31  5  3 [9, 6, 5, 128, 14]
32  5  5 [9, 6, 5, 128, 14]
33  5  1 [14, 9, 6, 5, 128]
34  5  7 [6, 5, 128, 14, 9]
35  5  5 [9, 6, 5, 128, 14]
36  5  5 [9, 6, 5, 128, 14]
37  5  4 [6, 5, 128, 14, 9]
38  5  6 [9, 6, 5, 128, 14]
39  5  3 [6, 5, 128, 14, 9]
40  5  7 [6, 5, 128, 14, 9]
41  5  9 [6, 5, 128, 14, 9]
42  5  5 [9, 6, 5, 128, 14]
43  5  4 [13, 136, 23, 146, 75]
44  5  3 [6, 5, 128, 14, 9]
45  5  7 [6, 5, 128, 14, 9]
46  5  6 [9, 6, 5, 128, 14]
47  5  3 [9, 6, 5, 128, 14]
48  5  7 [6, 5, 128, 14, 9]
49  5  1 [14, 9, 6, 5, 128]
50  5  5 [9, 6, 5, 128, 14]
51  5  2 [9, 6, 5, 128, 14]
52  5  5 [6, 5, 128, 14, 9]
53  5  8 [6, 5, 128, 14, 9]
54  5  7 [6, 5, 128, 14, 9]
55  5  3 [6, 5, 128, 14, 9]
56  5  1 [13, 136, 23, 146, 75]
57  5  2 [13, 136, 23, 146, 75]
58  5  4 [9, 6, 5, 128, 14]
59  5  3 [13, 136, 23, 146, 75]
60  5  5 [9, 6, 5, 128, 14]
61  5  9 [9, 6, 5, 128, 14]
62  5  2 [14, 9, 6, 5, 128]
63  5  1 [13, 136, 23, 146, 75]
64  5  5 [9, 6, 5, 128, 14]
65  5  3 [6, 5, 128, 14, 9]
66  5  3 [6, 5, 128, 14, 9]
67  5  5 [6, 5, 128, 14, 9]
68  5  6 [9, 6, 5, 128, 14]
69  5  4 [6, 5, 128, 14, 9]
70  5  1 [14, 9, 6, 5, 128]
71  5  7 [6, 5, 128, 14, 9]
72  5  5 [9, 6, 5, 128, 14]
73  5  4 [6, 5, 128, 14, 9]
74  5  4 [6, 5, 128, 14, 9]
75  5  0 [75, 13, 136, 23, 146]
76  5  1 [23, 146, 75, 13, 136]
77  5  3 [6, 5, 128, 14, 9]
78  5  3 [6, 5, 128, 14, 9]
79  5  12 [6, 5, 128, 14, 9]
80  5  1 [13, 136, 23, 146, 75]
81  5  5 [9, 6, 5, 128, 14]
82  5  5 [13, 136, 23, 146, 75]
83  5  5 [6, 5, 128, 14, 9]
84  5  1 [14, 9, 6, 5, 128]
85  5  2 [13, 136, 23, 146, 75]
86  5  8 [6, 5, 128, 14, 9]
87  5  6 [9, 6, 5, 128, 14]
88  5  5 [6, 5, 128, 14, 9]
89  5  4 [13, 136, 23, 146, 75]
90  5  1 [13, 136, 23, 146, 75]
91  5  2 [9, 6, 5, 128, 14]
92  5  2 [9, 6, 5, 128, 14]
93  5  8 [6, 5, 128, 14, 9]
94  5  2 [14, 9, 6, 5, 128]
95  5  2 [9, 6, 5, 128, 14]
96  5  1 [13, 136, 23, 146, 75]
97  5  3 [9, 6, 5, 128, 14]
98  5  3 [6, 5, 128, 14, 9]
99  5  5 [6, 5, 128, 14, 9]
100  5  1 [14, 9, 6, 5, 128]
