1,1,0,[1],[0]
2,10,8,[5, 6, 8, 11, 15, 17, 40, 99, 105, 111],[1, 0, 0, 1, 0, 1, 0, 0, 0, 0]
3,10,6,[5, 6, 8, 11, 15, 17, 40, 99, 105, 111],[1, 0, 0, 1, 0, 1, 0, 0, 0, 0]
4,1,0,[4],[0]
5,10,0,[5, 6, 8, 11, 15, 17, 40, 99, 105, 111],[1, 0, 0, 1, 0, 1, 0, 0, 0, 0]
6,10,0,[5, 6, 8, 11, 15, 17, 40, 99, 105, 111],[1, 0, 0, 1, 0, 1, 0, 0, 0, 0]
7,5,0,[7, 10, 21, 101, 195],[1, 0, 0, 1, 0]
8,10,0,[5, 6, 8, 11, 15, 17, 40, 99, 105, 111],[1, 0, 0, 1, 0, 1, 0, 0, 0, 0]
9,10,1,[5, 6, 8, 11, 15, 17, 40, 99, 105, 111],[1, 0, 0, 1, 0, 1, 0, 0, 0, 0]
10,5,0,[7, 10, 21, 101, 195],[1, 0, 0, 1, 0]
11,10,0,[5, 6, 8, 11, 15, 17, 40, 99, 105, 111],[1, 0, 0, 1, 0, 1, 0, 0, 0, 0]
12,5,1,[7, 10, 21, 101, 195],[1, 0, 0, 1, 0]
13,10,6,[5, 6, 8, 11, 15, 17, 40, 99, 105, 111],[1, 0, 0, 1, 0, 1, 0, 0, 0, 0]
14,10,2,[5, 6, 8, 11, 15, 17, 40, 99, 105, 111],[1, 0, 0, 1, 0, 1, 0, 0, 0, 0]
15,10,0,[5, 6, 8, 11, 15, 17, 40, 99, 105, 111],[1, 0, 0, 1, 0, 1, 0, 0, 0, 0]
16,10,1,[5, 6, 8, 11, 15, 17, 40, 99, 105, 111],[1, 0, 0, 1, 0, 1, 0, 0, 0, 0]
17,10,0,[5, 6, 8, 11, 15, 17, 40, 99, 105, 111],[1, 0, 0, 1, 0, 1, 0, 0, 0, 0]
18,10,1,[5, 6, 8, 11, 15, 17, 40, 99, 105, 111],[1, 0, 0, 1, 0, 1, 0, 0, 0, 0]
19,10,6,[5, 6, 8, 11, 15, 17, 40, 99, 105, 111],[1, 0, 0, 1, 0, 1, 0, 0, 0, 0]
20,10,2,[5, 6, 8, 11, 15, 17, 40, 99, 105, 111],[1, 0, 0, 1, 0, 1, 0, 0, 0, 0]
21,5,0,[7, 10, 21, 101, 195],[1, 0, 0, 1, 0]
22,10,7,[5, 6, 8, 11, 15, 17, 40, 99, 105, 111],[1, 0, 0, 1, 0, 1, 0, 0, 0, 0]
23,10,8,[5, 6, 8, 11, 15, 17, 40, 99, 105, 111],[1, 0, 0, 1, 0, 1, 0, 0, 0, 0]
24,10,2,[5, 6, 8, 11, 15, 17, 40, 99, 105, 111],[1, 0, 0, 1, 0, 1, 0, 0, 0, 0]
25,5,1,[7, 10, 21, 101, 195],[1, 0, 0, 1, 0]
26,10,1,[5, 6, 8, 11, 15, 17, 40, 99, 105, 111],[1, 0, 0, 1, 0, 1, 0, 0, 0, 0]
27,10,2,[5, 6, 8, 11, 15, 17, 40, 99, 105, 111],[1, 0, 0, 1, 0, 1, 0, 0, 0, 0]
28,10,1,[5, 6, 8, 11, 15, 17, 40, 99, 105, 111],[1, 0, 0, 1, 0, 1, 0, 0, 0, 0]
29,10,3,[5, 6, 8, 11, 15, 17, 40, 99, 105, 111],[1, 0, 0, 1, 0, 1, 0, 0, 0, 0]
30,5,1,[7, 10, 21, 101, 195],[1, 0, 0, 1, 0]
31,10,2,[5, 6, 8, 11, 15, 17, 40, 99, 105, 111],[1, 0, 0, 1, 0, 1, 0, 0, 0, 0]
32,5,1,[7, 10, 21, 101, 195],[1, 0, 0, 1, 0]
33,10,3,[5, 6, 8, 11, 15, 17, 40, 99, 105, 111],[1, 0, 0, 1, 0, 1, 0, 0, 0, 0]
34,10,7,[5, 6, 8, 11, 15, 17, 40, 99, 105, 111],[1, 0, 0, 1, 0, 1, 0, 0, 0, 0]
35,5,2,[7, 10, 21, 101, 195],[1, 0, 0, 1, 0]
36,5,1,[7, 10, 21, 101, 195],[1, 0, 0, 1, 0]
37,10,4,[5, 6, 8, 11, 15, 17, 40, 99, 105, 111],[1, 0, 0, 1, 0, 1, 0, 0, 0, 0]
38,5,1,[7, 10, 21, 101, 195],[1, 0, 0, 1, 0]
39,10,2,[5, 6, 8, 11, 15, 17, 40, 99, 105, 111],[1, 0, 0, 1, 0, 1, 0, 0, 0, 0]
40,10,0,[5, 6, 8, 11, 15, 17, 40, 99, 105, 111],[1, 0, 0, 1, 0, 1, 0, 0, 0, 0]
41,10,4,[5, 6, 8, 11, 15, 17, 40, 99, 105, 111],[1, 0, 0, 1, 0, 1, 0, 0, 0, 0]
42,5,2,[7, 10, 21, 101, 195],[1, 0, 0, 1, 0]
43,5,3,[7, 10, 21, 101, 195],[1, 0, 0, 1, 0]
44,10,1,[5, 6, 8, 11, 15, 17, 40, 99, 105, 111],[1, 0, 0, 1, 0, 1, 0, 0, 0, 0]
45,10,1,[5, 6, 8, 11, 15, 17, 40, 99, 105, 111],[1, 0, 0, 1, 0, 1, 0, 0, 0, 0]
46,5,2,[7, 10, 21, 101, 195],[1, 0, 0, 1, 0]
47,5,4,[7, 10, 21, 101, 195],[1, 0, 0, 1, 0]
48,10,1,[5, 6, 8, 11, 15, 17, 40, 99, 105, 111],[1, 0, 0, 1, 0, 1, 0, 0, 0, 0]
49,10,3,[5, 6, 8, 11, 15, 17, 40, 99, 105, 111],[1, 0, 0, 1, 0, 1, 0, 0, 0, 0]
50,5,2,[7, 10, 21, 101, 195],[1, 0, 0, 1, 0]
51,10,3,[5, 6, 8, 11, 15, 17, 40, 99, 105, 111],[1, 0, 0, 1, 0, 1, 0, 0, 0, 0]
52,10,1,[5, 6, 8, 11, 15, 17, 40, 99, 105, 111],[1, 0, 0, 1, 0, 1, 0, 0, 0, 0]
53,10,2,[5, 6, 8, 11, 15, 17, 40, 99, 105, 111],[1, 0, 0, 1, 0, 1, 0, 0, 0, 0]
54,10,1,[5, 6, 8, 11, 15, 17, 40, 99, 105, 111],[1, 0, 0, 1, 0, 1, 0, 0, 0, 0]
55,10,2,[5, 6, 8, 11, 15, 17, 40, 99, 105, 111],[1, 0, 0, 1, 0, 1, 0, 0, 0, 0]
56,10,7,[5, 6, 8, 11, 15, 17, 40, 99, 105, 111],[1, 0, 0, 1, 0, 1, 0, 0, 0, 0]
57,10,8,[5, 6, 8, 11, 15, 17, 40, 99, 105, 111],[1, 0, 0, 1, 0, 1, 0, 0, 0, 0]
58,10,3,[5, 6, 8, 11, 15, 17, 40, 99, 105, 111],[1, 0, 0, 1, 0, 1, 0, 0, 0, 0]
59,10,10,[5, 6, 8, 11, 15, 17, 40, 99, 105, 111],[1, 0, 0, 1, 0, 1, 0, 0, 0, 0]
60,5,2,[7, 10, 21, 101, 195],[1, 0, 0, 1, 0]
61,5,3,[7, 10, 21, 101, 195],[1, 0, 0, 1, 0]
62,10,4,[5, 6, 8, 11, 15, 17, 40, 99, 105, 111],[1, 0, 0, 1, 0, 1, 0, 0, 0, 0]
63,10,7,[5, 6, 8, 11, 15, 17, 40, 99, 105, 111],[1, 0, 0, 1, 0, 1, 0, 0, 0, 0]
64,5,2,[7, 10, 21, 101, 195],[1, 0, 0, 1, 0]
65,10,2,[5, 6, 8, 11, 15, 17, 40, 99, 105, 111],[1, 0, 0, 1, 0, 1, 0, 0, 0, 0]
66,10,2,[5, 6, 8, 11, 15, 17, 40, 99, 105, 111],[1, 0, 0, 1, 0, 1, 0, 0, 0, 0]
67,5,3,[7, 10, 21, 101, 195],[1, 0, 0, 1, 0]
68,5,1,[7, 10, 21, 101, 195],[1, 0, 0, 1, 0]
69,10,2,[5, 6, 8, 11, 15, 17, 40, 99, 105, 111],[1, 0, 0, 1, 0, 1, 0, 0, 0, 0]
70,10,3,[5, 6, 8, 11, 15, 17, 40, 99, 105, 111],[1, 0, 0, 1, 0, 1, 0, 0, 0, 0]
71,10,8,[5, 6, 8, 11, 15, 17, 40, 99, 105, 111],[1, 0, 0, 1, 0, 1, 0, 0, 0, 0]
72,5,2,[7, 10, 21, 101, 195],[1, 0, 0, 1, 0]
73,5,5,[7, 10, 21, 101, 195],[1, 0, 0, 1, 0]
74,10,3,[5, 6, 8, 11, 15, 17, 40, 99, 105, 111],[1, 0, 0, 1, 0, 1, 0, 0, 0, 0]
75,10,7,[5, 6, 8, 11, 15, 17, 40, 99, 105, 111],[1, 0, 0, 1, 0, 1, 0, 0, 0, 0]
76,10,9,[5, 6, 8, 11, 15, 17, 40, 99, 105, 111],[1, 0, 0, 1, 0, 1, 0, 0, 0, 0]
77,10,2,[5, 6, 8, 11, 15, 17, 40, 99, 105, 111],[1, 0, 0, 1, 0, 1, 0, 0, 0, 0]
78,10,2,[5, 6, 8, 11, 15, 17, 40, 99, 105, 111],[1, 0, 0, 1, 0, 1, 0, 0, 0, 0]
79,10,6,[5, 6, 8, 11, 15, 17, 40, 99, 105, 111],[1, 0, 0, 1, 0, 1, 0, 0, 0, 0]
80,10,7,[5, 6, 8, 11, 15, 17, 40, 99, 105, 111],[1, 0, 0, 1, 0, 1, 0, 0, 0, 0]
81,5,2,[7, 10, 21, 101, 195],[1, 0, 0, 1, 0]
82,5,4,[7, 10, 21, 101, 195],[1, 0, 0, 1, 0]
83,10,6,[5, 6, 8, 11, 15, 17, 40, 99, 105, 111],[1, 0, 0, 1, 0, 1, 0, 0, 0, 0]
84,10,3,[5, 6, 8, 11, 15, 17, 40, 99, 105, 111],[1, 0, 0, 1, 0, 1, 0, 0, 0, 0]
85,10,8,[5, 6, 8, 11, 15, 17, 40, 99, 105, 111],[1, 0, 0, 1, 0, 1, 0, 0, 0, 0]
86,10,2,[5, 6, 8, 11, 15, 17, 40, 99, 105, 111],[1, 0, 0, 1, 0, 1, 0, 0, 0, 0]
87,5,2,[7, 10, 21, 101, 195],[1, 0, 0, 1, 0]
88,10,1,[5, 6, 8, 11, 15, 17, 40, 99, 105, 111],[1, 0, 0, 1, 0, 1, 0, 0, 0, 0]
89,5,4,[7, 10, 21, 101, 195],[1, 0, 0, 1, 0]
90,10,7,[5, 6, 8, 11, 15, 17, 40, 99, 105, 111],[1, 0, 0, 1, 0, 1, 0, 0, 0, 0]
91,10,3,[5, 6, 8, 11, 15, 17, 40, 99, 105, 111],[1, 0, 0, 1, 0, 1, 0, 0, 0, 0]
92,10,3,[5, 6, 8, 11, 15, 17, 40, 99, 105, 111],[1, 0, 0, 1, 0, 1, 0, 0, 0, 0]
93,10,8,[5, 6, 8, 11, 15, 17, 40, 99, 105, 111],[1, 0, 0, 1, 0, 1, 0, 0, 0, 0]
94,10,4,[5, 6, 8, 11, 15, 17, 40, 99, 105, 111],[1, 0, 0, 1, 0, 1, 0, 0, 0, 0]
95,10,3,[5, 6, 8, 11, 15, 17, 40, 99, 105, 111],[1, 0, 0, 1, 0, 1, 0, 0, 0, 0]
96,10,7,[5, 6, 8, 11, 15, 17, 40, 99, 105, 111],[1, 0, 0, 1, 0, 1, 0, 0, 0, 0]
97,10,5,[5, 6, 8, 11, 15, 17, 40, 99, 105, 111],[1, 0, 0, 1, 0, 1, 0, 0, 0, 0]
98,10,2,[5, 6, 8, 11, 15, 17, 40, 99, 105, 111],[1, 0, 0, 1, 0, 1, 0, 0, 0, 0]
99,10,0,[5, 6, 8, 11, 15, 17, 40, 99, 105, 111],[1, 0, 0, 1, 0, 1, 0, 0, 0, 0]
100,10,3,[5, 6, 8, 11, 15, 17, 40, 99, 105, 111],[1, 0, 0, 1, 0, 1, 0, 0, 0, 0]
