1,1,0,[1],[0]
2,3,4,[19, 176, 519],[1, 0, 0]
3,6,8,[11, 13, 28, 80, 511, 513],[1, 1, 0, 0, 0, 0]
4,1,0,[4],[0]
5,7,0,[5, 6, 8, 16, 55, 106, 505],[1, 0, 0, 0, 0, 0, 0]
6,7,0,[5, 6, 8, 16, 55, 106, 505],[1, 0, 0, 0, 0, 0, 0]
7,7,0,[7, 10, 25, 29, 46, 507, 529],[1, 0, 0, 1, 0, 0, 0]
8,7,0,[5, 6, 8, 16, 55, 106, 505],[1, 0, 0, 0, 0, 0, 0]
9,7,1,[5, 6, 8, 16, 55, 106, 505],[1, 0, 0, 0, 0, 0, 0]
10,7,0,[7, 10, 25, 29, 46, 507, 529],[1, 0, 0, 1, 0, 0, 0]
11,6,0,[11, 13, 28, 80, 511, 513],[1, 1, 0, 0, 0, 0]
12,7,1,[7, 10, 25, 29, 46, 507, 529],[1, 0, 0, 1, 0, 0, 0]
13,6,0,[11, 13, 28, 80, 511, 513],[1, 1, 0, 0, 0, 0]
14,7,2,[5, 6, 8, 16, 55, 106, 505],[1, 0, 0, 0, 0, 0, 0]
15,7,1,[5, 6, 8, 16, 55, 106, 505],[1, 0, 0, 0, 0, 0, 0]
16,7,0,[5, 6, 8, 16, 55, 106, 505],[1, 0, 0, 0, 0, 0, 0]
17,7,7,[5, 6, 8, 16, 55, 106, 505],[1, 0, 0, 0, 0, 0, 0]
18,7,1,[5, 6, 8, 16, 55, 106, 505],[1, 0, 0, 0, 0, 0, 0]
19,3,0,[19, 176, 519],[1, 0, 0]
20,7,2,[5, 6, 8, 16, 55, 106, 505],[1, 0, 0, 0, 0, 0, 0]
21,7,1,[7, 10, 25, 29, 46, 507, 529],[1, 0, 0, 1, 0, 0, 0]
22,6,1,[11, 13, 28, 80, 511, 513],[1, 1, 0, 0, 0, 0]
23,6,4,[11, 13, 28, 80, 511, 513],[1, 1, 0, 0, 0, 0]
24,7,2,[5, 6, 8, 16, 55, 106, 505],[1, 0, 0, 0, 0, 0, 0]
25,7,0,[7, 10, 25, 29, 46, 507, 529],[1, 0, 0, 1, 0, 0, 0]
26,7,2,[5, 6, 8, 16, 55, 106, 505],[1, 0, 0, 0, 0, 0, 0]
27,7,2,[5, 6, 8, 16, 55, 106, 505],[1, 0, 0, 0, 0, 0, 0]
28,6,0,[11, 13, 28, 80, 511, 513],[1, 1, 0, 0, 0, 0]
29,7,0,[7, 10, 25, 29, 46, 507, 529],[1, 0, 0, 1, 0, 0, 0]
30,7,1,[7, 10, 25, 29, 46, 507, 529],[1, 0, 0, 1, 0, 0, 0]
31,7,4,[5, 6, 8, 16, 55, 106, 505],[1, 0, 0, 0, 0, 0, 0]
32,7,1,[7, 10, 25, 29, 46, 507, 529],[1, 0, 0, 1, 0, 0, 0]
33,7,3,[5, 6, 8, 16, 55, 106, 505],[1, 0, 0, 0, 0, 0, 0]
34,3,1,[19, 176, 519],[1, 0, 0]
35,7,2,[7, 10, 25, 29, 46, 507, 529],[1, 0, 0, 1, 0, 0, 0]
36,7,1,[7, 10, 25, 29, 46, 507, 529],[1, 0, 0, 1, 0, 0, 0]
37,6,4,[11, 13, 28, 80, 511, 513],[1, 1, 0, 0, 0, 0]
38,7,2,[7, 10, 25, 29, 46, 507, 529],[1, 0, 0, 1, 0, 0, 0]
39,7,1,[5, 6, 8, 16, 55, 106, 505],[1, 0, 0, 0, 0, 0, 0]
40,6,1,[11, 13, 28, 80, 511, 513],[1, 1, 0, 0, 0, 0]
41,3,4,[19, 176, 519],[1, 0, 0]
42,7,2,[7, 10, 25, 29, 46, 507, 529],[1, 0, 0, 1, 0, 0, 0]
43,7,3,[7, 10, 25, 29, 46, 507, 529],[1, 0, 0, 1, 0, 0, 0]
44,7,2,[5, 6, 8, 16, 55, 106, 505],[1, 0, 0, 0, 0, 0, 0]
45,6,1,[11, 13, 28, 80, 511, 513],[1, 1, 0, 0, 0, 0]
46,7,0,[7, 10, 25, 29, 46, 507, 529],[1, 0, 0, 1, 0, 0, 0]
47,7,5,[7, 10, 25, 29, 46, 507, 529],[1, 0, 0, 1, 0, 0, 0]
48,6,1,[11, 13, 28, 80, 511, 513],[1, 1, 0, 0, 0, 0]
49,7,3,[5, 6, 8, 16, 55, 106, 505],[1, 0, 0, 0, 0, 0, 0]
50,7,2,[7, 10, 25, 29, 46, 507, 529],[1, 0, 0, 1, 0, 0, 0]
51,7,3,[5, 6, 8, 16, 55, 106, 505],[1, 0, 0, 0, 0, 0, 0]
52,7,8,[5, 6, 8, 16, 55, 106, 505],[1, 0, 0, 0, 0, 0, 0]
53,6,4,[11, 13, 28, 80, 511, 513],[1, 1, 0, 0, 0, 0]
54,6,1,[11, 13, 28, 80, 511, 513],[1, 1, 0, 0, 0, 0]
55,7,0,[5, 6, 8, 16, 55, 106, 505],[1, 0, 0, 0, 0, 0, 0]
56,6,1,[11, 13, 28, 80, 511, 513],[1, 1, 0, 0, 0, 0]
57,6,2,[11, 13, 28, 80, 511, 513],[1, 1, 0, 0, 0, 0]
58,7,5,[5, 6, 8, 16, 55, 106, 505],[1, 0, 0, 0, 0, 0, 0]
59,6,3,[11, 13, 28, 80, 511, 513],[1, 1, 0, 0, 0, 0]
60,7,2,[7, 10, 25, 29, 46, 507, 529],[1, 0, 0, 1, 0, 0, 0]
61,7,6,[5, 6, 8, 16, 55, 106, 505],[1, 0, 0, 0, 0, 0, 0]
62,7,4,[5, 6, 8, 16, 55, 106, 505],[1, 0, 0, 0, 0, 0, 0]
63,6,1,[11, 13, 28, 80, 511, 513],[1, 1, 0, 0, 0, 0]
64,7,2,[7, 10, 25, 29, 46, 507, 529],[1, 0, 0, 1, 0, 0, 0]
65,7,2,[5, 6, 8, 16, 55, 106, 505],[1, 0, 0, 0, 0, 0, 0]
66,7,1,[5, 6, 8, 16, 55, 106, 505],[1, 0, 0, 0, 0, 0, 0]
67,3,2,[19, 176, 519],[1, 0, 0]
68,7,2,[7, 10, 25, 29, 46, 507, 529],[1, 0, 0, 1, 0, 0, 0]
69,7,3,[5, 6, 8, 16, 55, 106, 505],[1, 0, 0, 0, 0, 0, 0]
70,7,3,[5, 6, 8, 16, 55, 106, 505],[1, 0, 0, 0, 0, 0, 0]
71,7,4,[7, 10, 25, 29, 46, 507, 529],[1, 0, 0, 1, 0, 0, 0]
72,7,2,[7, 10, 25, 29, 46, 507, 529],[1, 0, 0, 1, 0, 0, 0]
73,7,11,[5, 6, 8, 16, 55, 106, 505],[1, 0, 0, 0, 0, 0, 0]
74,7,2,[5, 6, 8, 16, 55, 106, 505],[1, 0, 0, 0, 0, 0, 0]
75,6,1,[11, 13, 28, 80, 511, 513],[1, 1, 0, 0, 0, 0]
76,6,5,[11, 13, 28, 80, 511, 513],[1, 1, 0, 0, 0, 0]
77,7,2,[5, 6, 8, 16, 55, 106, 505],[1, 0, 0, 0, 0, 0, 0]
78,7,2,[5, 6, 8, 16, 55, 106, 505],[1, 0, 0, 0, 0, 0, 0]
79,7,4,[5, 6, 8, 16, 55, 106, 505],[1, 0, 0, 0, 0, 0, 0]
80,6,0,[11, 13, 28, 80, 511, 513],[1, 1, 0, 0, 0, 0]
81,7,2,[7, 10, 25, 29, 46, 507, 529],[1, 0, 0, 1, 0, 0, 0]
82,7,4,[7, 10, 25, 29, 46, 507, 529],[1, 0, 0, 1, 0, 0, 0]
83,7,4,[7, 10, 25, 29, 46, 507, 529],[1, 0, 0, 1, 0, 0, 0]
84,7,3,[5, 6, 8, 16, 55, 106, 505],[1, 0, 0, 0, 0, 0, 0]
85,6,2,[11, 13, 28, 80, 511, 513],[1, 1, 0, 0, 0, 0]
86,6,2,[11, 13, 28, 80, 511, 513],[1, 1, 0, 0, 0, 0]
87,7,2,[7, 10, 25, 29, 46, 507, 529],[1, 0, 0, 1, 0, 0, 0]
88,7,8,[5, 6, 8, 16, 55, 106, 505],[1, 0, 0, 0, 0, 0, 0]
89,7,4,[7, 10, 25, 29, 46, 507, 529],[1, 0, 0, 1, 0, 0, 0]
90,6,1,[11, 13, 28, 80, 511, 513],[1, 1, 0, 0, 0, 0]
91,7,3,[5, 6, 8, 16, 55, 106, 505],[1, 0, 0, 0, 0, 0, 0]
92,7,3,[5, 6, 8, 16, 55, 106, 505],[1, 0, 0, 0, 0, 0, 0]
93,3,2,[19, 176, 519],[1, 0, 0]
94,7,4,[5, 6, 8, 16, 55, 106, 505],[1, 0, 0, 0, 0, 0, 0]
95,7,3,[5, 6, 8, 16, 55, 106, 505],[1, 0, 0, 0, 0, 0, 0]
96,6,1,[11, 13, 28, 80, 511, 513],[1, 1, 0, 0, 0, 0]
97,7,16,[5, 6, 8, 16, 55, 106, 505],[1, 0, 0, 0, 0, 0, 0]
98,7,1,[5, 6, 8, 16, 55, 106, 505],[1, 0, 0, 0, 0, 0, 0]
99,7,8,[5, 6, 8, 16, 55, 106, 505],[1, 0, 0, 0, 0, 0, 0]
100,7,3,[5, 6, 8, 16, 55, 106, 505],[1, 0, 0, 0, 0, 0, 0]
