1,1,0,[1]
2,9,13,[219, 76, 23, 223, 423, 53, 253, 34, 19]
3,13,15,[7, 207, 29, 229, 429, 27, 9, 6, 5, 205, 46, 25, 10]
4,1,0,[4]
5,13,12,[205, 46, 25, 10, 7, 207, 29, 229, 429, 27, 9, 6, 5]
6,13,12,[5, 205, 46, 25, 10, 7, 207, 29, 229, 429, 27, 9, 6]
7,13,12,[207, 29, 229, 429, 27, 9, 6, 5, 205, 46, 25, 10, 7]
8,13,13,[5, 205, 46, 25, 10, 7, 207, 29, 229, 429, 27, 9, 6]
9,13,12,[6, 5, 205, 46, 25, 10, 7, 207, 29, 229, 429, 27, 9]
10,13,12,[7, 207, 29, 229, 429, 27, 9, 6, 5, 205, 46, 25, 10]
11,13,18,[5, 205, 46, 25, 10, 7, 207, 29, 229, 429, 27, 9, 6]
12,13,13,[207, 29, 229, 429, 27, 9, 6, 5, 205, 46, 25, 10, 7]
13,13,18,[5, 205, 46, 25, 10, 7, 207, 29, 229, 429, 27, 9, 6]
14,13,13,[6, 5, 205, 46, 25, 10, 7, 207, 29, 229, 429, 27, 9]
15,13,14,[5, 205, 46, 25, 10, 7, 207, 29, 229, 429, 27, 9, 6]
16,13,14,[5, 205, 46, 25, 10, 7, 207, 29, 229, 429, 27, 9, 6]
17,13,16,[7, 207, 29, 229, 429, 27, 9, 6, 5, 205, 46, 25, 10]
18,13,14,[5, 205, 46, 25, 10, 7, 207, 29, 229, 429, 27, 9, 6]
19,9,8,[219, 76, 23, 223, 423, 53, 253, 34, 19]
20,13,13,[6, 5, 205, 46, 25, 10, 7, 207, 29, 229, 429, 27, 9]
21,13,13,[7, 207, 29, 229, 429, 27, 9, 6, 5, 205, 46, 25, 10]
22,13,19,[5, 205, 46, 25, 10, 7, 207, 29, 229, 429, 27, 9, 6]
23,9,8,[223, 423, 53, 253, 34, 19, 219, 76, 23]
24,13,13,[6, 5, 205, 46, 25, 10, 7, 207, 29, 229, 429, 27, 9]
25,13,12,[10, 7, 207, 29, 229, 429, 27, 9, 6, 5, 205, 46, 25]
26,13,15,[5, 205, 46, 25, 10, 7, 207, 29, 229, 429, 27, 9, 6]
27,13,12,[9, 6, 5, 205, 46, 25, 10, 7, 207, 29, 229, 429, 27]
28,13,19,[5, 205, 46, 25, 10, 7, 207, 29, 229, 429, 27, 9, 6]
29,13,12,[229, 429, 27, 9, 6, 5, 205, 46, 25, 10, 7, 207, 29]
30,13,13,[7, 207, 29, 229, 429, 27, 9, 6, 5, 205, 46, 25, 10]
31,13,15,[7, 207, 29, 229, 429, 27, 9, 6, 5, 205, 46, 25, 10]
32,13,13,[7, 207, 29, 229, 429, 27, 9, 6, 5, 205, 46, 25, 10]
33,13,14,[6, 5, 205, 46, 25, 10, 7, 207, 29, 229, 429, 27, 9]
34,9,8,[19, 219, 76, 23, 223, 423, 53, 253, 34]
35,13,14,[207, 29, 229, 429, 27, 9, 6, 5, 205, 46, 25, 10, 7]
36,13,13,[7, 207, 29, 229, 429, 27, 9, 6, 5, 205, 46, 25, 10]
37,13,19,[5, 205, 46, 25, 10, 7, 207, 29, 229, 429, 27, 9, 6]
38,13,14,[7, 207, 29, 229, 429, 27, 9, 6, 5, 205, 46, 25, 10]
39,13,15,[5, 205, 46, 25, 10, 7, 207, 29, 229, 429, 27, 9, 6]
40,13,19,[5, 205, 46, 25, 10, 7, 207, 29, 229, 429, 27, 9, 6]
41,13,16,[6, 5, 205, 46, 25, 10, 7, 207, 29, 229, 429, 27, 9]
42,13,14,[207, 29, 229, 429, 27, 9, 6, 5, 205, 46, 25, 10, 7]
43,13,16,[5, 205, 46, 25, 10, 7, 207, 29, 229, 429, 27, 9, 6]
44,13,15,[5, 205, 46, 25, 10, 7, 207, 29, 229, 429, 27, 9, 6]
45,13,19,[5, 205, 46, 25, 10, 7, 207, 29, 229, 429, 27, 9, 6]
46,13,12,[25, 10, 7, 207, 29, 229, 429, 27, 9, 6, 5, 205, 46]
47,13,15,[7, 207, 29, 229, 429, 27, 9, 6, 5, 205, 46, 25, 10]
48,13,19,[5, 205, 46, 25, 10, 7, 207, 29, 229, 429, 27, 9, 6]
49,13,14,[6, 5, 205, 46, 25, 10, 7, 207, 29, 229, 429, 27, 9]
50,13,14,[207, 29, 229, 429, 27, 9, 6, 5, 205, 46, 25, 10, 7]
51,13,14,[6, 5, 205, 46, 25, 10, 7, 207, 29, 229, 429, 27, 9]
52,13,17,[7, 207, 29, 229, 429, 27, 9, 6, 5, 205, 46, 25, 10]
53,9,8,[253, 34, 19, 219, 76, 23, 223, 423, 53]
54,13,19,[5, 205, 46, 25, 10, 7, 207, 29, 229, 429, 27, 9, 6]
55,13,15,[5, 205, 46, 25, 10, 7, 207, 29, 229, 429, 27, 9, 6]
56,13,19,[5, 205, 46, 25, 10, 7, 207, 29, 229, 429, 27, 9, 6]
57,13,20,[5, 205, 46, 25, 10, 7, 207, 29, 229, 429, 27, 9, 6]
58,13,16,[7, 207, 29, 229, 429, 27, 9, 6, 5, 205, 46, 25, 10]
59,13,17,[5, 205, 46, 25, 10, 7, 207, 29, 229, 429, 27, 9, 6]
60,13,14,[207, 29, 229, 429, 27, 9, 6, 5, 205, 46, 25, 10, 7]
61,13,16,[207, 29, 229, 429, 27, 9, 6, 5, 205, 46, 25, 10, 7]
62,13,15,[6, 5, 205, 46, 25, 10, 7, 207, 29, 229, 429, 27, 9]
63,13,19,[5, 205, 46, 25, 10, 7, 207, 29, 229, 429, 27, 9, 6]
64,13,14,[207, 29, 229, 429, 27, 9, 6, 5, 205, 46, 25, 10, 7]
65,13,15,[5, 205, 46, 25, 10, 7, 207, 29, 229, 429, 27, 9, 6]
66,13,15,[5, 205, 46, 25, 10, 7, 207, 29, 229, 429, 27, 9, 6]
67,13,15,[9, 6, 5, 205, 46, 25, 10, 7, 207, 29, 229, 429, 27]
68,13,14,[7, 207, 29, 229, 429, 27, 9, 6, 5, 205, 46, 25, 10]
69,13,16,[5, 205, 46, 25, 10, 7, 207, 29, 229, 429, 27, 9, 6]
70,13,14,[6, 5, 205, 46, 25, 10, 7, 207, 29, 229, 429, 27, 9]
71,13,18,[5, 205, 46, 25, 10, 7, 207, 29, 229, 429, 27, 9, 6]
72,13,14,[207, 29, 229, 429, 27, 9, 6, 5, 205, 46, 25, 10, 7]
73,9,10,[223, 423, 53, 253, 34, 19, 219, 76, 23]
74,13,16,[5, 205, 46, 25, 10, 7, 207, 29, 229, 429, 27, 9, 6]
75,13,19,[5, 205, 46, 25, 10, 7, 207, 29, 229, 429, 27, 9, 6]
76,9,8,[23, 223, 423, 53, 253, 34, 19, 219, 76]
77,13,15,[5, 205, 46, 25, 10, 7, 207, 29, 229, 429, 27, 9, 6]
78,13,15,[5, 205, 46, 25, 10, 7, 207, 29, 229, 429, 27, 9, 6]
79,13,21,[5, 205, 46, 25, 10, 7, 207, 29, 229, 429, 27, 9, 6]
80,13,19,[5, 205, 46, 25, 10, 7, 207, 29, 229, 429, 27, 9, 6]
81,13,14,[207, 29, 229, 429, 27, 9, 6, 5, 205, 46, 25, 10, 7]
82,13,17,[5, 205, 46, 25, 10, 7, 207, 29, 229, 429, 27, 9, 6]
83,13,17,[6, 5, 205, 46, 25, 10, 7, 207, 29, 229, 429, 27, 9]
84,13,14,[6, 5, 205, 46, 25, 10, 7, 207, 29, 229, 429, 27, 9]
85,13,20,[5, 205, 46, 25, 10, 7, 207, 29, 229, 429, 27, 9, 6]
86,13,20,[5, 205, 46, 25, 10, 7, 207, 29, 229, 429, 27, 9, 6]
87,13,14,[7, 207, 29, 229, 429, 27, 9, 6, 5, 205, 46, 25, 10]
88,13,17,[7, 207, 29, 229, 429, 27, 9, 6, 5, 205, 46, 25, 10]
89,9,10,[19, 219, 76, 23, 223, 423, 53, 253, 34]
90,13,19,[5, 205, 46, 25, 10, 7, 207, 29, 229, 429, 27, 9, 6]
91,13,14,[6, 5, 205, 46, 25, 10, 7, 207, 29, 229, 429, 27, 9]
92,13,13,[9, 6, 5, 205, 46, 25, 10, 7, 207, 29, 229, 429, 27]
93,9,9,[19, 219, 76, 23, 223, 423, 53, 253, 34]
94,13,15,[6, 5, 205, 46, 25, 10, 7, 207, 29, 229, 429, 27, 9]
95,13,14,[6, 5, 205, 46, 25, 10, 7, 207, 29, 229, 429, 27, 9]
96,13,19,[5, 205, 46, 25, 10, 7, 207, 29, 229, 429, 27, 9, 6]
97,13,15,[6, 5, 205, 46, 25, 10, 7, 207, 29, 229, 429, 27, 9]
98,13,15,[5, 205, 46, 25, 10, 7, 207, 29, 229, 429, 27, 9, 6]
99,13,17,[7, 207, 29, 229, 429, 27, 9, 6, 5, 205, 46, 25, 10]
100,13,14,[6, 5, 205, 46, 25, 10, 7, 207, 29, 229, 429, 27, 9]
101,13,16,[207, 29, 229, 429, 27, 9, 6, 5, 205, 46, 25, 10, 7]
102,13,20,[5, 205, 46, 25, 10, 7, 207, 29, 229, 429, 27, 9, 6]
103,9,11,[219, 76, 23, 223, 423, 53, 253, 34, 19]
104,9,9,[219, 76, 23, 223, 423, 53, 253, 34, 19]
105,13,15,[5, 205, 46, 25, 10, 7, 207, 29, 229, 429, 27, 9, 6]
106,13,16,[5, 205, 46, 25, 10, 7, 207, 29, 229, 429, 27, 9, 6]
107,13,15,[229, 429, 27, 9, 6, 5, 205, 46, 25, 10, 7, 207, 29]
108,13,19,[5, 205, 46, 25, 10, 7, 207, 29, 229, 429, 27, 9, 6]
109,13,18,[5, 205, 46, 25, 10, 7, 207, 29, 229, 429, 27, 9, 6]
110,13,15,[5, 205, 46, 25, 10, 7, 207, 29, 229, 429, 27, 9, 6]
111,13,20,[5, 205, 46, 25, 10, 7, 207, 29, 229, 429, 27, 9, 6]
112,13,15,[5, 205, 46, 25, 10, 7, 207, 29, 229, 429, 27, 9, 6]
113,13,22,[5, 205, 46, 25, 10, 7, 207, 29, 229, 429, 27, 9, 6]
114,13,14,[6, 5, 205, 46, 25, 10, 7, 207, 29, 229, 429, 27, 9]
115,13,20,[5, 205, 46, 25, 10, 7, 207, 29, 229, 429, 27, 9, 6]
116,13,15,[6, 5, 205, 46, 25, 10, 7, 207, 29, 229, 429, 27, 9]
117,9,9,[219, 76, 23, 223, 423, 53, 253, 34, 19]
118,13,17,[207, 29, 229, 429, 27, 9, 6, 5, 205, 46, 25, 10, 7]
119,13,14,[6, 5, 205, 46, 25, 10, 7, 207, 29, 229, 429, 27, 9]
120,13,14,[6, 5, 205, 46, 25, 10, 7, 207, 29, 229, 429, 27, 9]
121,13,20,[5, 205, 46, 25, 10, 7, 207, 29, 229, 429, 27, 9, 6]
122,13,20,[5, 205, 46, 25, 10, 7, 207, 29, 229, 429, 27, 9, 6]
123,13,16,[5, 205, 46, 25, 10, 7, 207, 29, 229, 429, 27, 9, 6]
124,13,15,[207, 29, 229, 429, 27, 9, 6, 5, 205, 46, 25, 10, 7]
125,13,15,[5, 205, 46, 25, 10, 7, 207, 29, 229, 429, 27, 9, 6]
126,13,15,[5, 205, 46, 25, 10, 7, 207, 29, 229, 429, 27, 9, 6]
127,13,17,[5, 205, 46, 25, 10, 7, 207, 29, 229, 429, 27, 9, 6]
128,13,14,[6, 5, 205, 46, 25, 10, 7, 207, 29, 229, 429, 27, 9]
129,13,13,[25, 10, 7, 207, 29, 229, 429, 27, 9, 6, 5, 205, 46]
130,13,14,[6, 5, 205, 46, 25, 10, 7, 207, 29, 229, 429, 27, 9]
131,13,18,[5, 205, 46, 25, 10, 7, 207, 29, 229, 429, 27, 9, 6]
132,13,15,[5, 205, 46, 25, 10, 7, 207, 29, 229, 429, 27, 9, 6]
133,13,16,[5, 205, 46, 25, 10, 7, 207, 29, 229, 429, 27, 9, 6]
134,13,17,[5, 205, 46, 25, 10, 7, 207, 29, 229, 429, 27, 9, 6]
135,13,14,[6, 5, 205, 46, 25, 10, 7, 207, 29, 229, 429, 27, 9]
136,9,9,[223, 423, 53, 253, 34, 19, 219, 76, 23]
137,13,23,[5, 205, 46, 25, 10, 7, 207, 29, 229, 429, 27, 9, 6]
138,13,20,[5, 205, 46, 25, 10, 7, 207, 29, 229, 429, 27, 9, 6]
139,13,17,[6, 5, 205, 46, 25, 10, 7, 207, 29, 229, 429, 27, 9]
140,13,15,[5, 205, 46, 25, 10, 7, 207, 29, 229, 429, 27, 9, 6]
141,13,15,[207, 29, 229, 429, 27, 9, 6, 5, 205, 46, 25, 10, 7]
142,9,11,[223, 423, 53, 253, 34, 19, 219, 76, 23]
143,13,14,[6, 5, 205, 46, 25, 10, 7, 207, 29, 229, 429, 27, 9]
144,13,14,[6, 5, 205, 46, 25, 10, 7, 207, 29, 229, 429, 27, 9]
145,9,9,[19, 219, 76, 23, 223, 423, 53, 253, 34]
146,13,20,[5, 205, 46, 25, 10, 7, 207, 29, 229, 429, 27, 9, 6]
147,13,17,[7, 207, 29, 229, 429, 27, 9, 6, 5, 205, 46, 25, 10]
148,13,17,[6, 5, 205, 46, 25, 10, 7, 207, 29, 229, 429, 27, 9]
149,13,18,[9, 6, 5, 205, 46, 25, 10, 7, 207, 29, 229, 429, 27]
150,13,15,[5, 205, 46, 25, 10, 7, 207, 29, 229, 429, 27, 9, 6]
151,13,21,[5, 205, 46, 25, 10, 7, 207, 29, 229, 429, 27, 9, 6]
152,13,13,[10, 7, 207, 29, 229, 429, 27, 9, 6, 5, 205, 46, 25]
153,9,9,[223, 423, 53, 253, 34, 19, 219, 76, 23]
154,13,14,[6, 5, 205, 46, 25, 10, 7, 207, 29, 229, 429, 27, 9]
155,13,14,[7, 207, 29, 229, 429, 27, 9, 6, 5, 205, 46, 25, 10]
156,13,14,[6, 5, 205, 46, 25, 10, 7, 207, 29, 229, 429, 27, 9]
157,13,14,[9, 6, 5, 205, 46, 25, 10, 7, 207, 29, 229, 429, 27]
158,13,15,[207, 29, 229, 429, 27, 9, 6, 5, 205, 46, 25, 10, 7]
159,13,20,[5, 205, 46, 25, 10, 7, 207, 29, 229, 429, 27, 9, 6]
160,13,15,[5, 205, 46, 25, 10, 7, 207, 29, 229, 429, 27, 9, 6]
161,13,14,[7, 207, 29, 229, 429, 27, 9, 6, 5, 205, 46, 25, 10]
162,13,14,[6, 5, 205, 46, 25, 10, 7, 207, 29, 229, 429, 27, 9]
163,13,14,[10, 7, 207, 29, 229, 429, 27, 9, 6, 5, 205, 46, 25]
164,13,20,[5, 205, 46, 25, 10, 7, 207, 29, 229, 429, 27, 9, 6]
165,9,9,[219, 76, 23, 223, 423, 53, 253, 34, 19]
166,13,21,[5, 205, 46, 25, 10, 7, 207, 29, 229, 429, 27, 9, 6]
167,9,11,[219, 76, 23, 223, 423, 53, 253, 34, 19]
168,13,15,[5, 205, 46, 25, 10, 7, 207, 29, 229, 429, 27, 9, 6]
169,13,16,[5, 205, 46, 25, 10, 7, 207, 29, 229, 429, 27, 9, 6]
170,13,14,[6, 5, 205, 46, 25, 10, 7, 207, 29, 229, 429, 27, 9]
171,13,13,[10, 7, 207, 29, 229, 429, 27, 9, 6, 5, 205, 46, 25]
172,13,16,[7, 207, 29, 229, 429, 27, 9, 6, 5, 205, 46, 25, 10]
173,13,21,[7, 207, 29, 229, 429, 27, 9, 6, 5, 205, 46, 25, 10]
174,9,9,[19, 219, 76, 23, 223, 423, 53, 253, 34]
175,13,17,[7, 207, 29, 229, 429, 27, 9, 6, 5, 205, 46, 25, 10]
176,9,9,[219, 76, 23, 223, 423, 53, 253, 34, 19]
177,13,16,[6, 5, 205, 46, 25, 10, 7, 207, 29, 229, 429, 27, 9]
178,13,15,[6, 5, 205, 46, 25, 10, 7, 207, 29, 229, 429, 27, 9]
179,13,18,[5, 205, 46, 25, 10, 7, 207, 29, 229, 429, 27, 9, 6]
180,13,15,[5, 205, 46, 25, 10, 7, 207, 29, 229, 429, 27, 9, 6]
181,13,16,[6, 5, 205, 46, 25, 10, 7, 207, 29, 229, 429, 27, 9]
182,13,20,[5, 205, 46, 25, 10, 7, 207, 29, 229, 429, 27, 9, 6]
183,13,15,[207, 29, 229, 429, 27, 9, 6, 5, 205, 46, 25, 10, 7]
184,13,13,[229, 429, 27, 9, 6, 5, 205, 46, 25, 10, 7, 207, 29]
185,13,15,[207, 29, 229, 429, 27, 9, 6, 5, 205, 46, 25, 10, 7]
186,13,14,[7, 207, 29, 229, 429, 27, 9, 6, 5, 205, 46, 25, 10]
187,13,20,[5, 205, 46, 25, 10, 7, 207, 29, 229, 429, 27, 9, 6]
188,13,15,[6, 5, 205, 46, 25, 10, 7, 207, 29, 229, 429, 27, 9]
189,13,15,[5, 205, 46, 25, 10, 7, 207, 29, 229, 429, 27, 9, 6]
190,13,16,[5, 205, 46, 25, 10, 7, 207, 29, 229, 429, 27, 9, 6]
191,13,21,[5, 205, 46, 25, 10, 7, 207, 29, 229, 429, 27, 9, 6]
192,13,15,[5, 205, 46, 25, 10, 7, 207, 29, 229, 429, 27, 9, 6]
193,13,19,[5, 205, 46, 25, 10, 7, 207, 29, 229, 429, 27, 9, 6]
194,13,18,[7, 207, 29, 229, 429, 27, 9, 6, 5, 205, 46, 25, 10]
195,13,14,[7, 207, 29, 229, 429, 27, 9, 6, 5, 205, 46, 25, 10]
196,13,15,[5, 205, 46, 25, 10, 7, 207, 29, 229, 429, 27, 9, 6]
197,9,15,[219, 76, 23, 223, 423, 53, 253, 34, 19]
198,9,9,[219, 76, 23, 223, 423, 53, 253, 34, 19]
199,13,14,[229, 429, 27, 9, 6, 5, 205, 46, 25, 10, 7, 207, 29]
200,13,15,[5, 205, 46, 25, 10, 7, 207, 29, 229, 429, 27, 9, 6]
