1,1,0,[1]
2,5,12,[5, 120, 14, 9, 6]
3,5,14,[5, 120, 14, 9, 6]
4,1,0,[4]
5,5,4,[120, 14, 9, 6, 5]
6,5,4,[5, 120, 14, 9, 6]
7,5,9,[9, 6, 5, 120, 14]
8,5,5,[5, 120, 14, 9, 6]
9,5,4,[6, 5, 120, 14, 9]
10,5,10,[9, 6, 5, 120, 14]
11,5,8,[5, 120, 14, 9, 6]
12,5,10,[9, 6, 5, 120, 14]
13,5,6,[9, 6, 5, 120, 14]
14,5,4,[9, 6, 5, 120, 14]
15,5,6,[5, 120, 14, 9, 6]
16,5,6,[5, 120, 14, 9, 6]
17,5,8,[5, 120, 14, 9, 6]
18,5,6,[5, 120, 14, 9, 6]
19,5,10,[5, 120, 14, 9, 6]
20,5,5,[6, 5, 120, 14, 9]
21,5,11,[9, 6, 5, 120, 14]
22,5,7,[9, 6, 5, 120, 14]
23,5,11,[5, 120, 14, 9, 6]
24,5,5,[6, 5, 120, 14, 9]
25,5,11,[9, 6, 5, 120, 14]
26,5,7,[5, 120, 14, 9, 6]
27,5,5,[6, 5, 120, 14, 9]
28,5,9,[5, 120, 14, 9, 6]
29,5,6,[9, 6, 5, 120, 14]
30,5,11,[9, 6, 5, 120, 14]
31,5,9,[9, 6, 5, 120, 14]
32,5,11,[9, 6, 5, 120, 14]
33,5,5,[9, 6, 5, 120, 14]
34,5,11,[5, 120, 14, 9, 6]
35,5,11,[9, 6, 5, 120, 14]
36,5,11,[9, 6, 5, 120, 14]
37,5,13,[9, 6, 5, 120, 14]
38,5,12,[9, 6, 5, 120, 14]
39,5,7,[5, 120, 14, 9, 6]
40,5,9,[5, 120, 14, 9, 6]
41,5,7,[6, 5, 120, 14, 9]
42,5,11,[9, 6, 5, 120, 14]
43,5,13,[9, 6, 5, 120, 14]
44,5,7,[5, 120, 14, 9, 6]
45,5,9,[5, 120, 14, 9, 6]
46,5,12,[9, 6, 5, 120, 14]
47,5,6,[9, 6, 5, 120, 14]
48,5,9,[5, 120, 14, 9, 6]
49,5,5,[9, 6, 5, 120, 14]
50,5,11,[9, 6, 5, 120, 14]
51,5,6,[6, 5, 120, 14, 9]
52,5,9,[5, 120, 14, 9, 6]
53,5,8,[5, 120, 14, 9, 6]
54,5,9,[5, 120, 14, 9, 6]
55,5,7,[5, 120, 14, 9, 6]
56,5,7,[9, 6, 5, 120, 14]
57,5,8,[9, 6, 5, 120, 14]
58,5,10,[9, 6, 5, 120, 14]
59,5,13,[5, 120, 14, 9, 6]
60,5,11,[9, 6, 5, 120, 14]
61,5,12,[5, 120, 14, 9, 6]
62,5,6,[9, 6, 5, 120, 14]
63,5,7,[9, 6, 5, 120, 14]
64,5,11,[9, 6, 5, 120, 14]
65,5,7,[5, 120, 14, 9, 6]
66,5,7,[5, 120, 14, 9, 6]
67,5,9,[9, 6, 5, 120, 14]
68,5,12,[9, 6, 5, 120, 14]
69,5,8,[5, 120, 14, 9, 6]
70,5,5,[9, 6, 5, 120, 14]
71,5,13,[9, 6, 5, 120, 14]
72,5,11,[9, 6, 5, 120, 14]
73,5,8,[6, 5, 120, 14, 9]
74,5,8,[5, 120, 14, 9, 6]
75,5,7,[9, 6, 5, 120, 14]
76,5,12,[5, 120, 14, 9, 6]
77,5,7,[5, 120, 14, 9, 6]
78,5,7,[5, 120, 14, 9, 6]
79,5,11,[5, 120, 14, 9, 6]
80,5,7,[9, 6, 5, 120, 14]
81,5,11,[9, 6, 5, 120, 14]
82,5,14,[9, 6, 5, 120, 14]
83,5,12,[5, 120, 14, 9, 6]
84,5,5,[9, 6, 5, 120, 14]
85,5,8,[9, 6, 5, 120, 14]
86,5,10,[5, 120, 14, 9, 6]
87,5,12,[9, 6, 5, 120, 14]
88,5,9,[5, 120, 14, 9, 6]
89,5,7,[6, 5, 120, 14, 9]
90,5,7,[9, 6, 5, 120, 14]
91,5,6,[6, 5, 120, 14, 9]
92,5,6,[6, 5, 120, 14, 9]
93,5,12,[5, 120, 14, 9, 6]
94,5,6,[9, 6, 5, 120, 14]
95,5,6,[6, 5, 120, 14, 9]
96,5,7,[9, 6, 5, 120, 14]
97,5,10,[9, 6, 5, 120, 14]
98,5,7,[5, 120, 14, 9, 6]
99,5,9,[5, 120, 14, 9, 6]
100,5,5,[9, 6, 5, 120, 14]
101,5,8,[5, 120, 14, 9, 6]
102,5,8,[9, 6, 5, 120, 14]
103,5,12,[5, 120, 14, 9, 6]
104,5,11,[5, 120, 14, 9, 6]
105,5,7,[5, 120, 14, 9, 6]
106,5,8,[5, 120, 14, 9, 6]
107,5,13,[9, 6, 5, 120, 14]
108,5,7,[9, 6, 5, 120, 14]
109,5,10,[5, 120, 14, 9, 6]
110,5,7,[5, 120, 14, 9, 6]
111,5,10,[5, 120, 14, 9, 6]
112,5,7,[5, 120, 14, 9, 6]
113,5,9,[5, 120, 14, 9, 6]
114,5,6,[6, 5, 120, 14, 9]
115,5,10,[5, 120, 14, 9, 6]
116,5,6,[9, 6, 5, 120, 14]
117,5,11,[5, 120, 14, 9, 6]
118,5,13,[5, 120, 14, 9, 6]
119,5,6,[6, 5, 120, 14, 9]
120,5,4,[14, 9, 6, 5, 120]
121,5,8,[9, 6, 5, 120, 14]
122,5,8,[9, 6, 5, 120, 14]
123,5,8,[5, 120, 14, 9, 6]
124,5,12,[9, 6, 5, 120, 14]
125,5,7,[5, 120, 14, 9, 6]
126,5,7,[5, 120, 14, 9, 6]
127,5,7,[6, 5, 120, 14, 9]
128,5,5,[9, 6, 5, 120, 14]
129,5,13,[9, 6, 5, 120, 14]
130,5,6,[6, 5, 120, 14, 9]
131,5,14,[9, 6, 5, 120, 14]
132,5,7,[5, 120, 14, 9, 6]
133,5,8,[5, 120, 14, 9, 6]
134,5,9,[5, 120, 14, 9, 6]
135,5,5,[9, 6, 5, 120, 14]
136,5,12,[5, 120, 14, 9, 6]
137,5,10,[5, 120, 14, 9, 6]
138,5,10,[5, 120, 14, 9, 6]
139,5,15,[9, 6, 5, 120, 14]
140,5,7,[5, 120, 14, 9, 6]
141,5,12,[9, 6, 5, 120, 14]
142,5,9,[6, 5, 120, 14, 9]
143,5,6,[6, 5, 120, 14, 9]
144,5,5,[9, 6, 5, 120, 14]
145,5,12,[5, 120, 14, 9, 6]
146,5,8,[9, 6, 5, 120, 14]
147,5,9,[5, 120, 14, 9, 6]
148,5,8,[6, 5, 120, 14, 9]
149,5,7,[6, 5, 120, 14, 9]
150,5,7,[5, 120, 14, 9, 6]
151,5,11,[5, 120, 14, 9, 6]
152,5,12,[9, 6, 5, 120, 14]
153,5,12,[5, 120, 14, 9, 6]
154,5,6,[6, 5, 120, 14, 9]
155,5,12,[9, 6, 5, 120, 14]
156,5,6,[6, 5, 120, 14, 9]
157,5,13,[9, 6, 5, 120, 14]
158,5,12,[9, 6, 5, 120, 14]
159,5,8,[9, 6, 5, 120, 14]
160,5,7,[5, 120, 14, 9, 6]
161,5,12,[9, 6, 5, 120, 14]
162,5,5,[9, 6, 5, 120, 14]
163,5,14,[9, 6, 5, 120, 14]
164,5,10,[5, 120, 14, 9, 6]
165,5,11,[5, 120, 14, 9, 6]
166,5,9,[9, 6, 5, 120, 14]
167,5,11,[5, 120, 14, 9, 6]
168,5,7,[5, 120, 14, 9, 6]
169,5,8,[5, 120, 14, 9, 6]
170,5,6,[6, 5, 120, 14, 9]
171,5,12,[9, 6, 5, 120, 14]
172,5,7,[9, 6, 5, 120, 14]
173,5,8,[5, 120, 14, 9, 6]
174,5,12,[5, 120, 14, 9, 6]
175,5,9,[5, 120, 14, 9, 6]
176,5,11,[5, 120, 14, 9, 6]
177,5,7,[9, 6, 5, 120, 14]
178,5,7,[6, 5, 120, 14, 9]
179,5,12,[5, 120, 14, 9, 6]
180,5,7,[5, 120, 14, 9, 6]
181,5,15,[9, 6, 5, 120, 14]
182,5,8,[9, 6, 5, 120, 14]
183,5,12,[9, 6, 5, 120, 14]
184,5,7,[9, 6, 5, 120, 14]
185,5,12,[9, 6, 5, 120, 14]
186,5,12,[9, 6, 5, 120, 14]
187,5,10,[5, 120, 14, 9, 6]
188,5,7,[6, 5, 120, 14, 9]
189,5,7,[5, 120, 14, 9, 6]
190,5,8,[5, 120, 14, 9, 6]
191,5,13,[9, 6, 5, 120, 14]
192,5,7,[5, 120, 14, 9, 6]
193,5,9,[9, 6, 5, 120, 14]
194,5,10,[5, 120, 14, 9, 6]
195,5,12,[9, 6, 5, 120, 14]
196,5,7,[5, 120, 14, 9, 6]
197,5,9,[9, 6, 5, 120, 14]
198,5,11,[5, 120, 14, 9, 6]
199,5,10,[9, 6, 5, 120, 14]
200,5,7,[5, 120, 14, 9, 6]
