1  1  [1]
2  8  [13, 130, 20, 9, 6, 5, 122, 63]
3  8  [13, 130, 20, 9, 6, 5, 122, 63]
4  1  [4]
5  8  [5, 122, 63, 13, 130, 20, 9, 6]
6  8  [6, 5, 122, 63, 13, 130, 20, 9]
7  4  [7, 124, 35, 12]
8  8  [9, 6, 5, 122, 63, 13, 130, 20]
9  8  [9, 6, 5, 122, 63, 13, 130, 20]
10  4  [12, 7, 124, 35]
11  8  [13, 130, 20, 9, 6, 5, 122, 63]
12  4  [12, 7, 124, 35]
13  8  [13, 130, 20, 9, 6, 5, 122, 63]
14  8  [20, 9, 6, 5, 122, 63, 13, 130]
15  8  [20, 9, 6, 5, 122, 63, 13, 130]
16  8  [20, 9, 6, 5, 122, 63, 13, 130]
17  8  [122, 63, 13, 130, 20, 9, 6, 5]
18  8  [20, 9, 6, 5, 122, 63, 13, 130]
19  8  [122, 63, 13, 130, 20, 9, 6, 5]
20  8  [20, 9, 6, 5, 122, 63, 13, 130]
21  4  [35, 12, 7, 124]
22  8  [63, 13, 130, 20, 9, 6, 5, 122]
23  8  [13, 130, 20, 9, 6, 5, 122, 63]
24  8  [20, 9, 6, 5, 122, 63, 13, 130]
25  4  [35, 12, 7, 124]
26  8  [130, 20, 9, 6, 5, 122, 63, 13]
27  8  [20, 9, 6, 5, 122, 63, 13, 130]
28  8  [63, 13, 130, 20, 9, 6, 5, 122]
29  8  [5, 122, 63, 13, 130, 20, 9, 6]
30  4  [35, 12, 7, 124]
31  4  [35, 12, 7, 124]
32  4  [35, 12, 7, 124]
33  8  [130, 20, 9, 6, 5, 122, 63, 13]
34  8  [5, 122, 63, 13, 130, 20, 9, 6]
35  4  [35, 12, 7, 124]
36  4  [35, 12, 7, 124]
37  8  [13, 130, 20, 9, 6, 5, 122, 63]
38  4  [124, 35, 12, 7]
39  8  [130, 20, 9, 6, 5, 122, 63, 13]
40  8  [63, 13, 130, 20, 9, 6, 5, 122]
41  4  [7, 124, 35, 12]
42  4  [35, 12, 7, 124]
43  8  [13, 130, 20, 9, 6, 5, 122, 63]
44  8  [130, 20, 9, 6, 5, 122, 63, 13]
45  8  [63, 13, 130, 20, 9, 6, 5, 122]
46  4  [124, 35, 12, 7]
47  8  [5, 122, 63, 13, 130, 20, 9, 6]
48  8  [63, 13, 130, 20, 9, 6, 5, 122]
49  8  [130, 20, 9, 6, 5, 122, 63, 13]
50  4  [35, 12, 7, 124]
51  8  [130, 20, 9, 6, 5, 122, 63, 13]
52  8  [5, 122, 63, 13, 130, 20, 9, 6]
53  8  [13, 130, 20, 9, 6, 5, 122, 63]
54  8  [63, 13, 130, 20, 9, 6, 5, 122]
55  8  [130, 20, 9, 6, 5, 122, 63, 13]
56  8  [63, 13, 130, 20, 9, 6, 5, 122]
57  8  [122, 63, 13, 130, 20, 9, 6, 5]
58  4  [124, 35, 12, 7]
59  8  [6, 5, 122, 63, 13, 130, 20, 9]
60  4  [35, 12, 7, 124]
61  8  [63, 13, 130, 20, 9, 6, 5, 122]
62  8  [13, 130, 20, 9, 6, 5, 122, 63]
63  8  [63, 13, 130, 20, 9, 6, 5, 122]
64  4  [35, 12, 7, 124]
65  8  [130, 20, 9, 6, 5, 122, 63, 13]
66  8  [130, 20, 9, 6, 5, 122, 63, 13]
67  8  [9, 6, 5, 122, 63, 13, 130, 20]
68  4  [124, 35, 12, 7]
69  8  [13, 130, 20, 9, 6, 5, 122, 63]
70  8  [130, 20, 9, 6, 5, 122, 63, 13]
71  8  [63, 13, 130, 20, 9, 6, 5, 122]
72  4  [35, 12, 7, 124]
73  8  [63, 13, 130, 20, 9, 6, 5, 122]
74  8  [13, 130, 20, 9, 6, 5, 122, 63]
75  8  [63, 13, 130, 20, 9, 6, 5, 122]
76  8  [63, 13, 130, 20, 9, 6, 5, 122]
77  8  [130, 20, 9, 6, 5, 122, 63, 13]
78  8  [130, 20, 9, 6, 5, 122, 63, 13]
79  8  [13, 130, 20, 9, 6, 5, 122, 63]
80  8  [63, 13, 130, 20, 9, 6, 5, 122]
81  4  [35, 12, 7, 124]
82  8  [63, 13, 130, 20, 9, 6, 5, 122]
83  8  [13, 130, 20, 9, 6, 5, 122, 63]
84  8  [130, 20, 9, 6, 5, 122, 63, 13]
85  8  [122, 63, 13, 130, 20, 9, 6, 5]
86  8  [122, 63, 13, 130, 20, 9, 6, 5]
87  4  [124, 35, 12, 7]
88  8  [5, 122, 63, 13, 130, 20, 9, 6]
89  8  [63, 13, 130, 20, 9, 6, 5, 122]
90  8  [63, 13, 130, 20, 9, 6, 5, 122]
91  8  [130, 20, 9, 6, 5, 122, 63, 13]
92  8  [130, 20, 9, 6, 5, 122, 63, 13]
93  8  [6, 5, 122, 63, 13, 130, 20, 9]
94  8  [13, 130, 20, 9, 6, 5, 122, 63]
95  8  [130, 20, 9, 6, 5, 122, 63, 13]
96  8  [63, 13, 130, 20, 9, 6, 5, 122]
97  8  [20, 9, 6, 5, 122, 63, 13, 130]
98  8  [130, 20, 9, 6, 5, 122, 63, 13]
99  8  [5, 122, 63, 13, 130, 20, 9, 6]
100  8  [130, 20, 9, 6, 5, 122, 63, 13]
101  8  [6, 5, 122, 63, 13, 130, 20, 9]
102  8  [122, 63, 13, 130, 20, 9, 6, 5]
103  8  [13, 130, 20, 9, 6, 5, 122, 63]
104  8  [5, 122, 63, 13, 130, 20, 9, 6]
