1,1,0,[1]
2,4,5,[67, 121, 22, 13]
3,4,5,[13, 67, 121, 22]
4,1,0,[4]
5,16,15,[59, 113, 167, 221, 30, 10, 7, 61, 115, 28, 11, 65, 18, 8, 6, 5]
6,16,15,[5, 59, 113, 167, 221, 30, 10, 7, 61, 115, 28, 11, 65, 18, 8, 6]
7,16,15,[61, 115, 28, 11, 65, 18, 8, 6, 5, 59, 113, 167, 221, 30, 10, 7]
8,16,15,[6, 5, 59, 113, 167, 221, 30, 10, 7, 61, 115, 28, 11, 65, 18, 8]
9,16,16,[5, 59, 113, 167, 221, 30, 10, 7, 61, 115, 28, 11, 65, 18, 8, 6]
10,16,15,[7, 61, 115, 28, 11, 65, 18, 8, 6, 5, 59, 113, 167, 221, 30, 10]
11,16,15,[65, 18, 8, 6, 5, 59, 113, 167, 221, 30, 10, 7, 61, 115, 28, 11]
12,16,16,[61, 115, 28, 11, 65, 18, 8, 6, 5, 59, 113, 167, 221, 30, 10, 7]
13,4,3,[67, 121, 22, 13]
14,16,17,[5, 59, 113, 167, 221, 30, 10, 7, 61, 115, 28, 11, 65, 18, 8, 6]
15,16,16,[6, 5, 59, 113, 167, 221, 30, 10, 7, 61, 115, 28, 11, 65, 18, 8]
16,16,16,[6, 5, 59, 113, 167, 221, 30, 10, 7, 61, 115, 28, 11, 65, 18, 8]
17,16,19,[6, 5, 59, 113, 167, 221, 30, 10, 7, 61, 115, 28, 11, 65, 18, 8]
18,16,15,[8, 6, 5, 59, 113, 167, 221, 30, 10, 7, 61, 115, 28, 11, 65, 18]
19,16,25,[6, 5, 59, 113, 167, 221, 30, 10, 7, 61, 115, 28, 11, 65, 18, 8]
20,16,17,[5, 59, 113, 167, 221, 30, 10, 7, 61, 115, 28, 11, 65, 18, 8, 6]
21,16,16,[7, 61, 115, 28, 11, 65, 18, 8, 6, 5, 59, 113, 167, 221, 30, 10]
22,4,3,[13, 67, 121, 22]
23,16,17,[8, 6, 5, 59, 113, 167, 221, 30, 10, 7, 61, 115, 28, 11, 65, 18]
24,16,17,[5, 59, 113, 167, 221, 30, 10, 7, 61, 115, 28, 11, 65, 18, 8, 6]
25,16,16,[7, 61, 115, 28, 11, 65, 18, 8, 6, 5, 59, 113, 167, 221, 30, 10]
26,16,17,[6, 5, 59, 113, 167, 221, 30, 10, 7, 61, 115, 28, 11, 65, 18, 8]
27,16,17,[5, 59, 113, 167, 221, 30, 10, 7, 61, 115, 28, 11, 65, 18, 8, 6]
28,16,15,[11, 65, 18, 8, 6, 5, 59, 113, 167, 221, 30, 10, 7, 61, 115, 28]
29,16,30,[6, 5, 59, 113, 167, 221, 30, 10, 7, 61, 115, 28, 11, 65, 18, 8]
30,16,15,[10, 7, 61, 115, 28, 11, 65, 18, 8, 6, 5, 59, 113, 167, 221, 30]
31,4,5,[13, 67, 121, 22]
32,16,16,[7, 61, 115, 28, 11, 65, 18, 8, 6, 5, 59, 113, 167, 221, 30, 10]
33,16,18,[5, 59, 113, 167, 221, 30, 10, 7, 61, 115, 28, 11, 65, 18, 8, 6]
34,16,26,[6, 5, 59, 113, 167, 221, 30, 10, 7, 61, 115, 28, 11, 65, 18, 8]
35,16,17,[61, 115, 28, 11, 65, 18, 8, 6, 5, 59, 113, 167, 221, 30, 10, 7]
36,16,16,[7, 61, 115, 28, 11, 65, 18, 8, 6, 5, 59, 113, 167, 221, 30, 10]
37,16,19,[5, 59, 113, 167, 221, 30, 10, 7, 61, 115, 28, 11, 65, 18, 8, 6]
38,16,17,[7, 61, 115, 28, 11, 65, 18, 8, 6, 5, 59, 113, 167, 221, 30, 10]
39,16,17,[6, 5, 59, 113, 167, 221, 30, 10, 7, 61, 115, 28, 11, 65, 18, 8]
40,16,16,[65, 18, 8, 6, 5, 59, 113, 167, 221, 30, 10, 7, 61, 115, 28, 11]
41,16,19,[5, 59, 113, 167, 221, 30, 10, 7, 61, 115, 28, 11, 65, 18, 8, 6]
42,16,17,[61, 115, 28, 11, 65, 18, 8, 6, 5, 59, 113, 167, 221, 30, 10, 7]
43,16,21,[7, 61, 115, 28, 11, 65, 18, 8, 6, 5, 59, 113, 167, 221, 30, 10]
44,16,17,[6, 5, 59, 113, 167, 221, 30, 10, 7, 61, 115, 28, 11, 65, 18, 8]
45,16,16,[65, 18, 8, 6, 5, 59, 113, 167, 221, 30, 10, 7, 61, 115, 28, 11]
46,16,17,[7, 61, 115, 28, 11, 65, 18, 8, 6, 5, 59, 113, 167, 221, 30, 10]
47,16,19,[7, 61, 115, 28, 11, 65, 18, 8, 6, 5, 59, 113, 167, 221, 30, 10]
48,16,16,[65, 18, 8, 6, 5, 59, 113, 167, 221, 30, 10, 7, 61, 115, 28, 11]
49,16,18,[5, 59, 113, 167, 221, 30, 10, 7, 61, 115, 28, 11, 65, 18, 8, 6]
50,16,17,[61, 115, 28, 11, 65, 18, 8, 6, 5, 59, 113, 167, 221, 30, 10, 7]
51,16,18,[5, 59, 113, 167, 221, 30, 10, 7, 61, 115, 28, 11, 65, 18, 8, 6]
52,16,20,[6, 5, 59, 113, 167, 221, 30, 10, 7, 61, 115, 28, 11, 65, 18, 8]
53,16,18,[10, 7, 61, 115, 28, 11, 65, 18, 8, 6, 5, 59, 113, 167, 221, 30]
54,16,16,[65, 18, 8, 6, 5, 59, 113, 167, 221, 30, 10, 7, 61, 115, 28, 11]
55,16,17,[6, 5, 59, 113, 167, 221, 30, 10, 7, 61, 115, 28, 11, 65, 18, 8]
56,4,4,[67, 121, 22, 13]
57,4,4,[13, 67, 121, 22]
58,4,6,[13, 67, 121, 22]
59,16,15,[113, 167, 221, 30, 10, 7, 61, 115, 28, 11, 65, 18, 8, 6, 5, 59]
60,16,17,[61, 115, 28, 11, 65, 18, 8, 6, 5, 59, 113, 167, 221, 30, 10, 7]
61,16,15,[115, 28, 11, 65, 18, 8, 6, 5, 59, 113, 167, 221, 30, 10, 7, 61]
62,16,19,[5, 59, 113, 167, 221, 30, 10, 7, 61, 115, 28, 11, 65, 18, 8, 6]
63,4,4,[67, 121, 22, 13]
64,16,17,[61, 115, 28, 11, 65, 18, 8, 6, 5, 59, 113, 167, 221, 30, 10, 7]
65,16,15,[18, 8, 6, 5, 59, 113, 167, 221, 30, 10, 7, 61, 115, 28, 11, 65]
66,16,17,[6, 5, 59, 113, 167, 221, 30, 10, 7, 61, 115, 28, 11, 65, 18, 8]
67,4,3,[121, 22, 13, 67]
68,16,17,[7, 61, 115, 28, 11, 65, 18, 8, 6, 5, 59, 113, 167, 221, 30, 10]
69,16,18,[6, 5, 59, 113, 167, 221, 30, 10, 7, 61, 115, 28, 11, 65, 18, 8]
70,16,18,[5, 59, 113, 167, 221, 30, 10, 7, 61, 115, 28, 11, 65, 18, 8, 6]
71,16,18,[6, 5, 59, 113, 167, 221, 30, 10, 7, 61, 115, 28, 11, 65, 18, 8]
72,16,17,[61, 115, 28, 11, 65, 18, 8, 6, 5, 59, 113, 167, 221, 30, 10, 7]
73,16,24,[6, 5, 59, 113, 167, 221, 30, 10, 7, 61, 115, 28, 11, 65, 18, 8]
74,16,18,[6, 5, 59, 113, 167, 221, 30, 10, 7, 61, 115, 28, 11, 65, 18, 8]
75,4,4,[67, 121, 22, 13]
76,16,18,[8, 6, 5, 59, 113, 167, 221, 30, 10, 7, 61, 115, 28, 11, 65, 18]
77,16,16,[8, 6, 5, 59, 113, 167, 221, 30, 10, 7, 61, 115, 28, 11, 65, 18]
78,16,16,[8, 6, 5, 59, 113, 167, 221, 30, 10, 7, 61, 115, 28, 11, 65, 18]
79,16,19,[6, 5, 59, 113, 167, 221, 30, 10, 7, 61, 115, 28, 11, 65, 18, 8]
80,4,4,[67, 121, 22, 13]
81,16,17,[61, 115, 28, 11, 65, 18, 8, 6, 5, 59, 113, 167, 221, 30, 10, 7]
82,16,22,[7, 61, 115, 28, 11, 65, 18, 8, 6, 5, 59, 113, 167, 221, 30, 10]
83,16,29,[6, 5, 59, 113, 167, 221, 30, 10, 7, 61, 115, 28, 11, 65, 18, 8]
84,16,18,[5, 59, 113, 167, 221, 30, 10, 7, 61, 115, 28, 11, 65, 18, 8, 6]
85,4,4,[13, 67, 121, 22]
86,16,17,[65, 18, 8, 6, 5, 59, 113, 167, 221, 30, 10, 7, 61, 115, 28, 11]
87,16,17,[7, 61, 115, 28, 11, 65, 18, 8, 6, 5, 59, 113, 167, 221, 30, 10]
88,16,20,[6, 5, 59, 113, 167, 221, 30, 10, 7, 61, 115, 28, 11, 65, 18, 8]
89,16,19,[5, 59, 113, 167, 221, 30, 10, 7, 61, 115, 28, 11, 65, 18, 8, 6]
90,4,4,[67, 121, 22, 13]
91,16,18,[5, 59, 113, 167, 221, 30, 10, 7, 61, 115, 28, 11, 65, 18, 8, 6]
92,16,18,[5, 59, 113, 167, 221, 30, 10, 7, 61, 115, 28, 11, 65, 18, 8, 6]
93,16,27,[6, 5, 59, 113, 167, 221, 30, 10, 7, 61, 115, 28, 11, 65, 18, 8]
94,16,19,[5, 59, 113, 167, 221, 30, 10, 7, 61, 115, 28, 11, 65, 18, 8, 6]
95,16,18,[5, 59, 113, 167, 221, 30, 10, 7, 61, 115, 28, 11, 65, 18, 8, 6]
96,4,4,[67, 121, 22, 13]
97,16,20,[7, 61, 115, 28, 11, 65, 18, 8, 6, 5, 59, 113, 167, 221, 30, 10]
98,16,17,[6, 5, 59, 113, 167, 221, 30, 10, 7, 61, 115, 28, 11, 65, 18, 8]
99,16,20,[6, 5, 59, 113, 167, 221, 30, 10, 7, 61, 115, 28, 11, 65, 18, 8]
100,16,18,[5, 59, 113, 167, 221, 30, 10, 7, 61, 115, 28, 11, 65, 18, 8, 6]
101,16,18,[7, 61, 115, 28, 11, 65, 18, 8, 6, 5, 59, 113, 167, 221, 30, 10]
102,4,4,[13, 67, 121, 22]
103,4,10,[13, 67, 121, 22]
104,16,26,[6, 5, 59, 113, 167, 221, 30, 10, 7, 61, 115, 28, 11, 65, 18, 8]
105,16,17,[6, 5, 59, 113, 167, 221, 30, 10, 7, 61, 115, 28, 11, 65, 18, 8]
106,16,18,[6, 5, 59, 113, 167, 221, 30, 10, 7, 61, 115, 28, 11, 65, 18, 8]
107,16,17,[10, 7, 61, 115, 28, 11, 65, 18, 8, 6, 5, 59, 113, 167, 221, 30]
108,4,4,[67, 121, 22, 13]
109,16,20,[7, 61, 115, 28, 11, 65, 18, 8, 6, 5, 59, 113, 167, 221, 30, 10]
110,16,16,[8, 6, 5, 59, 113, 167, 221, 30, 10, 7, 61, 115, 28, 11, 65, 18]
111,16,17,[65, 18, 8, 6, 5, 59, 113, 167, 221, 30, 10, 7, 61, 115, 28, 11]
112,16,17,[6, 5, 59, 113, 167, 221, 30, 10, 7, 61, 115, 28, 11, 65, 18, 8]
113,16,15,[167, 221, 30, 10, 7, 61, 115, 28, 11, 65, 18, 8, 6, 5, 59, 113]
114,16,18,[5, 59, 113, 167, 221, 30, 10, 7, 61, 115, 28, 11, 65, 18, 8, 6]
115,16,15,[28, 11, 65, 18, 8, 6, 5, 59, 113, 167, 221, 30, 10, 7, 61, 115]
116,16,19,[5, 59, 113, 167, 221, 30, 10, 7, 61, 115, 28, 11, 65, 18, 8, 6]
117,16,26,[6, 5, 59, 113, 167, 221, 30, 10, 7, 61, 115, 28, 11, 65, 18, 8]
118,16,16,[115, 28, 11, 65, 18, 8, 6, 5, 59, 113, 167, 221, 30, 10, 7, 61]
119,16,18,[5, 59, 113, 167, 221, 30, 10, 7, 61, 115, 28, 11, 65, 18, 8, 6]
120,16,18,[5, 59, 113, 167, 221, 30, 10, 7, 61, 115, 28, 11, 65, 18, 8, 6]
121,4,3,[22, 13, 67, 121]
122,4,5,[67, 121, 22, 13]
123,16,18,[6, 5, 59, 113, 167, 221, 30, 10, 7, 61, 115, 28, 11, 65, 18, 8]
124,16,18,[61, 115, 28, 11, 65, 18, 8, 6, 5, 59, 113, 167, 221, 30, 10, 7]
125,16,17,[6, 5, 59, 113, 167, 221, 30, 10, 7, 61, 115, 28, 11, 65, 18, 8]
126,16,17,[6, 5, 59, 113, 167, 221, 30, 10, 7, 61, 115, 28, 11, 65, 18, 8]
127,16,23,[6, 5, 59, 113, 167, 221, 30, 10, 7, 61, 115, 28, 11, 65, 18, 8]
128,16,18,[5, 59, 113, 167, 221, 30, 10, 7, 61, 115, 28, 11, 65, 18, 8, 6]
129,16,18,[7, 61, 115, 28, 11, 65, 18, 8, 6, 5, 59, 113, 167, 221, 30, 10]
130,16,18,[5, 59, 113, 167, 221, 30, 10, 7, 61, 115, 28, 11, 65, 18, 8, 6]
131,16,19,[61, 115, 28, 11, 65, 18, 8, 6, 5, 59, 113, 167, 221, 30, 10, 7]
132,16,16,[8, 6, 5, 59, 113, 167, 221, 30, 10, 7, 61, 115, 28, 11, 65, 18]
133,16,18,[6, 5, 59, 113, 167, 221, 30, 10, 7, 61, 115, 28, 11, 65, 18, 8]
134,16,19,[6, 5, 59, 113, 167, 221, 30, 10, 7, 61, 115, 28, 11, 65, 18, 8]
135,16,18,[5, 59, 113, 167, 221, 30, 10, 7, 61, 115, 28, 11, 65, 18, 8, 6]
136,16,18,[8, 6, 5, 59, 113, 167, 221, 30, 10, 7, 61, 115, 28, 11, 65, 18]
137,16,28,[6, 5, 59, 113, 167, 221, 30, 10, 7, 61, 115, 28, 11, 65, 18, 8]
138,16,16,[11, 65, 18, 8, 6, 5, 59, 113, 167, 221, 30, 10, 7, 61, 115, 28]
139,16,19,[7, 61, 115, 28, 11, 65, 18, 8, 6, 5, 59, 113, 167, 221, 30, 10]
140,16,17,[6, 5, 59, 113, 167, 221, 30, 10, 7, 61, 115, 28, 11, 65, 18, 8]
141,16,18,[61, 115, 28, 11, 65, 18, 8, 6, 5, 59, 113, 167, 221, 30, 10, 7]
142,16,25,[6, 5, 59, 113, 167, 221, 30, 10, 7, 61, 115, 28, 11, 65, 18, 8]
143,16,18,[5, 59, 113, 167, 221, 30, 10, 7, 61, 115, 28, 11, 65, 18, 8, 6]
144,16,18,[5, 59, 113, 167, 221, 30, 10, 7, 61, 115, 28, 11, 65, 18, 8, 6]
145,16,27,[6, 5, 59, 113, 167, 221, 30, 10, 7, 61, 115, 28, 11, 65, 18, 8]
146,4,5,[67, 121, 22, 13]
147,16,20,[6, 5, 59, 113, 167, 221, 30, 10, 7, 61, 115, 28, 11, 65, 18, 8]
148,16,20,[5, 59, 113, 167, 221, 30, 10, 7, 61, 115, 28, 11, 65, 18, 8, 6]
149,16,18,[7, 61, 115, 28, 11, 65, 18, 8, 6, 5, 59, 113, 167, 221, 30, 10]
150,16,17,[6, 5, 59, 113, 167, 221, 30, 10, 7, 61, 115, 28, 11, 65, 18, 8]
151,16,19,[7, 61, 115, 28, 11, 65, 18, 8, 6, 5, 59, 113, 167, 221, 30, 10]
152,16,17,[7, 61, 115, 28, 11, 65, 18, 8, 6, 5, 59, 113, 167, 221, 30, 10]
153,16,18,[8, 6, 5, 59, 113, 167, 221, 30, 10, 7, 61, 115, 28, 11, 65, 18]
154,16,18,[5, 59, 113, 167, 221, 30, 10, 7, 61, 115, 28, 11, 65, 18, 8, 6]
155,16,17,[7, 61, 115, 28, 11, 65, 18, 8, 6, 5, 59, 113, 167, 221, 30, 10]
156,16,18,[5, 59, 113, 167, 221, 30, 10, 7, 61, 115, 28, 11, 65, 18, 8, 6]
157,4,9,[13, 67, 121, 22]
158,16,18,[61, 115, 28, 11, 65, 18, 8, 6, 5, 59, 113, 167, 221, 30, 10, 7]
159,4,5,[67, 121, 22, 13]
160,16,17,[6, 5, 59, 113, 167, 221, 30, 10, 7, 61, 115, 28, 11, 65, 18, 8]
161,16,16,[10, 7, 61, 115, 28, 11, 65, 18, 8, 6, 5, 59, 113, 167, 221, 30]
162,16,18,[5, 59, 113, 167, 221, 30, 10, 7, 61, 115, 28, 11, 65, 18, 8, 6]
163,16,19,[7, 61, 115, 28, 11, 65, 18, 8, 6, 5, 59, 113, 167, 221, 30, 10]
164,16,17,[65, 18, 8, 6, 5, 59, 113, 167, 221, 30, 10, 7, 61, 115, 28, 11]
165,16,26,[6, 5, 59, 113, 167, 221, 30, 10, 7, 61, 115, 28, 11, 65, 18, 8]
166,4,5,[13, 67, 121, 22]
167,16,15,[221, 30, 10, 7, 61, 115, 28, 11, 65, 18, 8, 6, 5, 59, 113, 167]
168,16,17,[6, 5, 59, 113, 167, 221, 30, 10, 7, 61, 115, 28, 11, 65, 18, 8]
169,16,18,[6, 5, 59, 113, 167, 221, 30, 10, 7, 61, 115, 28, 11, 65, 18, 8]
170,16,18,[5, 59, 113, 167, 221, 30, 10, 7, 61, 115, 28, 11, 65, 18, 8, 6]
171,16,17,[7, 61, 115, 28, 11, 65, 18, 8, 6, 5, 59, 113, 167, 221, 30, 10]
172,16,20,[7, 61, 115, 28, 11, 65, 18, 8, 6, 5, 59, 113, 167, 221, 30, 10]
173,16,21,[61, 115, 28, 11, 65, 18, 8, 6, 5, 59, 113, 167, 221, 30, 10, 7]
174,16,27,[6, 5, 59, 113, 167, 221, 30, 10, 7, 61, 115, 28, 11, 65, 18, 8]
175,16,20,[6, 5, 59, 113, 167, 221, 30, 10, 7, 61, 115, 28, 11, 65, 18, 8]
176,16,26,[6, 5, 59, 113, 167, 221, 30, 10, 7, 61, 115, 28, 11, 65, 18, 8]
177,16,20,[5, 59, 113, 167, 221, 30, 10, 7, 61, 115, 28, 11, 65, 18, 8, 6]
178,16,19,[5, 59, 113, 167, 221, 30, 10, 7, 61, 115, 28, 11, 65, 18, 8, 6]
179,16,19,[65, 18, 8, 6, 5, 59, 113, 167, 221, 30, 10, 7, 61, 115, 28, 11]
180,16,17,[6, 5, 59, 113, 167, 221, 30, 10, 7, 61, 115, 28, 11, 65, 18, 8]
181,16,22,[6, 5, 59, 113, 167, 221, 30, 10, 7, 61, 115, 28, 11, 65, 18, 8]
182,4,4,[13, 67, 121, 22]
183,16,18,[61, 115, 28, 11, 65, 18, 8, 6, 5, 59, 113, 167, 221, 30, 10, 7]
184,16,31,[6, 5, 59, 113, 167, 221, 30, 10, 7, 61, 115, 28, 11, 65, 18, 8]
185,16,18,[61, 115, 28, 11, 65, 18, 8, 6, 5, 59, 113, 167, 221, 30, 10, 7]
186,16,17,[7, 61, 115, 28, 11, 65, 18, 8, 6, 5, 59, 113, 167, 221, 30, 10]
187,16,16,[11, 65, 18, 8, 6, 5, 59, 113, 167, 221, 30, 10, 7, 61, 115, 28]
188,16,19,[5, 59, 113, 167, 221, 30, 10, 7, 61, 115, 28, 11, 65, 18, 8, 6]
189,16,17,[6, 5, 59, 113, 167, 221, 30, 10, 7, 61, 115, 28, 11, 65, 18, 8]
190,16,18,[6, 5, 59, 113, 167, 221, 30, 10, 7, 61, 115, 28, 11, 65, 18, 8]
191,16,27,[6, 5, 59, 113, 167, 221, 30, 10, 7, 61, 115, 28, 11, 65, 18, 8]
192,16,17,[6, 5, 59, 113, 167, 221, 30, 10, 7, 61, 115, 28, 11, 65, 18, 8]
193,16,18,[7, 61, 115, 28, 11, 65, 18, 8, 6, 5, 59, 113, 167, 221, 30, 10]
194,16,21,[6, 5, 59, 113, 167, 221, 30, 10, 7, 61, 115, 28, 11, 65, 18, 8]
195,16,17,[7, 61, 115, 28, 11, 65, 18, 8, 6, 5, 59, 113, 167, 221, 30, 10]
196,16,16,[8, 6, 5, 59, 113, 167, 221, 30, 10, 7, 61, 115, 28, 11, 65, 18]
197,16,20,[6, 5, 59, 113, 167, 221, 30, 10, 7, 61, 115, 28, 11, 65, 18, 8]
198,16,26,[6, 5, 59, 113, 167, 221, 30, 10, 7, 61, 115, 28, 11, 65, 18, 8]
199,16,28,[6, 5, 59, 113, 167, 221, 30, 10, 7, 61, 115, 28, 11, 65, 18, 8]
200,16,17,[6, 5, 59, 113, 167, 221, 30, 10, 7, 61, 115, 28, 11, 65, 18, 8]
