1  1  [1]
2  8  [13, 154, 20, 9, 6, 5, 146, 75]
3  8  [13, 154, 20, 9, 6, 5, 146, 75]
4  1  [4]
5  8  [5, 146, 75, 13, 154, 20, 9, 6]
6  8  [6, 5, 146, 75, 13, 154, 20, 9]
7  8  [9, 6, 5, 146, 75, 13, 154, 20]
8  8  [9, 6, 5, 146, 75, 13, 154, 20]
9  8  [9, 6, 5, 146, 75, 13, 154, 20]
10  8  [20, 9, 6, 5, 146, 75, 13, 154]
11  8  [75, 13, 154, 20, 9, 6, 5, 146]
12  8  [20, 9, 6, 5, 146, 75, 13, 154]
13  8  [13, 154, 20, 9, 6, 5, 146, 75]
14  8  [20, 9, 6, 5, 146, 75, 13, 154]
15  8  [20, 9, 6, 5, 146, 75, 13, 154]
16  8  [20, 9, 6, 5, 146, 75, 13, 154]
17  8  [75, 13, 154, 20, 9, 6, 5, 146]
18  8  [20, 9, 6, 5, 146, 75, 13, 154]
19  8  [13, 154, 20, 9, 6, 5, 146, 75]
20  8  [20, 9, 6, 5, 146, 75, 13, 154]
21  8  [154, 20, 9, 6, 5, 146, 75, 13]
22  8  [75, 13, 154, 20, 9, 6, 5, 146]
23  8  [6, 5, 146, 75, 13, 154, 20, 9]
24  8  [20, 9, 6, 5, 146, 75, 13, 154]
25  8  [154, 20, 9, 6, 5, 146, 75, 13]
26  8  [154, 20, 9, 6, 5, 146, 75, 13]
27  8  [20, 9, 6, 5, 146, 75, 13, 154]
28  8  [146, 75, 13, 154, 20, 9, 6, 5]
29  8  [13, 154, 20, 9, 6, 5, 146, 75]
30  8  [154, 20, 9, 6, 5, 146, 75, 13]
31  8  [5, 146, 75, 13, 154, 20, 9, 6]
32  8  [154, 20, 9, 6, 5, 146, 75, 13]
33  8  [154, 20, 9, 6, 5, 146, 75, 13]
34  8  [75, 13, 154, 20, 9, 6, 5, 146]
35  8  [154, 20, 9, 6, 5, 146, 75, 13]
36  8  [154, 20, 9, 6, 5, 146, 75, 13]
37  8  [75, 13, 154, 20, 9, 6, 5, 146]
38  8  [13, 154, 20, 9, 6, 5, 146, 75]
39  8  [154, 20, 9, 6, 5, 146, 75, 13]
40  8  [146, 75, 13, 154, 20, 9, 6, 5]
41  8  [5, 146, 75, 13, 154, 20, 9, 6]
42  8  [154, 20, 9, 6, 5, 146, 75, 13]
43  8  [146, 75, 13, 154, 20, 9, 6, 5]
44  8  [154, 20, 9, 6, 5, 146, 75, 13]
45  8  [146, 75, 13, 154, 20, 9, 6, 5]
46  8  [13, 154, 20, 9, 6, 5, 146, 75]
47  8  [75, 13, 154, 20, 9, 6, 5, 146]
48  8  [146, 75, 13, 154, 20, 9, 6, 5]
49  8  [154, 20, 9, 6, 5, 146, 75, 13]
50  8  [154, 20, 9, 6, 5, 146, 75, 13]
51  8  [154, 20, 9, 6, 5, 146, 75, 13]
52  8  [146, 75, 13, 154, 20, 9, 6, 5]
53  8  [6, 5, 146, 75, 13, 154, 20, 9]
54  8  [146, 75, 13, 154, 20, 9, 6, 5]
55  8  [154, 20, 9, 6, 5, 146, 75, 13]
56  8  [75, 13, 154, 20, 9, 6, 5, 146]
57  8  [146, 75, 13, 154, 20, 9, 6, 5]
58  8  [6, 5, 146, 75, 13, 154, 20, 9]
59  8  [13, 154, 20, 9, 6, 5, 146, 75]
60  8  [154, 20, 9, 6, 5, 146, 75, 13]
61  8  [5, 146, 75, 13, 154, 20, 9, 6]
62  8  [13, 154, 20, 9, 6, 5, 146, 75]
63  8  [75, 13, 154, 20, 9, 6, 5, 146]
64  8  [154, 20, 9, 6, 5, 146, 75, 13]
65  8  [154, 20, 9, 6, 5, 146, 75, 13]
66  8  [154, 20, 9, 6, 5, 146, 75, 13]
67  8  [75, 13, 154, 20, 9, 6, 5, 146]
68  8  [13, 154, 20, 9, 6, 5, 146, 75]
69  8  [13, 154, 20, 9, 6, 5, 146, 75]
70  8  [154, 20, 9, 6, 5, 146, 75, 13]
71  8  [6, 5, 146, 75, 13, 154, 20, 9]
72  8  [154, 20, 9, 6, 5, 146, 75, 13]
73  8  [9, 6, 5, 146, 75, 13, 154, 20]
74  8  [13, 154, 20, 9, 6, 5, 146, 75]
75  8  [75, 13, 154, 20, 9, 6, 5, 146]
76  8  [9, 6, 5, 146, 75, 13, 154, 20]
77  8  [154, 20, 9, 6, 5, 146, 75, 13]
78  8  [154, 20, 9, 6, 5, 146, 75, 13]
79  8  [13, 154, 20, 9, 6, 5, 146, 75]
80  8  [75, 13, 154, 20, 9, 6, 5, 146]
81  8  [154, 20, 9, 6, 5, 146, 75, 13]
82  8  [5, 146, 75, 13, 154, 20, 9, 6]
83  8  [5, 146, 75, 13, 154, 20, 9, 6]
84  8  [154, 20, 9, 6, 5, 146, 75, 13]
85  8  [146, 75, 13, 154, 20, 9, 6, 5]
86  8  [5, 146, 75, 13, 154, 20, 9, 6]
87  8  [13, 154, 20, 9, 6, 5, 146, 75]
88  8  [146, 75, 13, 154, 20, 9, 6, 5]
89  8  [75, 13, 154, 20, 9, 6, 5, 146]
90  8  [75, 13, 154, 20, 9, 6, 5, 146]
91  8  [154, 20, 9, 6, 5, 146, 75, 13]
92  8  [154, 20, 9, 6, 5, 146, 75, 13]
93  8  [146, 75, 13, 154, 20, 9, 6, 5]
94  8  [13, 154, 20, 9, 6, 5, 146, 75]
95  8  [154, 20, 9, 6, 5, 146, 75, 13]
96  8  [75, 13, 154, 20, 9, 6, 5, 146]
97  8  [75, 13, 154, 20, 9, 6, 5, 146]
98  8  [154, 20, 9, 6, 5, 146, 75, 13]
99  8  [146, 75, 13, 154, 20, 9, 6, 5]
100  8  [154, 20, 9, 6, 5, 146, 75, 13]
101  8  [13, 154, 20, 9, 6, 5, 146, 75]
102  8  [146, 75, 13, 154, 20, 9, 6, 5]
103  8  [75, 13, 154, 20, 9, 6, 5, 146]
104  8  [75, 13, 154, 20, 9, 6, 5, 146]
