1,1,0,[1]
2,5,9,[8, 6, 5, 66, 16]
3,4,6,[68, 21, 10, 7]
4,1,0,[4]
5,5,4,[66, 16, 8, 6, 5]
6,5,4,[5, 66, 16, 8, 6]
7,4,3,[68, 21, 10, 7]
8,5,4,[6, 5, 66, 16, 8]
9,5,5,[5, 66, 16, 8, 6]
10,4,3,[7, 68, 21, 10]
11,4,6,[68, 21, 10, 7]
12,4,4,[68, 21, 10, 7]
13,5,7,[8, 6, 5, 66, 16]
14,5,6,[5, 66, 16, 8, 6]
15,5,5,[6, 5, 66, 16, 8]
16,5,4,[8, 6, 5, 66, 16]
17,5,7,[6, 5, 66, 16, 8]
18,5,5,[6, 5, 66, 16, 8]
19,5,9,[8, 6, 5, 66, 16]
20,5,6,[5, 66, 16, 8, 6]
21,4,3,[10, 7, 68, 21]
22,5,8,[8, 6, 5, 66, 16]
23,5,8,[5, 66, 16, 8, 6]
24,5,6,[5, 66, 16, 8, 6]
25,4,4,[7, 68, 21, 10]
26,5,6,[6, 5, 66, 16, 8]
27,5,6,[5, 66, 16, 8, 6]
28,4,7,[68, 21, 10, 7]
29,5,9,[8, 6, 5, 66, 16]
30,4,4,[7, 68, 21, 10]
31,5,8,[5, 66, 16, 8, 6]
32,4,4,[7, 68, 21, 10]
33,5,7,[5, 66, 16, 8, 6]
34,5,10,[8, 6, 5, 66, 16]
35,4,5,[68, 21, 10, 7]
36,4,4,[7, 68, 21, 10]
37,5,6,[8, 6, 5, 66, 16]
38,4,4,[10, 7, 68, 21]
39,5,5,[8, 6, 5, 66, 16]
40,4,7,[68, 21, 10, 7]
41,5,10,[8, 6, 5, 66, 16]
42,4,5,[68, 21, 10, 7]
43,5,11,[8, 6, 5, 66, 16]
44,5,6,[6, 5, 66, 16, 8]
45,4,7,[68, 21, 10, 7]
46,4,5,[7, 68, 21, 10]
47,5,9,[8, 6, 5, 66, 16]
48,4,7,[68, 21, 10, 7]
49,5,7,[5, 66, 16, 8, 6]
50,4,5,[68, 21, 10, 7]
51,5,7,[5, 66, 16, 8, 6]
52,5,8,[6, 5, 66, 16, 8]
53,5,8,[5, 66, 16, 8, 6]
54,4,7,[68, 21, 10, 7]
55,5,5,[8, 6, 5, 66, 16]
56,5,8,[8, 6, 5, 66, 16]
57,5,9,[8, 6, 5, 66, 16]
58,5,9,[5, 66, 16, 8, 6]
59,5,8,[5, 66, 16, 8, 6]
60,4,5,[68, 21, 10, 7]
61,5,10,[8, 6, 5, 66, 16]
62,5,8,[5, 66, 16, 8, 6]
63,5,8,[8, 6, 5, 66, 16]
64,4,5,[68, 21, 10, 7]
65,5,6,[6, 5, 66, 16, 8]
66,5,4,[16, 8, 6, 5, 66]
67,5,8,[5, 66, 16, 8, 6]
68,4,3,[21, 10, 7, 68]
69,5,7,[6, 5, 66, 16, 8]
70,5,7,[5, 66, 16, 8, 6]
71,5,7,[6, 5, 66, 16, 8]
72,4,5,[68, 21, 10, 7]
73,5,9,[6, 5, 66, 16, 8]
74,5,6,[8, 6, 5, 66, 16]
75,5,8,[8, 6, 5, 66, 16]
76,5,9,[5, 66, 16, 8, 6]
77,5,6,[6, 5, 66, 16, 8]
78,5,6,[6, 5, 66, 16, 8]
79,5,6,[8, 6, 5, 66, 16]
80,5,8,[8, 6, 5, 66, 16]
81,4,5,[68, 21, 10, 7]
82,5,12,[8, 6, 5, 66, 16]
83,5,8,[5, 66, 16, 8, 6]
84,5,7,[5, 66, 16, 8, 6]
85,5,9,[8, 6, 5, 66, 16]
86,4,8,[68, 21, 10, 7]
87,4,5,[7, 68, 21, 10]
88,5,8,[6, 5, 66, 16, 8]
89,5,7,[6, 5, 66, 16, 8]
90,5,8,[8, 6, 5, 66, 16]
91,5,7,[5, 66, 16, 8, 6]
92,5,7,[5, 66, 16, 8, 6]
93,5,11,[8, 6, 5, 66, 16]
94,5,8,[5, 66, 16, 8, 6]
95,5,7,[5, 66, 16, 8, 6]
96,5,8,[8, 6, 5, 66, 16]
97,4,7,[68, 21, 10, 7]
98,5,5,[8, 6, 5, 66, 16]
99,5,8,[6, 5, 66, 16, 8]
100,5,7,[5, 66, 16, 8, 6]
101,5,8,[5, 66, 16, 8, 6]
102,5,9,[8, 6, 5, 66, 16]
103,4,9,[68, 21, 10, 7]
104,5,10,[8, 6, 5, 66, 16]
105,5,6,[6, 5, 66, 16, 8]
106,5,6,[8, 6, 5, 66, 16]
107,5,6,[8, 6, 5, 66, 16]
108,5,8,[8, 6, 5, 66, 16]
109,5,8,[5, 66, 16, 8, 6]
110,5,6,[6, 5, 66, 16, 8]
111,4,8,[68, 21, 10, 7]
112,5,6,[6, 5, 66, 16, 8]
113,5,12,[8, 6, 5, 66, 16]
114,5,7,[5, 66, 16, 8, 6]
115,4,8,[68, 21, 10, 7]
116,5,8,[5, 66, 16, 8, 6]
117,5,10,[8, 6, 5, 66, 16]
118,5,11,[8, 6, 5, 66, 16]
119,5,7,[5, 66, 16, 8, 6]
120,5,7,[5, 66, 16, 8, 6]
121,5,9,[8, 6, 5, 66, 16]
122,5,9,[8, 6, 5, 66, 16]
123,5,7,[6, 5, 66, 16, 8]
124,4,6,[68, 21, 10, 7]
125,5,6,[6, 5, 66, 16, 8]
126,5,6,[6, 5, 66, 16, 8]
127,5,9,[5, 66, 16, 8, 6]
128,5,7,[5, 66, 16, 8, 6]
129,4,6,[7, 68, 21, 10]
130,5,7,[5, 66, 16, 8, 6]
131,5,7,[6, 5, 66, 16, 8]
132,5,6,[6, 5, 66, 16, 8]
133,5,7,[6, 5, 66, 16, 8]
134,5,8,[6, 5, 66, 16, 8]
135,5,7,[5, 66, 16, 8, 6]
136,5,9,[5, 66, 16, 8, 6]
137,5,11,[8, 6, 5, 66, 16]
138,4,8,[68, 21, 10, 7]
139,5,6,[8, 6, 5, 66, 16]
140,5,5,[8, 6, 5, 66, 16]
141,4,6,[68, 21, 10, 7]
142,5,10,[6, 5, 66, 16, 8]
143,5,7,[5, 66, 16, 8, 6]
144,5,7,[5, 66, 16, 8, 6]
145,5,11,[8, 6, 5, 66, 16]
146,5,9,[8, 6, 5, 66, 16]
147,5,8,[6, 5, 66, 16, 8]
148,5,11,[8, 6, 5, 66, 16]
149,5,9,[6, 5, 66, 16, 8]
150,5,6,[6, 5, 66, 16, 8]
151,5,11,[8, 6, 5, 66, 16]
152,4,5,[7, 68, 21, 10]
153,5,9,[5, 66, 16, 8, 6]
154,5,7,[5, 66, 16, 8, 6]
155,4,5,[7, 68, 21, 10]
156,5,7,[5, 66, 16, 8, 6]
157,4,10,[68, 21, 10, 7]
158,4,6,[68, 21, 10, 7]
159,5,9,[8, 6, 5, 66, 16]
160,5,6,[6, 5, 66, 16, 8]
161,4,5,[7, 68, 21, 10]
162,5,7,[5, 66, 16, 8, 6]
163,5,9,[6, 5, 66, 16, 8]
164,4,8,[68, 21, 10, 7]
165,5,10,[8, 6, 5, 66, 16]
166,5,10,[8, 6, 5, 66, 16]
167,5,8,[6, 5, 66, 16, 8]
168,5,5,[8, 6, 5, 66, 16]
169,5,7,[6, 5, 66, 16, 8]
170,5,7,[5, 66, 16, 8, 6]
171,4,5,[7, 68, 21, 10]
172,5,10,[8, 6, 5, 66, 16]
173,4,5,[10, 7, 68, 21]
174,5,11,[8, 6, 5, 66, 16]
175,5,8,[6, 5, 66, 16, 8]
176,5,10,[8, 6, 5, 66, 16]
177,5,9,[5, 66, 16, 8, 6]
178,5,8,[5, 66, 16, 8, 6]
179,5,6,[8, 6, 5, 66, 16]
180,5,6,[6, 5, 66, 16, 8]
181,5,8,[5, 66, 16, 8, 6]
182,5,9,[8, 6, 5, 66, 16]
183,4,6,[68, 21, 10, 7]
184,5,10,[8, 6, 5, 66, 16]
185,4,6,[68, 21, 10, 7]
186,4,5,[7, 68, 21, 10]
187,4,8,[68, 21, 10, 7]
188,5,8,[5, 66, 16, 8, 6]
189,5,5,[8, 6, 5, 66, 16]
190,5,7,[6, 5, 66, 16, 8]
191,5,9,[6, 5, 66, 16, 8]
192,5,6,[6, 5, 66, 16, 8]
193,4,8,[7, 68, 21, 10]
194,5,9,[6, 5, 66, 16, 8]
195,4,4,[10, 7, 68, 21]
196,5,6,[6, 5, 66, 16, 8]
197,4,9,[68, 21, 10, 7]
198,5,10,[8, 6, 5, 66, 16]
199,5,10,[8, 6, 5, 66, 16]
200,5,5,[8, 6, 5, 66, 16]
