1,1,0,[1],[0]
2,5,4,[5, 6, 9, 24, 143],[1, 0, 0, 0, 0]
3,8,3,[7, 12, 19, 34, 64, 145, 157, 295],[1, 0, 1, 0, 0, 0, 1, 0]
4,1,0,[4],[0]
5,5,0,[5, 6, 9, 24, 143],[1, 0, 0, 0, 0]
6,5,0,[5, 6, 9, 24, 143],[1, 0, 0, 0, 0]
7,8,0,[7, 12, 19, 34, 64, 145, 157, 295],[1, 0, 1, 0, 0, 0, 1, 0]
8,5,1,[5, 6, 9, 24, 143],[1, 0, 0, 0, 0]
9,5,0,[5, 6, 9, 24, 143],[1, 0, 0, 0, 0]
10,8,1,[7, 12, 19, 34, 64, 145, 157, 295],[1, 0, 1, 0, 0, 0, 1, 0]
11,4,0,[11, 48, 149, 287],[1, 0, 1, 0]
12,8,0,[7, 12, 19, 34, 64, 145, 157, 295],[1, 0, 1, 0, 0, 0, 1, 0]
13,8,3,[7, 12, 19, 34, 64, 145, 157, 295],[1, 0, 1, 0, 0, 0, 1, 0]
14,5,1,[5, 6, 9, 24, 143],[1, 0, 0, 0, 0]
15,5,2,[5, 6, 9, 24, 143],[1, 0, 0, 0, 0]
16,5,2,[5, 6, 9, 24, 143],[1, 0, 0, 0, 0]
17,8,4,[7, 12, 19, 34, 64, 145, 157, 295],[1, 0, 1, 0, 0, 0, 1, 0]
18,5,2,[5, 6, 9, 24, 143],[1, 0, 0, 0, 0]
19,8,0,[7, 12, 19, 34, 64, 145, 157, 295],[1, 0, 1, 0, 0, 0, 1, 0]
20,5,1,[5, 6, 9, 24, 143],[1, 0, 0, 0, 0]
21,8,2,[7, 12, 19, 34, 64, 145, 157, 295],[1, 0, 1, 0, 0, 0, 1, 0]
22,8,4,[7, 12, 19, 34, 64, 145, 157, 295],[1, 0, 1, 0, 0, 0, 1, 0]
23,8,4,[7, 12, 19, 34, 64, 145, 157, 295],[1, 0, 1, 0, 0, 0, 1, 0]
24,5,0,[5, 6, 9, 24, 143],[1, 0, 0, 0, 0]
25,8,2,[7, 12, 19, 34, 64, 145, 157, 295],[1, 0, 1, 0, 0, 0, 1, 0]
26,5,3,[5, 6, 9, 24, 143],[1, 0, 0, 0, 0]
27,5,1,[5, 6, 9, 24, 143],[1, 0, 0, 0, 0]
28,4,1,[11, 48, 149, 287],[1, 0, 1, 0]
29,5,6,[5, 6, 9, 24, 143],[1, 0, 0, 0, 0]
30,8,2,[7, 12, 19, 34, 64, 145, 157, 295],[1, 0, 1, 0, 0, 0, 1, 0]
31,5,5,[5, 6, 9, 24, 143],[1, 0, 0, 0, 0]
32,8,2,[7, 12, 19, 34, 64, 145, 157, 295],[1, 0, 1, 0, 0, 0, 1, 0]
33,5,2,[5, 6, 9, 24, 143],[1, 0, 0, 0, 0]
34,8,0,[7, 12, 19, 34, 64, 145, 157, 295],[1, 0, 1, 0, 0, 0, 1, 0]
35,8,1,[7, 12, 19, 34, 64, 145, 157, 295],[1, 0, 1, 0, 0, 0, 1, 0]
36,8,2,[7, 12, 19, 34, 64, 145, 157, 295],[1, 0, 1, 0, 0, 0, 1, 0]
37,8,6,[7, 12, 19, 34, 64, 145, 157, 295],[1, 0, 1, 0, 0, 0, 1, 0]
38,8,3,[7, 12, 19, 34, 64, 145, 157, 295],[1, 0, 1, 0, 0, 0, 1, 0]
39,5,3,[5, 6, 9, 24, 143],[1, 0, 0, 0, 0]
40,4,1,[11, 48, 149, 287],[1, 0, 1, 0]
41,8,6,[7, 12, 19, 34, 64, 145, 157, 295],[1, 0, 1, 0, 0, 0, 1, 0]
42,8,1,[7, 12, 19, 34, 64, 145, 157, 295],[1, 0, 1, 0, 0, 0, 1, 0]
43,4,4,[11, 48, 149, 287],[1, 0, 1, 0]
44,5,3,[5, 6, 9, 24, 143],[1, 0, 0, 0, 0]
45,4,1,[11, 48, 149, 287],[1, 0, 1, 0]
46,8,3,[7, 12, 19, 34, 64, 145, 157, 295],[1, 0, 1, 0, 0, 0, 1, 0]
47,8,3,[7, 12, 19, 34, 64, 145, 157, 295],[1, 0, 1, 0, 0, 0, 1, 0]
48,4,0,[11, 48, 149, 287],[1, 0, 1, 0]
49,5,2,[5, 6, 9, 24, 143],[1, 0, 0, 0, 0]
50,8,1,[7, 12, 19, 34, 64, 145, 157, 295],[1, 0, 1, 0, 0, 0, 1, 0]
51,5,2,[5, 6, 9, 24, 143],[1, 0, 0, 0, 0]
52,8,5,[7, 12, 19, 34, 64, 145, 157, 295],[1, 0, 1, 0, 0, 0, 1, 0]
53,4,4,[11, 48, 149, 287],[1, 0, 1, 0]
54,4,1,[11, 48, 149, 287],[1, 0, 1, 0]
55,5,3,[5, 6, 9, 24, 143],[1, 0, 0, 0, 0]
56,8,4,[7, 12, 19, 34, 64, 145, 157, 295],[1, 0, 1, 0, 0, 0, 1, 0]
57,8,5,[7, 12, 19, 34, 64, 145, 157, 295],[1, 0, 1, 0, 0, 0, 1, 0]
58,5,6,[5, 6, 9, 24, 143],[1, 0, 0, 0, 0]
59,8,4,[7, 12, 19, 34, 64, 145, 157, 295],[1, 0, 1, 0, 0, 0, 1, 0]
60,8,1,[7, 12, 19, 34, 64, 145, 157, 295],[1, 0, 1, 0, 0, 0, 1, 0]
61,5,10,[5, 6, 9, 24, 143],[1, 0, 0, 0, 0]
62,5,3,[5, 6, 9, 24, 143],[1, 0, 0, 0, 0]
63,8,4,[7, 12, 19, 34, 64, 145, 157, 295],[1, 0, 1, 0, 0, 0, 1, 0]
64,8,0,[7, 12, 19, 34, 64, 145, 157, 295],[1, 0, 1, 0, 0, 0, 1, 0]
65,5,3,[5, 6, 9, 24, 143],[1, 0, 0, 0, 0]
66,5,3,[5, 6, 9, 24, 143],[1, 0, 0, 0, 0]
67,8,5,[7, 12, 19, 34, 64, 145, 157, 295],[1, 0, 1, 0, 0, 0, 1, 0]
68,8,3,[7, 12, 19, 34, 64, 145, 157, 295],[1, 0, 1, 0, 0, 0, 1, 0]
69,5,4,[5, 6, 9, 24, 143],[1, 0, 0, 0, 0]
70,5,2,[5, 6, 9, 24, 143],[1, 0, 0, 0, 0]
71,8,4,[7, 12, 19, 34, 64, 145, 157, 295],[1, 0, 1, 0, 0, 0, 1, 0]
72,8,1,[7, 12, 19, 34, 64, 145, 157, 295],[1, 0, 1, 0, 0, 0, 1, 0]
73,5,6,[5, 6, 9, 24, 143],[1, 0, 0, 0, 0]
74,5,4,[5, 6, 9, 24, 143],[1, 0, 0, 0, 0]
75,8,4,[7, 12, 19, 34, 64, 145, 157, 295],[1, 0, 1, 0, 0, 0, 1, 0]
76,8,5,[7, 12, 19, 34, 64, 145, 157, 295],[1, 0, 1, 0, 0, 0, 1, 0]
77,5,3,[5, 6, 9, 24, 143],[1, 0, 0, 0, 0]
78,5,3,[5, 6, 9, 24, 143],[1, 0, 0, 0, 0]
79,8,5,[7, 12, 19, 34, 64, 145, 157, 295],[1, 0, 1, 0, 0, 0, 1, 0]
80,8,4,[7, 12, 19, 34, 64, 145, 157, 295],[1, 0, 1, 0, 0, 0, 1, 0]
81,8,1,[7, 12, 19, 34, 64, 145, 157, 295],[1, 0, 1, 0, 0, 0, 1, 0]
82,4,5,[11, 48, 149, 287],[1, 0, 1, 0]
83,8,4,[7, 12, 19, 34, 64, 145, 157, 295],[1, 0, 1, 0, 0, 0, 1, 0]
84,5,2,[5, 6, 9, 24, 143],[1, 0, 0, 0, 0]
85,8,5,[7, 12, 19, 34, 64, 145, 157, 295],[1, 0, 1, 0, 0, 0, 1, 0]
86,4,2,[11, 48, 149, 287],[1, 0, 1, 0]
87,8,3,[7, 12, 19, 34, 64, 145, 157, 295],[1, 0, 1, 0, 0, 0, 1, 0]
88,8,5,[7, 12, 19, 34, 64, 145, 157, 295],[1, 0, 1, 0, 0, 0, 1, 0]
89,5,6,[5, 6, 9, 24, 143],[1, 0, 0, 0, 0]
90,8,4,[7, 12, 19, 34, 64, 145, 157, 295],[1, 0, 1, 0, 0, 0, 1, 0]
91,5,2,[5, 6, 9, 24, 143],[1, 0, 0, 0, 0]
92,5,2,[5, 6, 9, 24, 143],[1, 0, 0, 0, 0]
93,8,1,[7, 12, 19, 34, 64, 145, 157, 295],[1, 0, 1, 0, 0, 0, 1, 0]
94,5,3,[5, 6, 9, 24, 143],[1, 0, 0, 0, 0]
95,5,1,[5, 6, 9, 24, 143],[1, 0, 0, 0, 0]
96,8,4,[7, 12, 19, 34, 64, 145, 157, 295],[1, 0, 1, 0, 0, 0, 1, 0]
97,8,7,[7, 12, 19, 34, 64, 145, 157, 295],[1, 0, 1, 0, 0, 0, 1, 0]
98,5,3,[5, 6, 9, 24, 143],[1, 0, 0, 0, 0]
99,8,5,[7, 12, 19, 34, 64, 145, 157, 295],[1, 0, 1, 0, 0, 0, 1, 0]
100,5,2,[5, 6, 9, 24, 143],[1, 0, 0, 0, 0]
