1,1,0,[1],[0]
2,10,3,[7, 10, 23, 30, 43, 941, 957, 977, 1875, 1911],[1, 0, 1, 0, 1, 1, 0, 1, 0, 0]
3,10,5,[7, 10, 23, 30, 43, 941, 957, 977, 1875, 1911],[1, 0, 1, 0, 1, 1, 0, 1, 0, 0]
4,1,0,[4],[0]
5,9,0,[5, 6, 9, 24, 83, 119, 316, 939, 1017],[1, 0, 0, 0, 1, 0, 0, 0, 0]
6,9,0,[5, 6, 9, 24, 83, 119, 316, 939, 1017],[1, 0, 0, 0, 1, 0, 0, 0, 0]
7,10,0,[7, 10, 23, 30, 43, 941, 957, 977, 1875, 1911],[1, 0, 1, 0, 1, 1, 0, 1, 0, 0]
8,9,1,[5, 6, 9, 24, 83, 119, 316, 939, 1017],[1, 0, 0, 0, 1, 0, 0, 0, 0]
9,9,0,[5, 6, 9, 24, 83, 119, 316, 939, 1017],[1, 0, 0, 0, 1, 0, 0, 0, 0]
10,10,0,[7, 10, 23, 30, 43, 941, 957, 977, 1875, 1911],[1, 0, 1, 0, 1, 1, 0, 1, 0, 0]
11,10,3,[7, 10, 23, 30, 43, 941, 957, 977, 1875, 1911],[1, 0, 1, 0, 1, 1, 0, 1, 0, 0]
12,10,1,[7, 10, 23, 30, 43, 941, 957, 977, 1875, 1911],[1, 0, 1, 0, 1, 1, 0, 1, 0, 0]
13,10,4,[7, 10, 23, 30, 43, 941, 957, 977, 1875, 1911],[1, 0, 1, 0, 1, 1, 0, 1, 0, 0]
14,9,1,[5, 6, 9, 24, 83, 119, 316, 939, 1017],[1, 0, 0, 0, 1, 0, 0, 0, 0]
15,9,2,[5, 6, 9, 24, 83, 119, 316, 939, 1017],[1, 0, 0, 0, 1, 0, 0, 0, 0]
16,9,2,[5, 6, 9, 24, 83, 119, 316, 939, 1017],[1, 0, 0, 0, 1, 0, 0, 0, 0]
17,3,0,[17, 320, 951],[1, 0, 0]
18,9,2,[5, 6, 9, 24, 83, 119, 316, 939, 1017],[1, 0, 0, 0, 1, 0, 0, 0, 0]
19,10,9,[7, 10, 23, 30, 43, 941, 957, 977, 1875, 1911],[1, 0, 1, 0, 1, 1, 0, 1, 0, 0]
20,9,1,[5, 6, 9, 24, 83, 119, 316, 939, 1017],[1, 0, 0, 0, 1, 0, 0, 0, 0]
21,10,1,[7, 10, 23, 30, 43, 941, 957, 977, 1875, 1911],[1, 0, 1, 0, 1, 1, 0, 1, 0, 0]
22,10,5,[7, 10, 23, 30, 43, 941, 957, 977, 1875, 1911],[1, 0, 1, 0, 1, 1, 0, 1, 0, 0]
23,10,0,[7, 10, 23, 30, 43, 941, 957, 977, 1875, 1911],[1, 0, 1, 0, 1, 1, 0, 1, 0, 0]
24,9,0,[5, 6, 9, 24, 83, 119, 316, 939, 1017],[1, 0, 0, 0, 1, 0, 0, 0, 0]
25,10,1,[7, 10, 23, 30, 43, 941, 957, 977, 1875, 1911],[1, 0, 1, 0, 1, 1, 0, 1, 0, 0]
26,9,3,[5, 6, 9, 24, 83, 119, 316, 939, 1017],[1, 0, 0, 0, 1, 0, 0, 0, 0]
27,9,1,[5, 6, 9, 24, 83, 119, 316, 939, 1017],[1, 0, 0, 0, 1, 0, 0, 0, 0]
28,10,4,[7, 10, 23, 30, 43, 941, 957, 977, 1875, 1911],[1, 0, 1, 0, 1, 1, 0, 1, 0, 0]
29,10,6,[7, 10, 23, 30, 43, 941, 957, 977, 1875, 1911],[1, 0, 1, 0, 1, 1, 0, 1, 0, 0]
30,10,0,[7, 10, 23, 30, 43, 941, 957, 977, 1875, 1911],[1, 0, 1, 0, 1, 1, 0, 1, 0, 0]
31,10,12,[7, 10, 23, 30, 43, 941, 957, 977, 1875, 1911],[1, 0, 1, 0, 1, 1, 0, 1, 0, 0]
32,10,1,[7, 10, 23, 30, 43, 941, 957, 977, 1875, 1911],[1, 0, 1, 0, 1, 1, 0, 1, 0, 0]
33,9,2,[5, 6, 9, 24, 83, 119, 316, 939, 1017],[1, 0, 0, 0, 1, 0, 0, 0, 0]
34,10,10,[7, 10, 23, 30, 43, 941, 957, 977, 1875, 1911],[1, 0, 1, 0, 1, 1, 0, 1, 0, 0]
35,10,2,[7, 10, 23, 30, 43, 941, 957, 977, 1875, 1911],[1, 0, 1, 0, 1, 1, 0, 1, 0, 0]
36,10,1,[7, 10, 23, 30, 43, 941, 957, 977, 1875, 1911],[1, 0, 1, 0, 1, 1, 0, 1, 0, 0]
37,9,5,[5, 6, 9, 24, 83, 119, 316, 939, 1017],[1, 0, 0, 0, 1, 0, 0, 0, 0]
38,10,2,[7, 10, 23, 30, 43, 941, 957, 977, 1875, 1911],[1, 0, 1, 0, 1, 1, 0, 1, 0, 0]
39,9,3,[5, 6, 9, 24, 83, 119, 316, 939, 1017],[1, 0, 0, 0, 1, 0, 0, 0, 0]
40,10,4,[7, 10, 23, 30, 43, 941, 957, 977, 1875, 1911],[1, 0, 1, 0, 1, 1, 0, 1, 0, 0]
41,9,5,[5, 6, 9, 24, 83, 119, 316, 939, 1017],[1, 0, 0, 0, 1, 0, 0, 0, 0]
42,10,2,[7, 10, 23, 30, 43, 941, 957, 977, 1875, 1911],[1, 0, 1, 0, 1, 1, 0, 1, 0, 0]
43,10,0,[7, 10, 23, 30, 43, 941, 957, 977, 1875, 1911],[1, 0, 1, 0, 1, 1, 0, 1, 0, 0]
44,9,3,[5, 6, 9, 24, 83, 119, 316, 939, 1017],[1, 0, 0, 0, 1, 0, 0, 0, 0]
45,10,4,[7, 10, 23, 30, 43, 941, 957, 977, 1875, 1911],[1, 0, 1, 0, 1, 1, 0, 1, 0, 0]
46,10,2,[7, 10, 23, 30, 43, 941, 957, 977, 1875, 1911],[1, 0, 1, 0, 1, 1, 0, 1, 0, 0]
47,10,7,[7, 10, 23, 30, 43, 941, 957, 977, 1875, 1911],[1, 0, 1, 0, 1, 1, 0, 1, 0, 0]
48,10,4,[7, 10, 23, 30, 43, 941, 957, 977, 1875, 1911],[1, 0, 1, 0, 1, 1, 0, 1, 0, 0]
49,9,2,[5, 6, 9, 24, 83, 119, 316, 939, 1017],[1, 0, 0, 0, 1, 0, 0, 0, 0]
50,10,2,[7, 10, 23, 30, 43, 941, 957, 977, 1875, 1911],[1, 0, 1, 0, 1, 1, 0, 1, 0, 0]
51,9,2,[5, 6, 9, 24, 83, 119, 316, 939, 1017],[1, 0, 0, 0, 1, 0, 0, 0, 0]
52,3,1,[17, 320, 951],[1, 0, 0]
53,10,8,[7, 10, 23, 30, 43, 941, 957, 977, 1875, 1911],[1, 0, 1, 0, 1, 1, 0, 1, 0, 0]
54,10,4,[7, 10, 23, 30, 43, 941, 957, 977, 1875, 1911],[1, 0, 1, 0, 1, 1, 0, 1, 0, 0]
55,9,3,[5, 6, 9, 24, 83, 119, 316, 939, 1017],[1, 0, 0, 0, 1, 0, 0, 0, 0]
56,10,5,[7, 10, 23, 30, 43, 941, 957, 977, 1875, 1911],[1, 0, 1, 0, 1, 1, 0, 1, 0, 0]
57,10,6,[7, 10, 23, 30, 43, 941, 957, 977, 1875, 1911],[1, 0, 1, 0, 1, 1, 0, 1, 0, 0]
58,10,13,[7, 10, 23, 30, 43, 941, 957, 977, 1875, 1911],[1, 0, 1, 0, 1, 1, 0, 1, 0, 0]
59,9,7,[5, 6, 9, 24, 83, 119, 316, 939, 1017],[1, 0, 0, 0, 1, 0, 0, 0, 0]
60,10,2,[7, 10, 23, 30, 43, 941, 957, 977, 1875, 1911],[1, 0, 1, 0, 1, 1, 0, 1, 0, 0]
61,9,3,[5, 6, 9, 24, 83, 119, 316, 939, 1017],[1, 0, 0, 0, 1, 0, 0, 0, 0]
62,9,3,[5, 6, 9, 24, 83, 119, 316, 939, 1017],[1, 0, 0, 0, 1, 0, 0, 0, 0]
63,10,5,[7, 10, 23, 30, 43, 941, 957, 977, 1875, 1911],[1, 0, 1, 0, 1, 1, 0, 1, 0, 0]
64,10,2,[7, 10, 23, 30, 43, 941, 957, 977, 1875, 1911],[1, 0, 1, 0, 1, 1, 0, 1, 0, 0]
65,9,3,[5, 6, 9, 24, 83, 119, 316, 939, 1017],[1, 0, 0, 0, 1, 0, 0, 0, 0]
66,9,3,[5, 6, 9, 24, 83, 119, 316, 939, 1017],[1, 0, 0, 0, 1, 0, 0, 0, 0]
67,10,14,[7, 10, 23, 30, 43, 941, 957, 977, 1875, 1911],[1, 0, 1, 0, 1, 1, 0, 1, 0, 0]
68,10,2,[7, 10, 23, 30, 43, 941, 957, 977, 1875, 1911],[1, 0, 1, 0, 1, 1, 0, 1, 0, 0]
69,9,4,[5, 6, 9, 24, 83, 119, 316, 939, 1017],[1, 0, 0, 0, 1, 0, 0, 0, 0]
70,9,2,[5, 6, 9, 24, 83, 119, 316, 939, 1017],[1, 0, 0, 0, 1, 0, 0, 0, 0]
71,10,7,[7, 10, 23, 30, 43, 941, 957, 977, 1875, 1911],[1, 0, 1, 0, 1, 1, 0, 1, 0, 0]
72,10,2,[7, 10, 23, 30, 43, 941, 957, 977, 1875, 1911],[1, 0, 1, 0, 1, 1, 0, 1, 0, 0]
73,10,4,[7, 10, 23, 30, 43, 941, 957, 977, 1875, 1911],[1, 0, 1, 0, 1, 1, 0, 1, 0, 0]
74,9,4,[5, 6, 9, 24, 83, 119, 316, 939, 1017],[1, 0, 0, 0, 1, 0, 0, 0, 0]
75,10,5,[7, 10, 23, 30, 43, 941, 957, 977, 1875, 1911],[1, 0, 1, 0, 1, 1, 0, 1, 0, 0]
76,10,1,[7, 10, 23, 30, 43, 941, 957, 977, 1875, 1911],[1, 0, 1, 0, 1, 1, 0, 1, 0, 0]
77,9,3,[5, 6, 9, 24, 83, 119, 316, 939, 1017],[1, 0, 0, 0, 1, 0, 0, 0, 0]
78,9,3,[5, 6, 9, 24, 83, 119, 316, 939, 1017],[1, 0, 0, 0, 1, 0, 0, 0, 0]
79,10,7,[7, 10, 23, 30, 43, 941, 957, 977, 1875, 1911],[1, 0, 1, 0, 1, 1, 0, 1, 0, 0]
80,10,5,[7, 10, 23, 30, 43, 941, 957, 977, 1875, 1911],[1, 0, 1, 0, 1, 1, 0, 1, 0, 0]
81,10,2,[7, 10, 23, 30, 43, 941, 957, 977, 1875, 1911],[1, 0, 1, 0, 1, 1, 0, 1, 0, 0]
82,10,1,[7, 10, 23, 30, 43, 941, 957, 977, 1875, 1911],[1, 0, 1, 0, 1, 1, 0, 1, 0, 0]
83,9,0,[5, 6, 9, 24, 83, 119, 316, 939, 1017],[1, 0, 0, 0, 1, 0, 0, 0, 0]
84,9,2,[5, 6, 9, 24, 83, 119, 316, 939, 1017],[1, 0, 0, 0, 1, 0, 0, 0, 0]
85,10,6,[7, 10, 23, 30, 43, 941, 957, 977, 1875, 1911],[1, 0, 1, 0, 1, 1, 0, 1, 0, 0]
86,10,5,[7, 10, 23, 30, 43, 941, 957, 977, 1875, 1911],[1, 0, 1, 0, 1, 1, 0, 1, 0, 0]
87,10,2,[7, 10, 23, 30, 43, 941, 957, 977, 1875, 1911],[1, 0, 1, 0, 1, 1, 0, 1, 0, 0]
88,3,1,[17, 320, 951],[1, 0, 0]
89,10,6,[7, 10, 23, 30, 43, 941, 957, 977, 1875, 1911],[1, 0, 1, 0, 1, 1, 0, 1, 0, 0]
90,10,5,[7, 10, 23, 30, 43, 941, 957, 977, 1875, 1911],[1, 0, 1, 0, 1, 1, 0, 1, 0, 0]
91,9,2,[5, 6, 9, 24, 83, 119, 316, 939, 1017],[1, 0, 0, 0, 1, 0, 0, 0, 0]
92,9,2,[5, 6, 9, 24, 83, 119, 316, 939, 1017],[1, 0, 0, 0, 1, 0, 0, 0, 0]
93,10,11,[7, 10, 23, 30, 43, 941, 957, 977, 1875, 1911],[1, 0, 1, 0, 1, 1, 0, 1, 0, 0]
94,9,3,[5, 6, 9, 24, 83, 119, 316, 939, 1017],[1, 0, 0, 0, 1, 0, 0, 0, 0]
95,9,1,[5, 6, 9, 24, 83, 119, 316, 939, 1017],[1, 0, 0, 0, 1, 0, 0, 0, 0]
96,10,5,[7, 10, 23, 30, 43, 941, 957, 977, 1875, 1911],[1, 0, 1, 0, 1, 1, 0, 1, 0, 0]
97,9,8,[5, 6, 9, 24, 83, 119, 316, 939, 1017],[1, 0, 0, 0, 1, 0, 0, 0, 0]
98,9,3,[5, 6, 9, 24, 83, 119, 316, 939, 1017],[1, 0, 0, 0, 1, 0, 0, 0, 0]
99,3,1,[17, 320, 951],[1, 0, 0]
100,9,2,[5, 6, 9, 24, 83, 119, 316, 939, 1017],[1, 0, 0, 0, 1, 0, 0, 0, 0]
