1,1,0,[1],[0]
2,4,8,[7, 12, 72, 1007],[1, 0, 0, 0]
3,4,15,[13, 75, 1013, 2013],[1, 0, 1, 0]
4,1,0,[4],[0]
5,4,2,[13, 75, 1013, 2013],[1, 0, 1, 0]
6,4,3,[13, 75, 1013, 2013],[1, 0, 1, 0]
7,4,0,[7, 12, 72, 1007],[1, 0, 0, 0]
8,4,4,[13, 75, 1013, 2013],[1, 0, 1, 0]
9,4,4,[13, 75, 1013, 2013],[1, 0, 1, 0]
10,4,1,[7, 12, 72, 1007],[1, 0, 0, 0]
11,4,9,[13, 75, 1013, 2013],[1, 0, 1, 0]
12,4,0,[7, 12, 72, 1007],[1, 0, 0, 0]
13,4,0,[13, 75, 1013, 2013],[1, 0, 1, 0]
14,4,5,[13, 75, 1013, 2013],[1, 0, 1, 0]
15,4,5,[13, 75, 1013, 2013],[1, 0, 1, 0]
16,4,5,[13, 75, 1013, 2013],[1, 0, 1, 0]
17,4,8,[13, 75, 1013, 2013],[1, 0, 1, 0]
18,4,5,[13, 75, 1013, 2013],[1, 0, 1, 0]
19,4,6,[7, 12, 72, 1007],[1, 0, 0, 0]
20,4,5,[13, 75, 1013, 2013],[1, 0, 1, 0]
21,4,2,[7, 12, 72, 1007],[1, 0, 0, 0]
22,4,1,[13, 75, 1013, 2013],[1, 0, 1, 0]
23,4,12,[13, 75, 1013, 2013],[1, 0, 1, 0]
24,4,5,[13, 75, 1013, 2013],[1, 0, 1, 0]
25,4,2,[7, 12, 72, 1007],[1, 0, 0, 0]
26,4,6,[13, 75, 1013, 2013],[1, 0, 1, 0]
27,4,5,[13, 75, 1013, 2013],[1, 0, 1, 0]
28,4,10,[13, 75, 1013, 2013],[1, 0, 1, 0]
29,4,7,[13, 75, 1013, 2013],[1, 0, 1, 0]
30,4,2,[7, 12, 72, 1007],[1, 0, 0, 0]
31,4,14,[13, 75, 1013, 2013],[1, 0, 1, 0]
32,4,2,[7, 12, 72, 1007],[1, 0, 0, 0]
33,4,6,[13, 75, 1013, 2013],[1, 0, 1, 0]
34,4,7,[7, 12, 72, 1007],[1, 0, 0, 0]
35,4,1,[7, 12, 72, 1007],[1, 0, 0, 0]
36,4,2,[7, 12, 72, 1007],[1, 0, 0, 0]
37,4,8,[13, 75, 1013, 2013],[1, 0, 1, 0]
38,4,3,[7, 12, 72, 1007],[1, 0, 0, 0]
39,4,6,[13, 75, 1013, 2013],[1, 0, 1, 0]
40,4,10,[13, 75, 1013, 2013],[1, 0, 1, 0]
41,4,9,[7, 12, 72, 1007],[1, 0, 0, 0]
42,4,1,[7, 12, 72, 1007],[1, 0, 0, 0]
43,4,8,[13, 75, 1013, 2013],[1, 0, 1, 0]
44,4,6,[13, 75, 1013, 2013],[1, 0, 1, 0]
45,4,10,[13, 75, 1013, 2013],[1, 0, 1, 0]
46,4,3,[7, 12, 72, 1007],[1, 0, 0, 0]
47,4,5,[7, 12, 72, 1007],[1, 0, 0, 0]
48,4,10,[13, 75, 1013, 2013],[1, 0, 1, 0]
49,4,6,[13, 75, 1013, 2013],[1, 0, 1, 0]
50,4,1,[7, 12, 72, 1007],[1, 0, 0, 0]
51,4,6,[13, 75, 1013, 2013],[1, 0, 1, 0]
52,4,9,[13, 75, 1013, 2013],[1, 0, 1, 0]
53,4,4,[7, 12, 72, 1007],[1, 0, 0, 0]
54,4,10,[13, 75, 1013, 2013],[1, 0, 1, 0]
55,4,6,[13, 75, 1013, 2013],[1, 0, 1, 0]
56,4,1,[13, 75, 1013, 2013],[1, 0, 1, 0]
57,4,2,[13, 75, 1013, 2013],[1, 0, 1, 0]
58,4,15,[13, 75, 1013, 2013],[1, 0, 1, 0]
59,4,11,[7, 12, 72, 1007],[1, 0, 0, 0]
60,4,1,[7, 12, 72, 1007],[1, 0, 0, 0]
61,4,13,[13, 75, 1013, 2013],[1, 0, 1, 0]
62,4,7,[13, 75, 1013, 2013],[1, 0, 1, 0]
63,4,1,[13, 75, 1013, 2013],[1, 0, 1, 0]
64,4,1,[7, 12, 72, 1007],[1, 0, 0, 0]
65,4,6,[13, 75, 1013, 2013],[1, 0, 1, 0]
66,4,6,[13, 75, 1013, 2013],[1, 0, 1, 0]
67,4,3,[13, 75, 1013, 2013],[1, 0, 1, 0]
68,4,3,[7, 12, 72, 1007],[1, 0, 0, 0]
69,4,7,[13, 75, 1013, 2013],[1, 0, 1, 0]
70,4,6,[13, 75, 1013, 2013],[1, 0, 1, 0]
71,4,4,[7, 12, 72, 1007],[1, 0, 0, 0]
72,4,0,[7, 12, 72, 1007],[1, 0, 0, 0]
73,4,8,[13, 75, 1013, 2013],[1, 0, 1, 0]
74,4,7,[13, 75, 1013, 2013],[1, 0, 1, 0]
75,4,0,[13, 75, 1013, 2013],[1, 0, 1, 0]
76,4,13,[13, 75, 1013, 2013],[1, 0, 1, 0]
77,4,6,[13, 75, 1013, 2013],[1, 0, 1, 0]
78,4,6,[13, 75, 1013, 2013],[1, 0, 1, 0]
79,4,3,[13, 75, 1013, 2013],[1, 0, 1, 0]
80,4,1,[13, 75, 1013, 2013],[1, 0, 1, 0]
81,4,1,[7, 12, 72, 1007],[1, 0, 0, 0]
82,4,9,[13, 75, 1013, 2013],[1, 0, 1, 0]
83,4,11,[7, 12, 72, 1007],[1, 0, 0, 0]
84,4,6,[13, 75, 1013, 2013],[1, 0, 1, 0]
85,4,2,[13, 75, 1013, 2013],[1, 0, 1, 0]
86,4,11,[13, 75, 1013, 2013],[1, 0, 1, 0]
87,4,3,[7, 12, 72, 1007],[1, 0, 0, 0]
88,4,9,[13, 75, 1013, 2013],[1, 0, 1, 0]
89,4,12,[13, 75, 1013, 2013],[1, 0, 1, 0]
90,4,1,[13, 75, 1013, 2013],[1, 0, 1, 0]
91,4,6,[13, 75, 1013, 2013],[1, 0, 1, 0]
92,4,6,[13, 75, 1013, 2013],[1, 0, 1, 0]
93,4,8,[7, 12, 72, 1007],[1, 0, 0, 0]
94,4,7,[13, 75, 1013, 2013],[1, 0, 1, 0]
95,4,6,[13, 75, 1013, 2013],[1, 0, 1, 0]
96,4,1,[13, 75, 1013, 2013],[1, 0, 1, 0]
97,4,12,[13, 75, 1013, 2013],[1, 0, 1, 0]
98,4,6,[13, 75, 1013, 2013],[1, 0, 1, 0]
99,4,9,[13, 75, 1013, 2013],[1, 0, 1, 0]
100,4,6,[13, 75, 1013, 2013],[1, 0, 1, 0]
