1  1  0 [1]
2  8  3 [8, 6, 5, 42, 12, 7, 44, 15]
3  2  2 [11, 48]
4  1  0 [4]
5  8  0 [5, 42, 12, 7, 44, 15, 8, 6]
6  8  0 [6, 5, 42, 12, 7, 44, 15, 8]
7  8  0 [7, 44, 15, 8, 6, 5, 42, 12]
8  8  0 [8, 6, 5, 42, 12, 7, 44, 15]
9  8  1 [6, 5, 42, 12, 7, 44, 15, 8]
10  8  1 [7, 44, 15, 8, 6, 5, 42, 12]
11  2  0 [11, 48]
12  8  0 [12, 7, 44, 15, 8, 6, 5, 42]
13  8  2 [12, 7, 44, 15, 8, 6, 5, 42]
14  8  2 [6, 5, 42, 12, 7, 44, 15, 8]
15  8  0 [15, 8, 6, 5, 42, 12, 7, 44]
16  8  1 [8, 6, 5, 42, 12, 7, 44, 15]
17  2  2 [11, 48]
18  8  1 [8, 6, 5, 42, 12, 7, 44, 15]
19  8  4 [12, 7, 44, 15, 8, 6, 5, 42]
20  8  2 [6, 5, 42, 12, 7, 44, 15, 8]
21  8  2 [7, 44, 15, 8, 6, 5, 42, 12]
22  8  3 [12, 7, 44, 15, 8, 6, 5, 42]
23  8  2 [12, 7, 44, 15, 8, 6, 5, 42]
24  8  2 [6, 5, 42, 12, 7, 44, 15, 8]
25  8  2 [7, 44, 15, 8, 6, 5, 42, 12]
26  8  1 [15, 8, 6, 5, 42, 12, 7, 44]
27  8  2 [6, 5, 42, 12, 7, 44, 15, 8]
28  2  1 [11, 48]
29  8  3 [8, 6, 5, 42, 12, 7, 44, 15]
30  8  2 [7, 44, 15, 8, 6, 5, 42, 12]
31  8  4 [7, 44, 15, 8, 6, 5, 42, 12]
32  8  2 [7, 44, 15, 8, 6, 5, 42, 12]
33  8  3 [6, 5, 42, 12, 7, 44, 15, 8]
34  8  5 [12, 7, 44, 15, 8, 6, 5, 42]
35  8  1 [12, 7, 44, 15, 8, 6, 5, 42]
36  8  2 [7, 44, 15, 8, 6, 5, 42, 12]
37  8  4 [8, 6, 5, 42, 12, 7, 44, 15]
38  8  3 [7, 44, 15, 8, 6, 5, 42, 12]
39  8  2 [8, 6, 5, 42, 12, 7, 44, 15]
40  2  1 [11, 48]
41  8  3 [8, 6, 5, 42, 12, 7, 44, 15]
42  8  0 [42, 12, 7, 44, 15, 8, 6, 5]
43  8  4 [12, 7, 44, 15, 8, 6, 5, 42]
44  8  0 [44, 15, 8, 6, 5, 42, 12, 7]
45  2  1 [11, 48]
46  8  3 [7, 44, 15, 8, 6, 5, 42, 12]
47  8  4 [6, 5, 42, 12, 7, 44, 15, 8]
48  2  0 [48, 11]
49  8  3 [6, 5, 42, 12, 7, 44, 15, 8]
50  8  1 [12, 7, 44, 15, 8, 6, 5, 42]
51  8  3 [6, 5, 42, 12, 7, 44, 15, 8]
52  2  3 [11, 48]
53  8  4 [12, 7, 44, 15, 8, 6, 5, 42]
54  2  1 [11, 48]
55  8  2 [8, 6, 5, 42, 12, 7, 44, 15]
56  8  3 [12, 7, 44, 15, 8, 6, 5, 42]
57  8  4 [12, 7, 44, 15, 8, 6, 5, 42]
58  8  5 [7, 44, 15, 8, 6, 5, 42, 12]
59  8  4 [12, 7, 44, 15, 8, 6, 5, 42]
60  8  1 [12, 7, 44, 15, 8, 6, 5, 42]
61  8  3 [8, 6, 5, 42, 12, 7, 44, 15]
62  8  4 [6, 5, 42, 12, 7, 44, 15, 8]
63  8  3 [12, 7, 44, 15, 8, 6, 5, 42]
64  8  1 [12, 7, 44, 15, 8, 6, 5, 42]
65  8  2 [8, 6, 5, 42, 12, 7, 44, 15]
66  8  2 [8, 6, 5, 42, 12, 7, 44, 15]
67  8  6 [12, 7, 44, 15, 8, 6, 5, 42]
68  8  3 [7, 44, 15, 8, 6, 5, 42, 12]
69  8  2 [15, 8, 6, 5, 42, 12, 7, 44]
70  8  3 [6, 5, 42, 12, 7, 44, 15, 8]
71  8  4 [12, 7, 44, 15, 8, 6, 5, 42]
72  8  1 [12, 7, 44, 15, 8, 6, 5, 42]
73  8  3 [8, 6, 5, 42, 12, 7, 44, 15]
74  8  3 [8, 6, 5, 42, 12, 7, 44, 15]
75  8  3 [12, 7, 44, 15, 8, 6, 5, 42]
76  8  3 [12, 7, 44, 15, 8, 6, 5, 42]
77  8  2 [8, 6, 5, 42, 12, 7, 44, 15]
78  8  2 [8, 6, 5, 42, 12, 7, 44, 15]
79  8  5 [6, 5, 42, 12, 7, 44, 15, 8]
80  8  3 [12, 7, 44, 15, 8, 6, 5, 42]
81  8  1 [12, 7, 44, 15, 8, 6, 5, 42]
82  8  5 [12, 7, 44, 15, 8, 6, 5, 42]
83  8  4 [6, 5, 42, 12, 7, 44, 15, 8]
84  8  3 [6, 5, 42, 12, 7, 44, 15, 8]
85  8  4 [12, 7, 44, 15, 8, 6, 5, 42]
86  2  2 [11, 48]
87  8  3 [7, 44, 15, 8, 6, 5, 42, 12]
88  2  3 [11, 48]
89  8  2 [15, 8, 6, 5, 42, 12, 7, 44]
90  8  3 [12, 7, 44, 15, 8, 6, 5, 42]
91  8  3 [6, 5, 42, 12, 7, 44, 15, 8]
92  8  3 [6, 5, 42, 12, 7, 44, 15, 8]
93  8  6 [12, 7, 44, 15, 8, 6, 5, 42]
94  8  4 [6, 5, 42, 12, 7, 44, 15, 8]
95  8  3 [6, 5, 42, 12, 7, 44, 15, 8]
96  8  3 [12, 7, 44, 15, 8, 6, 5, 42]
97  8  4 [15, 8, 6, 5, 42, 12, 7, 44]
98  8  2 [8, 6, 5, 42, 12, 7, 44, 15]
99  2  3 [11, 48]
100  8  3 [6, 5, 42, 12, 7, 44, 15, 8]
