1,1,0,[1],[0]
2,8,3,[5, 6, 8, 16, 47, 140, 369, 411],[1, 0, 0, 0, 1, 0, 0, 0]
3,4,3,[7, 12, 60, 371],[1, 0, 0, 0]
4,1,0,[4],[0]
5,8,0,[5, 6, 8, 16, 47, 140, 369, 411],[1, 0, 0, 0, 1, 0, 0, 0]
6,8,0,[5, 6, 8, 16, 47, 140, 369, 411],[1, 0, 0, 0, 1, 0, 0, 0]
7,4,0,[7, 12, 60, 371],[1, 0, 0, 0]
8,8,0,[5, 6, 8, 16, 47, 140, 369, 411],[1, 0, 0, 0, 1, 0, 0, 0]
9,8,1,[5, 6, 8, 16, 47, 140, 369, 411],[1, 0, 0, 0, 1, 0, 0, 0]
10,4,1,[7, 12, 60, 371],[1, 0, 0, 0]
11,8,3,[5, 6, 8, 16, 47, 140, 369, 411],[1, 0, 0, 0, 1, 0, 0, 0]
12,4,0,[7, 12, 60, 371],[1, 0, 0, 0]
13,4,3,[7, 12, 60, 371],[1, 0, 0, 0]
14,8,2,[5, 6, 8, 16, 47, 140, 369, 411],[1, 0, 0, 0, 1, 0, 0, 0]
15,8,1,[5, 6, 8, 16, 47, 140, 369, 411],[1, 0, 0, 0, 1, 0, 0, 0]
16,8,0,[5, 6, 8, 16, 47, 140, 369, 411],[1, 0, 0, 0, 1, 0, 0, 0]
17,8,5,[5, 6, 8, 16, 47, 140, 369, 411],[1, 0, 0, 0, 1, 0, 0, 0]
18,8,1,[5, 6, 8, 16, 47, 140, 369, 411],[1, 0, 0, 0, 1, 0, 0, 0]
19,8,8,[5, 6, 8, 16, 47, 140, 369, 411],[1, 0, 0, 0, 1, 0, 0, 0]
20,8,2,[5, 6, 8, 16, 47, 140, 369, 411],[1, 0, 0, 0, 1, 0, 0, 0]
21,4,2,[7, 12, 60, 371],[1, 0, 0, 0]
22,4,4,[7, 12, 60, 371],[1, 0, 0, 0]
23,8,5,[5, 6, 8, 16, 47, 140, 369, 411],[1, 0, 0, 0, 1, 0, 0, 0]
24,8,2,[5, 6, 8, 16, 47, 140, 369, 411],[1, 0, 0, 0, 1, 0, 0, 0]
25,4,2,[7, 12, 60, 371],[1, 0, 0, 0]
26,8,2,[5, 6, 8, 16, 47, 140, 369, 411],[1, 0, 0, 0, 1, 0, 0, 0]
27,8,2,[5, 6, 8, 16, 47, 140, 369, 411],[1, 0, 0, 0, 1, 0, 0, 0]
28,8,4,[5, 6, 8, 16, 47, 140, 369, 411],[1, 0, 0, 0, 1, 0, 0, 0]
29,8,6,[5, 6, 8, 16, 47, 140, 369, 411],[1, 0, 0, 0, 1, 0, 0, 0]
30,4,2,[7, 12, 60, 371],[1, 0, 0, 0]
31,8,5,[5, 6, 8, 16, 47, 140, 369, 411],[1, 0, 0, 0, 1, 0, 0, 0]
32,4,2,[7, 12, 60, 371],[1, 0, 0, 0]
33,8,3,[5, 6, 8, 16, 47, 140, 369, 411],[1, 0, 0, 0, 1, 0, 0, 0]
34,8,9,[5, 6, 8, 16, 47, 140, 369, 411],[1, 0, 0, 0, 1, 0, 0, 0]
35,4,1,[7, 12, 60, 371],[1, 0, 0, 0]
36,4,2,[7, 12, 60, 371],[1, 0, 0, 0]
37,8,7,[5, 6, 8, 16, 47, 140, 369, 411],[1, 0, 0, 0, 1, 0, 0, 0]
38,4,3,[7, 12, 60, 371],[1, 0, 0, 0]
39,8,1,[5, 6, 8, 16, 47, 140, 369, 411],[1, 0, 0, 0, 1, 0, 0, 0]
40,8,4,[5, 6, 8, 16, 47, 140, 369, 411],[1, 0, 0, 0, 1, 0, 0, 0]
41,8,7,[5, 6, 8, 16, 47, 140, 369, 411],[1, 0, 0, 0, 1, 0, 0, 0]
42,4,1,[7, 12, 60, 371],[1, 0, 0, 0]
43,8,6,[5, 6, 8, 16, 47, 140, 369, 411],[1, 0, 0, 0, 1, 0, 0, 0]
44,8,2,[5, 6, 8, 16, 47, 140, 369, 411],[1, 0, 0, 0, 1, 0, 0, 0]
45,8,4,[5, 6, 8, 16, 47, 140, 369, 411],[1, 0, 0, 0, 1, 0, 0, 0]
46,4,3,[7, 12, 60, 371],[1, 0, 0, 0]
47,8,0,[5, 6, 8, 16, 47, 140, 369, 411],[1, 0, 0, 0, 1, 0, 0, 0]
48,8,4,[5, 6, 8, 16, 47, 140, 369, 411],[1, 0, 0, 0, 1, 0, 0, 0]
49,8,3,[5, 6, 8, 16, 47, 140, 369, 411],[1, 0, 0, 0, 1, 0, 0, 0]
50,4,1,[7, 12, 60, 371],[1, 0, 0, 0]
51,8,3,[5, 6, 8, 16, 47, 140, 369, 411],[1, 0, 0, 0, 1, 0, 0, 0]
52,8,6,[5, 6, 8, 16, 47, 140, 369, 411],[1, 0, 0, 0, 1, 0, 0, 0]
53,4,6,[7, 12, 60, 371],[1, 0, 0, 0]
54,8,4,[5, 6, 8, 16, 47, 140, 369, 411],[1, 0, 0, 0, 1, 0, 0, 0]
55,8,1,[5, 6, 8, 16, 47, 140, 369, 411],[1, 0, 0, 0, 1, 0, 0, 0]
56,4,4,[7, 12, 60, 371],[1, 0, 0, 0]
57,4,5,[7, 12, 60, 371],[1, 0, 0, 0]
58,8,6,[5, 6, 8, 16, 47, 140, 369, 411],[1, 0, 0, 0, 1, 0, 0, 0]
59,4,8,[7, 12, 60, 371],[1, 0, 0, 0]
60,4,0,[7, 12, 60, 371],[1, 0, 0, 0]
61,8,4,[5, 6, 8, 16, 47, 140, 369, 411],[1, 0, 0, 0, 1, 0, 0, 0]
62,8,4,[5, 6, 8, 16, 47, 140, 369, 411],[1, 0, 0, 0, 1, 0, 0, 0]
63,4,4,[7, 12, 60, 371],[1, 0, 0, 0]
64,4,1,[7, 12, 60, 371],[1, 0, 0, 0]
65,8,2,[5, 6, 8, 16, 47, 140, 369, 411],[1, 0, 0, 0, 1, 0, 0, 0]
66,8,1,[5, 6, 8, 16, 47, 140, 369, 411],[1, 0, 0, 0, 1, 0, 0, 0]
67,8,7,[5, 6, 8, 16, 47, 140, 369, 411],[1, 0, 0, 0, 1, 0, 0, 0]
68,4,3,[7, 12, 60, 371],[1, 0, 0, 0]
69,8,3,[5, 6, 8, 16, 47, 140, 369, 411],[1, 0, 0, 0, 1, 0, 0, 0]
70,8,3,[5, 6, 8, 16, 47, 140, 369, 411],[1, 0, 0, 0, 1, 0, 0, 0]
71,8,9,[5, 6, 8, 16, 47, 140, 369, 411],[1, 0, 0, 0, 1, 0, 0, 0]
72,4,1,[7, 12, 60, 371],[1, 0, 0, 0]
73,4,3,[7, 12, 60, 371],[1, 0, 0, 0]
74,8,2,[5, 6, 8, 16, 47, 140, 369, 411],[1, 0, 0, 0, 1, 0, 0, 0]
75,4,4,[7, 12, 60, 371],[1, 0, 0, 0]
76,8,6,[5, 6, 8, 16, 47, 140, 369, 411],[1, 0, 0, 0, 1, 0, 0, 0]
77,8,2,[5, 6, 8, 16, 47, 140, 369, 411],[1, 0, 0, 0, 1, 0, 0, 0]
78,8,2,[5, 6, 8, 16, 47, 140, 369, 411],[1, 0, 0, 0, 1, 0, 0, 0]
79,4,6,[7, 12, 60, 371],[1, 0, 0, 0]
80,4,4,[7, 12, 60, 371],[1, 0, 0, 0]
81,4,1,[7, 12, 60, 371],[1, 0, 0, 0]
82,8,7,[5, 6, 8, 16, 47, 140, 369, 411],[1, 0, 0, 0, 1, 0, 0, 0]
83,4,5,[7, 12, 60, 371],[1, 0, 0, 0]
84,8,3,[5, 6, 8, 16, 47, 140, 369, 411],[1, 0, 0, 0, 1, 0, 0, 0]
85,4,5,[7, 12, 60, 371],[1, 0, 0, 0]
86,8,5,[5, 6, 8, 16, 47, 140, 369, 411],[1, 0, 0, 0, 1, 0, 0, 0]
87,4,3,[7, 12, 60, 371],[1, 0, 0, 0]
88,8,6,[5, 6, 8, 16, 47, 140, 369, 411],[1, 0, 0, 0, 1, 0, 0, 0]
89,8,5,[5, 6, 8, 16, 47, 140, 369, 411],[1, 0, 0, 0, 1, 0, 0, 0]
90,4,4,[7, 12, 60, 371],[1, 0, 0, 0]
91,8,3,[5, 6, 8, 16, 47, 140, 369, 411],[1, 0, 0, 0, 1, 0, 0, 0]
92,8,3,[5, 6, 8, 16, 47, 140, 369, 411],[1, 0, 0, 0, 1, 0, 0, 0]
93,8,10,[5, 6, 8, 16, 47, 140, 369, 411],[1, 0, 0, 0, 1, 0, 0, 0]
94,8,4,[5, 6, 8, 16, 47, 140, 369, 411],[1, 0, 0, 0, 1, 0, 0, 0]
95,8,3,[5, 6, 8, 16, 47, 140, 369, 411],[1, 0, 0, 0, 1, 0, 0, 0]
96,4,4,[7, 12, 60, 371],[1, 0, 0, 0]
97,8,5,[5, 6, 8, 16, 47, 140, 369, 411],[1, 0, 0, 0, 1, 0, 0, 0]
98,8,1,[5, 6, 8, 16, 47, 140, 369, 411],[1, 0, 0, 0, 1, 0, 0, 0]
99,8,6,[5, 6, 8, 16, 47, 140, 369, 411],[1, 0, 0, 0, 1, 0, 0, 0]
100,8,3,[5, 6, 8, 16, 47, 140, 369, 411],[1, 0, 0, 0, 1, 0, 0, 0]
