1,1,0,[1],[0]
2,11,2,[7, 10, 11, 13, 22, 25, 54, 182, 533, 537, 539],[1, 0, 1, 1, 0, 0, 0, 0, 0, 0, 0]
3,11,3,[7, 10, 11, 13, 22, 25, 54, 182, 533, 537, 539],[1, 0, 1, 1, 0, 0, 0, 0, 0, 0, 0]
4,1,0,[4],[0]
5,6,0,[5, 6, 8, 18, 65, 531],[1, 0, 0, 0, 0, 0]
6,6,0,[5, 6, 8, 18, 65, 531],[1, 0, 0, 0, 0, 0]
7,11,0,[7, 10, 11, 13, 22, 25, 54, 182, 533, 537, 539],[1, 0, 1, 1, 0, 0, 0, 0, 0, 0, 0]
8,6,0,[5, 6, 8, 18, 65, 531],[1, 0, 0, 0, 0, 0]
9,6,1,[5, 6, 8, 18, 65, 531],[1, 0, 0, 0, 0, 0]
10,11,0,[7, 10, 11, 13, 22, 25, 54, 182, 533, 537, 539],[1, 0, 1, 1, 0, 0, 0, 0, 0, 0, 0]
11,11,0,[7, 10, 11, 13, 22, 25, 54, 182, 533, 537, 539],[1, 0, 1, 1, 0, 0, 0, 0, 0, 0, 0]
12,11,1,[7, 10, 11, 13, 22, 25, 54, 182, 533, 537, 539],[1, 0, 1, 1, 0, 0, 0, 0, 0, 0, 0]
13,11,0,[7, 10, 11, 13, 22, 25, 54, 182, 533, 537, 539],[1, 0, 1, 1, 0, 0, 0, 0, 0, 0, 0]
14,6,2,[5, 6, 8, 18, 65, 531],[1, 0, 0, 0, 0, 0]
15,6,1,[5, 6, 8, 18, 65, 531],[1, 0, 0, 0, 0, 0]
16,6,1,[5, 6, 8, 18, 65, 531],[1, 0, 0, 0, 0, 0]
17,11,6,[7, 10, 11, 13, 22, 25, 54, 182, 533, 537, 539],[1, 0, 1, 1, 0, 0, 0, 0, 0, 0, 0]
18,6,0,[5, 6, 8, 18, 65, 531],[1, 0, 0, 0, 0, 0]
19,6,5,[5, 6, 8, 18, 65, 531],[1, 0, 0, 0, 0, 0]
20,6,2,[5, 6, 8, 18, 65, 531],[1, 0, 0, 0, 0, 0]
21,11,1,[7, 10, 11, 13, 22, 25, 54, 182, 533, 537, 539],[1, 0, 1, 1, 0, 0, 0, 0, 0, 0, 0]
22,11,0,[7, 10, 11, 13, 22, 25, 54, 182, 533, 537, 539],[1, 0, 1, 1, 0, 0, 0, 0, 0, 0, 0]
23,6,9,[5, 6, 8, 18, 65, 531],[1, 0, 0, 0, 0, 0]
24,6,2,[5, 6, 8, 18, 65, 531],[1, 0, 0, 0, 0, 0]
25,11,0,[7, 10, 11, 13, 22, 25, 54, 182, 533, 537, 539],[1, 0, 1, 1, 0, 0, 0, 0, 0, 0, 0]
26,6,2,[5, 6, 8, 18, 65, 531],[1, 0, 0, 0, 0, 0]
27,6,2,[5, 6, 8, 18, 65, 531],[1, 0, 0, 0, 0, 0]
28,11,1,[7, 10, 11, 13, 22, 25, 54, 182, 533, 537, 539],[1, 0, 1, 1, 0, 0, 0, 0, 0, 0, 0]
29,11,3,[7, 10, 11, 13, 22, 25, 54, 182, 533, 537, 539],[1, 0, 1, 1, 0, 0, 0, 0, 0, 0, 0]
30,11,1,[7, 10, 11, 13, 22, 25, 54, 182, 533, 537, 539],[1, 0, 1, 1, 0, 0, 0, 0, 0, 0, 0]
31,6,10,[5, 6, 8, 18, 65, 531],[1, 0, 0, 0, 0, 0]
32,11,1,[7, 10, 11, 13, 22, 25, 54, 182, 533, 537, 539],[1, 0, 1, 1, 0, 0, 0, 0, 0, 0, 0]
33,6,3,[5, 6, 8, 18, 65, 531],[1, 0, 0, 0, 0, 0]
34,6,6,[5, 6, 8, 18, 65, 531],[1, 0, 0, 0, 0, 0]
35,11,2,[7, 10, 11, 13, 22, 25, 54, 182, 533, 537, 539],[1, 0, 1, 1, 0, 0, 0, 0, 0, 0, 0]
36,11,1,[7, 10, 11, 13, 22, 25, 54, 182, 533, 537, 539],[1, 0, 1, 1, 0, 0, 0, 0, 0, 0, 0]
37,11,4,[7, 10, 11, 13, 22, 25, 54, 182, 533, 537, 539],[1, 0, 1, 1, 0, 0, 0, 0, 0, 0, 0]
38,11,2,[7, 10, 11, 13, 22, 25, 54, 182, 533, 537, 539],[1, 0, 1, 1, 0, 0, 0, 0, 0, 0, 0]
39,6,2,[5, 6, 8, 18, 65, 531],[1, 0, 0, 0, 0, 0]
40,11,1,[7, 10, 11, 13, 22, 25, 54, 182, 533, 537, 539],[1, 0, 1, 1, 0, 0, 0, 0, 0, 0, 0]
41,6,7,[5, 6, 8, 18, 65, 531],[1, 0, 0, 0, 0, 0]
42,11,2,[7, 10, 11, 13, 22, 25, 54, 182, 533, 537, 539],[1, 0, 1, 1, 0, 0, 0, 0, 0, 0, 0]
43,11,5,[7, 10, 11, 13, 22, 25, 54, 182, 533, 537, 539],[1, 0, 1, 1, 0, 0, 0, 0, 0, 0, 0]
44,6,2,[5, 6, 8, 18, 65, 531],[1, 0, 0, 0, 0, 0]
45,11,1,[7, 10, 11, 13, 22, 25, 54, 182, 533, 537, 539],[1, 0, 1, 1, 0, 0, 0, 0, 0, 0, 0]
46,11,1,[7, 10, 11, 13, 22, 25, 54, 182, 533, 537, 539],[1, 0, 1, 1, 0, 0, 0, 0, 0, 0, 0]
47,11,10,[7, 10, 11, 13, 22, 25, 54, 182, 533, 537, 539],[1, 0, 1, 1, 0, 0, 0, 0, 0, 0, 0]
48,11,1,[7, 10, 11, 13, 22, 25, 54, 182, 533, 537, 539],[1, 0, 1, 1, 0, 0, 0, 0, 0, 0, 0]
49,6,3,[5, 6, 8, 18, 65, 531],[1, 0, 0, 0, 0, 0]
50,11,2,[7, 10, 11, 13, 22, 25, 54, 182, 533, 537, 539],[1, 0, 1, 1, 0, 0, 0, 0, 0, 0, 0]
51,6,3,[5, 6, 8, 18, 65, 531],[1, 0, 0, 0, 0, 0]
52,11,7,[7, 10, 11, 13, 22, 25, 54, 182, 533, 537, 539],[1, 0, 1, 1, 0, 0, 0, 0, 0, 0, 0]
53,6,3,[5, 6, 8, 18, 65, 531],[1, 0, 0, 0, 0, 0]
54,11,0,[7, 10, 11, 13, 22, 25, 54, 182, 533, 537, 539],[1, 0, 1, 1, 0, 0, 0, 0, 0, 0, 0]
55,6,2,[5, 6, 8, 18, 65, 531],[1, 0, 0, 0, 0, 0]
56,11,1,[7, 10, 11, 13, 22, 25, 54, 182, 533, 537, 539],[1, 0, 1, 1, 0, 0, 0, 0, 0, 0, 0]
57,11,1,[7, 10, 11, 13, 22, 25, 54, 182, 533, 537, 539],[1, 0, 1, 1, 0, 0, 0, 0, 0, 0, 0]
58,6,11,[5, 6, 8, 18, 65, 531],[1, 0, 0, 0, 0, 0]
59,6,4,[5, 6, 8, 18, 65, 531],[1, 0, 0, 0, 0, 0]
60,11,2,[7, 10, 11, 13, 22, 25, 54, 182, 533, 537, 539],[1, 0, 1, 1, 0, 0, 0, 0, 0, 0, 0]
61,11,4,[7, 10, 11, 13, 22, 25, 54, 182, 533, 537, 539],[1, 0, 1, 1, 0, 0, 0, 0, 0, 0, 0]
62,6,4,[5, 6, 8, 18, 65, 531],[1, 0, 0, 0, 0, 0]
63,11,1,[7, 10, 11, 13, 22, 25, 54, 182, 533, 537, 539],[1, 0, 1, 1, 0, 0, 0, 0, 0, 0, 0]
64,11,2,[7, 10, 11, 13, 22, 25, 54, 182, 533, 537, 539],[1, 0, 1, 1, 0, 0, 0, 0, 0, 0, 0]
65,6,0,[5, 6, 8, 18, 65, 531],[1, 0, 0, 0, 0, 0]
66,6,2,[5, 6, 8, 18, 65, 531],[1, 0, 0, 0, 0, 0]
67,6,7,[5, 6, 8, 18, 65, 531],[1, 0, 0, 0, 0, 0]
68,11,2,[7, 10, 11, 13, 22, 25, 54, 182, 533, 537, 539],[1, 0, 1, 1, 0, 0, 0, 0, 0, 0, 0]
69,6,3,[5, 6, 8, 18, 65, 531],[1, 0, 0, 0, 0, 0]
70,6,3,[5, 6, 8, 18, 65, 531],[1, 0, 0, 0, 0, 0]
71,11,5,[7, 10, 11, 13, 22, 25, 54, 182, 533, 537, 539],[1, 0, 1, 1, 0, 0, 0, 0, 0, 0, 0]
72,11,2,[7, 10, 11, 13, 22, 25, 54, 182, 533, 537, 539],[1, 0, 1, 1, 0, 0, 0, 0, 0, 0, 0]
73,11,4,[7, 10, 11, 13, 22, 25, 54, 182, 533, 537, 539],[1, 0, 1, 1, 0, 0, 0, 0, 0, 0, 0]
74,6,3,[5, 6, 8, 18, 65, 531],[1, 0, 0, 0, 0, 0]
75,11,1,[7, 10, 11, 13, 22, 25, 54, 182, 533, 537, 539],[1, 0, 1, 1, 0, 0, 0, 0, 0, 0, 0]
76,6,10,[5, 6, 8, 18, 65, 531],[1, 0, 0, 0, 0, 0]
77,6,1,[5, 6, 8, 18, 65, 531],[1, 0, 0, 0, 0, 0]
78,6,1,[5, 6, 8, 18, 65, 531],[1, 0, 0, 0, 0, 0]
79,6,4,[5, 6, 8, 18, 65, 531],[1, 0, 0, 0, 0, 0]
80,11,1,[7, 10, 11, 13, 22, 25, 54, 182, 533, 537, 539],[1, 0, 1, 1, 0, 0, 0, 0, 0, 0, 0]
81,11,2,[7, 10, 11, 13, 22, 25, 54, 182, 533, 537, 539],[1, 0, 1, 1, 0, 0, 0, 0, 0, 0, 0]
82,11,6,[7, 10, 11, 13, 22, 25, 54, 182, 533, 537, 539],[1, 0, 1, 1, 0, 0, 0, 0, 0, 0, 0]
83,6,4,[5, 6, 8, 18, 65, 531],[1, 0, 0, 0, 0, 0]
84,6,3,[5, 6, 8, 18, 65, 531],[1, 0, 0, 0, 0, 0]
85,11,1,[7, 10, 11, 13, 22, 25, 54, 182, 533, 537, 539],[1, 0, 1, 1, 0, 0, 0, 0, 0, 0, 0]
86,11,2,[7, 10, 11, 13, 22, 25, 54, 182, 533, 537, 539],[1, 0, 1, 1, 0, 0, 0, 0, 0, 0, 0]
87,11,2,[7, 10, 11, 13, 22, 25, 54, 182, 533, 537, 539],[1, 0, 1, 1, 0, 0, 0, 0, 0, 0, 0]
88,11,7,[7, 10, 11, 13, 22, 25, 54, 182, 533, 537, 539],[1, 0, 1, 1, 0, 0, 0, 0, 0, 0, 0]
89,6,5,[5, 6, 8, 18, 65, 531],[1, 0, 0, 0, 0, 0]
90,11,1,[7, 10, 11, 13, 22, 25, 54, 182, 533, 537, 539],[1, 0, 1, 1, 0, 0, 0, 0, 0, 0, 0]
91,6,3,[5, 6, 8, 18, 65, 531],[1, 0, 0, 0, 0, 0]
92,6,3,[5, 6, 8, 18, 65, 531],[1, 0, 0, 0, 0, 0]
93,6,7,[5, 6, 8, 18, 65, 531],[1, 0, 0, 0, 0, 0]
94,6,4,[5, 6, 8, 18, 65, 531],[1, 0, 0, 0, 0, 0]
95,6,3,[5, 6, 8, 18, 65, 531],[1, 0, 0, 0, 0, 0]
96,11,1,[7, 10, 11, 13, 22, 25, 54, 182, 533, 537, 539],[1, 0, 1, 1, 0, 0, 0, 0, 0, 0, 0]
97,11,3,[7, 10, 11, 13, 22, 25, 54, 182, 533, 537, 539],[1, 0, 1, 1, 0, 0, 0, 0, 0, 0, 0]
98,6,2,[5, 6, 8, 18, 65, 531],[1, 0, 0, 0, 0, 0]
99,11,7,[7, 10, 11, 13, 22, 25, 54, 182, 533, 537, 539],[1, 0, 1, 1, 0, 0, 0, 0, 0, 0, 0]
100,6,3,[5, 6, 8, 18, 65, 531],[1, 0, 0, 0, 0, 0]
