1,1,0,[1]
2,5,9,[6, 5, 216, 15, 8]
3,5,11,[8, 6, 5, 216, 15]
4,1,0,[4]
5,5,4,[216, 15, 8, 6, 5]
6,5,4,[5, 216, 15, 8, 6]
7,8,7,[218, 111, 40, 11, 222, 42, 12, 7]
8,5,4,[6, 5, 216, 15, 8]
9,5,5,[5, 216, 15, 8, 6]
10,8,8,[218, 111, 40, 11, 222, 42, 12, 7]
11,8,7,[222, 42, 12, 7, 218, 111, 40, 11]
12,8,7,[7, 218, 111, 40, 11, 222, 42, 12]
13,5,9,[8, 6, 5, 216, 15]
14,5,6,[5, 216, 15, 8, 6]
15,5,4,[8, 6, 5, 216, 15]
16,5,5,[6, 5, 216, 15, 8]
17,5,7,[8, 6, 5, 216, 15]
18,5,5,[6, 5, 216, 15, 8]
19,8,11,[218, 111, 40, 11, 222, 42, 12, 7]
20,5,6,[5, 216, 15, 8, 6]
21,8,9,[218, 111, 40, 11, 222, 42, 12, 7]
22,5,10,[8, 6, 5, 216, 15]
23,8,11,[218, 111, 40, 11, 222, 42, 12, 7]
24,5,6,[5, 216, 15, 8, 6]
25,8,9,[218, 111, 40, 11, 222, 42, 12, 7]
26,5,5,[8, 6, 5, 216, 15]
27,5,6,[5, 216, 15, 8, 6]
28,8,8,[222, 42, 12, 7, 218, 111, 40, 11]
29,5,7,[6, 5, 216, 15, 8]
30,8,9,[218, 111, 40, 11, 222, 42, 12, 7]
31,5,8,[5, 216, 15, 8, 6]
32,8,9,[218, 111, 40, 11, 222, 42, 12, 7]
33,5,7,[5, 216, 15, 8, 6]
34,8,12,[218, 111, 40, 11, 222, 42, 12, 7]
35,8,8,[7, 218, 111, 40, 11, 222, 42, 12]
36,8,9,[218, 111, 40, 11, 222, 42, 12, 7]
37,2,1,[248, 37]
38,8,10,[218, 111, 40, 11, 222, 42, 12, 7]
39,5,6,[6, 5, 216, 15, 8]
40,8,7,[11, 222, 42, 12, 7, 218, 111, 40]
41,5,9,[8, 6, 5, 216, 15]
42,8,7,[12, 7, 218, 111, 40, 11, 222, 42]
43,8,13,[218, 111, 40, 11, 222, 42, 12, 7]
44,5,5,[8, 6, 5, 216, 15]
45,8,8,[222, 42, 12, 7, 218, 111, 40, 11]
46,8,10,[218, 111, 40, 11, 222, 42, 12, 7]
47,8,10,[222, 42, 12, 7, 218, 111, 40, 11]
48,8,8,[222, 42, 12, 7, 218, 111, 40, 11]
49,5,7,[5, 216, 15, 8, 6]
50,8,8,[7, 218, 111, 40, 11, 222, 42, 12]
51,5,7,[5, 216, 15, 8, 6]
52,5,8,[8, 6, 5, 216, 15]
53,5,8,[5, 216, 15, 8, 6]
54,8,8,[222, 42, 12, 7, 218, 111, 40, 11]
55,5,6,[6, 5, 216, 15, 8]
56,5,10,[8, 6, 5, 216, 15]
57,5,11,[8, 6, 5, 216, 15]
58,5,9,[5, 216, 15, 8, 6]
59,5,7,[6, 5, 216, 15, 8]
60,8,8,[7, 218, 111, 40, 11, 222, 42, 12]
61,8,11,[218, 111, 40, 11, 222, 42, 12, 7]
62,5,8,[5, 216, 15, 8, 6]
63,5,10,[8, 6, 5, 216, 15]
64,8,8,[7, 218, 111, 40, 11, 222, 42, 12]
65,5,6,[6, 5, 216, 15, 8]
66,5,6,[6, 5, 216, 15, 8]
67,8,11,[7, 218, 111, 40, 11, 222, 42, 12]
68,8,10,[218, 111, 40, 11, 222, 42, 12, 7]
69,5,6,[8, 6, 5, 216, 15]
70,5,7,[5, 216, 15, 8, 6]
71,5,10,[8, 6, 5, 216, 15]
72,8,8,[7, 218, 111, 40, 11, 222, 42, 12]
73,5,12,[8, 6, 5, 216, 15]
74,5,7,[6, 5, 216, 15, 8]
75,5,10,[8, 6, 5, 216, 15]
76,8,12,[218, 111, 40, 11, 222, 42, 12, 7]
77,5,6,[6, 5, 216, 15, 8]
78,5,6,[6, 5, 216, 15, 8]
79,8,11,[218, 111, 40, 11, 222, 42, 12, 7]
80,5,10,[8, 6, 5, 216, 15]
81,8,8,[7, 218, 111, 40, 11, 222, 42, 12]
82,8,14,[218, 111, 40, 11, 222, 42, 12, 7]
83,8,13,[218, 111, 40, 11, 222, 42, 12, 7]
84,5,7,[5, 216, 15, 8, 6]
85,5,11,[8, 6, 5, 216, 15]
86,8,9,[222, 42, 12, 7, 218, 111, 40, 11]
87,8,10,[218, 111, 40, 11, 222, 42, 12, 7]
88,5,8,[8, 6, 5, 216, 15]
89,5,9,[8, 6, 5, 216, 15]
90,5,10,[8, 6, 5, 216, 15]
91,5,7,[5, 216, 15, 8, 6]
92,5,7,[5, 216, 15, 8, 6]
93,8,13,[218, 111, 40, 11, 222, 42, 12, 7]
94,5,8,[5, 216, 15, 8, 6]
95,5,7,[5, 216, 15, 8, 6]
96,5,10,[8, 6, 5, 216, 15]
97,5,12,[8, 6, 5, 216, 15]
98,5,6,[6, 5, 216, 15, 8]
99,5,8,[8, 6, 5, 216, 15]
100,5,7,[5, 216, 15, 8, 6]
101,5,12,[8, 6, 5, 216, 15]
102,5,11,[8, 6, 5, 216, 15]
103,5,13,[8, 6, 5, 216, 15]
104,8,12,[218, 111, 40, 11, 222, 42, 12, 7]
105,5,5,[8, 6, 5, 216, 15]
106,5,7,[6, 5, 216, 15, 8]
107,5,11,[5, 216, 15, 8, 6]
108,5,10,[8, 6, 5, 216, 15]
109,5,9,[8, 6, 5, 216, 15]
110,5,6,[6, 5, 216, 15, 8]
111,8,7,[40, 11, 222, 42, 12, 7, 218, 111]
112,5,5,[8, 6, 5, 216, 15]
113,5,7,[6, 5, 216, 15, 8]
114,5,7,[5, 216, 15, 8, 6]
115,8,9,[222, 42, 12, 7, 218, 111, 40, 11]
116,5,8,[5, 216, 15, 8, 6]
117,8,12,[218, 111, 40, 11, 222, 42, 12, 7]
118,8,12,[218, 111, 40, 11, 222, 42, 12, 7]
119,5,7,[5, 216, 15, 8, 6]
120,5,7,[5, 216, 15, 8, 6]
121,5,11,[8, 6, 5, 216, 15]
122,5,11,[8, 6, 5, 216, 15]
123,5,6,[8, 6, 5, 216, 15]
124,8,9,[7, 218, 111, 40, 11, 222, 42, 12]
125,5,5,[8, 6, 5, 216, 15]
126,5,5,[8, 6, 5, 216, 15]
127,8,10,[222, 42, 12, 7, 218, 111, 40, 11]
128,5,7,[5, 216, 15, 8, 6]
129,8,11,[218, 111, 40, 11, 222, 42, 12, 7]
130,5,7,[5, 216, 15, 8, 6]
131,5,8,[5, 216, 15, 8, 6]
132,5,6,[6, 5, 216, 15, 8]
133,5,6,[8, 6, 5, 216, 15]
134,5,7,[8, 6, 5, 216, 15]
135,5,7,[5, 216, 15, 8, 6]
136,8,12,[218, 111, 40, 11, 222, 42, 12, 7]
137,8,11,[218, 111, 40, 11, 222, 42, 12, 7]
138,8,9,[222, 42, 12, 7, 218, 111, 40, 11]
139,8,13,[218, 111, 40, 11, 222, 42, 12, 7]
140,5,6,[6, 5, 216, 15, 8]
141,8,9,[7, 218, 111, 40, 11, 222, 42, 12]
142,5,13,[8, 6, 5, 216, 15]
143,5,7,[5, 216, 15, 8, 6]
144,5,7,[5, 216, 15, 8, 6]
145,8,13,[218, 111, 40, 11, 222, 42, 12, 7]
146,5,11,[8, 6, 5, 216, 15]
147,5,8,[8, 6, 5, 216, 15]
148,5,10,[8, 6, 5, 216, 15]
149,5,9,[8, 6, 5, 216, 15]
150,5,5,[8, 6, 5, 216, 15]
151,8,11,[7, 218, 111, 40, 11, 222, 42, 12]
152,8,10,[218, 111, 40, 11, 222, 42, 12, 7]
153,8,12,[218, 111, 40, 11, 222, 42, 12, 7]
154,5,7,[5, 216, 15, 8, 6]
155,8,10,[218, 111, 40, 11, 222, 42, 12, 7]
156,5,7,[5, 216, 15, 8, 6]
157,5,10,[5, 216, 15, 8, 6]
158,8,9,[7, 218, 111, 40, 11, 222, 42, 12]
159,5,11,[8, 6, 5, 216, 15]
160,5,5,[8, 6, 5, 216, 15]
161,8,10,[218, 111, 40, 11, 222, 42, 12, 7]
162,5,7,[5, 216, 15, 8, 6]
163,8,11,[218, 111, 40, 11, 222, 42, 12, 7]
164,8,9,[222, 42, 12, 7, 218, 111, 40, 11]
165,8,12,[218, 111, 40, 11, 222, 42, 12, 7]
166,5,12,[8, 6, 5, 216, 15]
167,5,7,[6, 5, 216, 15, 8]
168,5,6,[6, 5, 216, 15, 8]
169,5,6,[8, 6, 5, 216, 15]
170,5,7,[5, 216, 15, 8, 6]
171,8,10,[218, 111, 40, 11, 222, 42, 12, 7]
172,8,11,[222, 42, 12, 7, 218, 111, 40, 11]
173,5,9,[8, 6, 5, 216, 15]
174,8,13,[218, 111, 40, 11, 222, 42, 12, 7]
175,5,8,[8, 6, 5, 216, 15]
176,8,12,[218, 111, 40, 11, 222, 42, 12, 7]
177,5,9,[5, 216, 15, 8, 6]
178,5,8,[5, 216, 15, 8, 6]
179,8,13,[218, 111, 40, 11, 222, 42, 12, 7]
180,5,5,[8, 6, 5, 216, 15]
181,5,8,[5, 216, 15, 8, 6]
182,5,11,[8, 6, 5, 216, 15]
183,8,9,[7, 218, 111, 40, 11, 222, 42, 12]
184,5,8,[6, 5, 216, 15, 8]
185,8,8,[12, 7, 218, 111, 40, 11, 222, 42]
186,8,10,[218, 111, 40, 11, 222, 42, 12, 7]
187,8,9,[222, 42, 12, 7, 218, 111, 40, 11]
188,5,8,[5, 216, 15, 8, 6]
189,5,6,[6, 5, 216, 15, 8]
190,5,6,[8, 6, 5, 216, 15]
191,8,10,[7, 218, 111, 40, 11, 222, 42, 12]
192,5,5,[8, 6, 5, 216, 15]
193,5,7,[8, 6, 5, 216, 15]
194,5,9,[8, 6, 5, 216, 15]
195,8,10,[218, 111, 40, 11, 222, 42, 12, 7]
196,5,6,[6, 5, 216, 15, 8]
197,5,7,[8, 6, 5, 216, 15]
198,8,12,[218, 111, 40, 11, 222, 42, 12, 7]
199,8,10,[222, 42, 12, 7, 218, 111, 40, 11]
200,5,6,[6, 5, 216, 15, 8]
