1,1,0,[1],[0]
2,7,3,[7, 12, 13, 41, 47, 75, 81],[1, 0, 1, 1, 1, 0, 0]
3,5,5,[5, 6, 8, 16, 39],[1, 0, 0, 0, 0]
4,1,0,[4],[0]
5,5,0,[5, 6, 8, 16, 39],[1, 0, 0, 0, 0]
6,5,0,[5, 6, 8, 16, 39],[1, 0, 0, 0, 0]
7,7,0,[7, 12, 13, 41, 47, 75, 81],[1, 0, 1, 1, 1, 0, 0]
8,5,0,[5, 6, 8, 16, 39],[1, 0, 0, 0, 0]
9,5,1,[5, 6, 8, 16, 39],[1, 0, 0, 0, 0]
10,7,1,[7, 12, 13, 41, 47, 75, 81],[1, 0, 1, 1, 1, 0, 0]
11,2,0,[11, 45],[1, 0]
12,7,0,[7, 12, 13, 41, 47, 75, 81],[1, 0, 1, 1, 1, 0, 0]
13,7,0,[7, 12, 13, 41, 47, 75, 81],[1, 0, 1, 1, 1, 0, 0]
14,5,2,[5, 6, 8, 16, 39],[1, 0, 0, 0, 0]
15,5,1,[5, 6, 8, 16, 39],[1, 0, 0, 0, 0]
16,5,0,[5, 6, 8, 16, 39],[1, 0, 0, 0, 0]
17,5,4,[5, 6, 8, 16, 39],[1, 0, 0, 0, 0]
18,5,1,[5, 6, 8, 16, 39],[1, 0, 0, 0, 0]
19,7,5,[7, 12, 13, 41, 47, 75, 81],[1, 0, 1, 1, 1, 0, 0]
20,5,2,[5, 6, 8, 16, 39],[1, 0, 0, 0, 0]
21,7,2,[7, 12, 13, 41, 47, 75, 81],[1, 0, 1, 1, 1, 0, 0]
22,7,1,[7, 12, 13, 41, 47, 75, 81],[1, 0, 1, 1, 1, 0, 0]
23,7,3,[7, 12, 13, 41, 47, 75, 81],[1, 0, 1, 1, 1, 0, 0]
24,5,2,[5, 6, 8, 16, 39],[1, 0, 0, 0, 0]
25,7,2,[7, 12, 13, 41, 47, 75, 81],[1, 0, 1, 1, 1, 0, 0]
26,5,2,[5, 6, 8, 16, 39],[1, 0, 0, 0, 0]
27,5,2,[5, 6, 8, 16, 39],[1, 0, 0, 0, 0]
28,2,1,[11, 45],[1, 0]
29,7,2,[7, 12, 13, 41, 47, 75, 81],[1, 0, 1, 1, 1, 0, 0]
30,7,2,[7, 12, 13, 41, 47, 75, 81],[1, 0, 1, 1, 1, 0, 0]
31,5,3,[5, 6, 8, 16, 39],[1, 0, 0, 0, 0]
32,7,2,[7, 12, 13, 41, 47, 75, 81],[1, 0, 1, 1, 1, 0, 0]
33,5,3,[5, 6, 8, 16, 39],[1, 0, 0, 0, 0]
34,7,6,[7, 12, 13, 41, 47, 75, 81],[1, 0, 1, 1, 1, 0, 0]
35,7,1,[7, 12, 13, 41, 47, 75, 81],[1, 0, 1, 1, 1, 0, 0]
36,7,2,[7, 12, 13, 41, 47, 75, 81],[1, 0, 1, 1, 1, 0, 0]
37,5,4,[5, 6, 8, 16, 39],[1, 0, 0, 0, 0]
38,7,3,[7, 12, 13, 41, 47, 75, 81],[1, 0, 1, 1, 1, 0, 0]
39,5,0,[5, 6, 8, 16, 39],[1, 0, 0, 0, 0]
40,2,1,[11, 45],[1, 0]
41,7,0,[7, 12, 13, 41, 47, 75, 81],[1, 0, 1, 1, 1, 0, 0]
42,7,1,[7, 12, 13, 41, 47, 75, 81],[1, 0, 1, 1, 1, 0, 0]
43,5,3,[5, 6, 8, 16, 39],[1, 0, 0, 0, 0]
44,5,2,[5, 6, 8, 16, 39],[1, 0, 0, 0, 0]
45,2,0,[11, 45],[1, 0]
46,7,3,[7, 12, 13, 41, 47, 75, 81],[1, 0, 1, 1, 1, 0, 0]
47,7,0,[7, 12, 13, 41, 47, 75, 81],[1, 0, 1, 1, 1, 0, 0]
48,2,1,[11, 45],[1, 0]
49,5,3,[5, 6, 8, 16, 39],[1, 0, 0, 0, 0]
50,7,1,[7, 12, 13, 41, 47, 75, 81],[1, 0, 1, 1, 1, 0, 0]
51,5,3,[5, 6, 8, 16, 39],[1, 0, 0, 0, 0]
52,5,5,[5, 6, 8, 16, 39],[1, 0, 0, 0, 0]
53,7,4,[7, 12, 13, 41, 47, 75, 81],[1, 0, 1, 1, 1, 0, 0]
54,2,1,[11, 45],[1, 0]
55,5,1,[5, 6, 8, 16, 39],[1, 0, 0, 0, 0]
56,7,1,[7, 12, 13, 41, 47, 75, 81],[1, 0, 1, 1, 1, 0, 0]
57,7,2,[7, 12, 13, 41, 47, 75, 81],[1, 0, 1, 1, 1, 0, 0]
58,5,4,[5, 6, 8, 16, 39],[1, 0, 0, 0, 0]
59,7,8,[7, 12, 13, 41, 47, 75, 81],[1, 0, 1, 1, 1, 0, 0]
60,7,1,[7, 12, 13, 41, 47, 75, 81],[1, 0, 1, 1, 1, 0, 0]
61,5,4,[5, 6, 8, 16, 39],[1, 0, 0, 0, 0]
62,5,4,[5, 6, 8, 16, 39],[1, 0, 0, 0, 0]
63,7,1,[7, 12, 13, 41, 47, 75, 81],[1, 0, 1, 1, 1, 0, 0]
64,7,1,[7, 12, 13, 41, 47, 75, 81],[1, 0, 1, 1, 1, 0, 0]
65,5,2,[5, 6, 8, 16, 39],[1, 0, 0, 0, 0]
66,5,1,[5, 6, 8, 16, 39],[1, 0, 0, 0, 0]
67,5,5,[5, 6, 8, 16, 39],[1, 0, 0, 0, 0]
68,7,3,[7, 12, 13, 41, 47, 75, 81],[1, 0, 1, 1, 1, 0, 0]
69,5,3,[5, 6, 8, 16, 39],[1, 0, 0, 0, 0]
70,5,3,[5, 6, 8, 16, 39],[1, 0, 0, 0, 0]
71,5,3,[5, 6, 8, 16, 39],[1, 0, 0, 0, 0]
72,7,1,[7, 12, 13, 41, 47, 75, 81],[1, 0, 1, 1, 1, 0, 0]
73,7,4,[7, 12, 13, 41, 47, 75, 81],[1, 0, 1, 1, 1, 0, 0]
74,5,1,[5, 6, 8, 16, 39],[1, 0, 0, 0, 0]
75,7,0,[7, 12, 13, 41, 47, 75, 81],[1, 0, 1, 1, 1, 0, 0]
76,7,4,[7, 12, 13, 41, 47, 75, 81],[1, 0, 1, 1, 1, 0, 0]
77,5,2,[5, 6, 8, 16, 39],[1, 0, 0, 0, 0]
78,5,2,[5, 6, 8, 16, 39],[1, 0, 0, 0, 0]
79,5,7,[5, 6, 8, 16, 39],[1, 0, 0, 0, 0]
80,7,1,[7, 12, 13, 41, 47, 75, 81],[1, 0, 1, 1, 1, 0, 0]
81,7,0,[7, 12, 13, 41, 47, 75, 81],[1, 0, 1, 1, 1, 0, 0]
82,5,4,[5, 6, 8, 16, 39],[1, 0, 0, 0, 0]
83,7,7,[7, 12, 13, 41, 47, 75, 81],[1, 0, 1, 1, 1, 0, 0]
84,5,3,[5, 6, 8, 16, 39],[1, 0, 0, 0, 0]
85,7,2,[7, 12, 13, 41, 47, 75, 81],[1, 0, 1, 1, 1, 0, 0]
86,2,1,[11, 45],[1, 0]
87,7,3,[7, 12, 13, 41, 47, 75, 81],[1, 0, 1, 1, 1, 0, 0]
88,5,5,[5, 6, 8, 16, 39],[1, 0, 0, 0, 0]
89,5,4,[5, 6, 8, 16, 39],[1, 0, 0, 0, 0]
90,7,1,[7, 12, 13, 41, 47, 75, 81],[1, 0, 1, 1, 1, 0, 0]
91,5,3,[5, 6, 8, 16, 39],[1, 0, 0, 0, 0]
92,5,3,[5, 6, 8, 16, 39],[1, 0, 0, 0, 0]
93,7,7,[7, 12, 13, 41, 47, 75, 81],[1, 0, 1, 1, 1, 0, 0]
94,5,4,[5, 6, 8, 16, 39],[1, 0, 0, 0, 0]
95,5,3,[5, 6, 8, 16, 39],[1, 0, 0, 0, 0]
96,7,1,[7, 12, 13, 41, 47, 75, 81],[1, 0, 1, 1, 1, 0, 0]
97,7,8,[7, 12, 13, 41, 47, 75, 81],[1, 0, 1, 1, 1, 0, 0]
98,5,1,[5, 6, 8, 16, 39],[1, 0, 0, 0, 0]
99,5,5,[5, 6, 8, 16, 39],[1, 0, 0, 0, 0]
100,5,3,[5, 6, 8, 16, 39],[1, 0, 0, 0, 0]
