1  1  [1]
2  7  [6, 5, 103, 201, 70, 14, 9]
3  7  [14, 9, 6, 5, 103, 201, 70]
4  1  [4]
5  7  [14, 9, 6, 5, 103, 201, 70]
6  7  [70, 14, 9, 6, 5, 103, 201]
7  7  [6, 5, 103, 201, 70, 14, 9]
8  7  [201, 70, 14, 9, 6, 5, 103]
9  7  [201, 70, 14, 9, 6, 5, 103]
10  7  [9, 6, 5, 103, 201, 70, 14]
11  7  [201, 70, 14, 9, 6, 5, 103]
12  7  [9, 6, 5, 103, 201, 70, 14]
13  7  [6, 5, 103, 201, 70, 14, 9]
14  7  [103, 201, 70, 14, 9, 6, 5]
15  7  [103, 201, 70, 14, 9, 6, 5]
16  7  [103, 201, 70, 14, 9, 6, 5]
17  7  [6, 5, 103, 201, 70, 14, 9]
18  7  [103, 201, 70, 14, 9, 6, 5]
19  2  [19, 117]
20  7  [103, 201, 70, 14, 9, 6, 5]
21  7  [14, 9, 6, 5, 103, 201, 70]
22  7  [9, 6, 5, 103, 201, 70, 14]
23  7  [70, 14, 9, 6, 5, 103, 201]
24  7  [103, 201, 70, 14, 9, 6, 5]
25  7  [14, 9, 6, 5, 103, 201, 70]
26  7  [5, 103, 201, 70, 14, 9, 6]
27  7  [103, 201, 70, 14, 9, 6, 5]
28  7  [103, 201, 70, 14, 9, 6, 5]
29  7  [9, 6, 5, 103, 201, 70, 14]
30  7  [14, 9, 6, 5, 103, 201, 70]
31  7  [103, 201, 70, 14, 9, 6, 5]
32  7  [14, 9, 6, 5, 103, 201, 70]
33  7  [5, 103, 201, 70, 14, 9, 6]
34  2  [117, 19]
35  7  [14, 9, 6, 5, 103, 201, 70]
36  7  [14, 9, 6, 5, 103, 201, 70]
37  7  [6, 5, 103, 201, 70, 14, 9]
38  7  [70, 14, 9, 6, 5, 103, 201]
39  7  [5, 103, 201, 70, 14, 9, 6]
40  7  [103, 201, 70, 14, 9, 6, 5]
41  7  [9, 6, 5, 103, 201, 70, 14]
42  7  [14, 9, 6, 5, 103, 201, 70]
43  7  [201, 70, 14, 9, 6, 5, 103]
44  7  [5, 103, 201, 70, 14, 9, 6]
45  7  [103, 201, 70, 14, 9, 6, 5]
46  7  [70, 14, 9, 6, 5, 103, 201]
47  2  [117, 19]
48  7  [103, 201, 70, 14, 9, 6, 5]
49  7  [5, 103, 201, 70, 14, 9, 6]
50  7  [14, 9, 6, 5, 103, 201, 70]
51  7  [5, 103, 201, 70, 14, 9, 6]
52  7  [9, 6, 5, 103, 201, 70, 14]
53  7  [14, 9, 6, 5, 103, 201, 70]
54  7  [103, 201, 70, 14, 9, 6, 5]
55  7  [5, 103, 201, 70, 14, 9, 6]
56  7  [9, 6, 5, 103, 201, 70, 14]
57  7  [14, 9, 6, 5, 103, 201, 70]
58  7  [5, 103, 201, 70, 14, 9, 6]
59  7  [103, 201, 70, 14, 9, 6, 5]
60  7  [14, 9, 6, 5, 103, 201, 70]
61  7  [70, 14, 9, 6, 5, 103, 201]
62  7  [6, 5, 103, 201, 70, 14, 9]
63  7  [9, 6, 5, 103, 201, 70, 14]
64  7  [14, 9, 6, 5, 103, 201, 70]
65  7  [5, 103, 201, 70, 14, 9, 6]
66  7  [5, 103, 201, 70, 14, 9, 6]
67  2  [19, 117]
68  7  [70, 14, 9, 6, 5, 103, 201]
69  7  [6, 5, 103, 201, 70, 14, 9]
70  7  [5, 103, 201, 70, 14, 9, 6]
71  7  [9, 6, 5, 103, 201, 70, 14]
72  7  [14, 9, 6, 5, 103, 201, 70]
73  7  [201, 70, 14, 9, 6, 5, 103]
74  7  [6, 5, 103, 201, 70, 14, 9]
75  7  [9, 6, 5, 103, 201, 70, 14]
76  7  [201, 70, 14, 9, 6, 5, 103]
77  7  [5, 103, 201, 70, 14, 9, 6]
78  7  [5, 103, 201, 70, 14, 9, 6]
79  7  [14, 9, 6, 5, 103, 201, 70]
80  7  [9, 6, 5, 103, 201, 70, 14]
81  7  [14, 9, 6, 5, 103, 201, 70]
82  7  [103, 201, 70, 14, 9, 6, 5]
83  7  [70, 14, 9, 6, 5, 103, 201]
84  7  [5, 103, 201, 70, 14, 9, 6]
85  7  [14, 9, 6, 5, 103, 201, 70]
86  7  [5, 103, 201, 70, 14, 9, 6]
87  7  [70, 14, 9, 6, 5, 103, 201]
88  7  [9, 6, 5, 103, 201, 70, 14]
89  7  [6, 5, 103, 201, 70, 14, 9]
90  7  [9, 6, 5, 103, 201, 70, 14]
91  7  [5, 103, 201, 70, 14, 9, 6]
92  7  [5, 103, 201, 70, 14, 9, 6]
93  2  [19, 117]
94  7  [6, 5, 103, 201, 70, 14, 9]
95  7  [5, 103, 201, 70, 14, 9, 6]
96  7  [9, 6, 5, 103, 201, 70, 14]
97  7  [201, 70, 14, 9, 6, 5, 103]
98  7  [5, 103, 201, 70, 14, 9, 6]
99  7  [9, 6, 5, 103, 201, 70, 14]
100  7  [5, 103, 201, 70, 14, 9, 6]
101  7  [9, 6, 5, 103, 201, 70, 14]
102  7  [14, 9, 6, 5, 103, 201, 70]
103  7  [9, 6, 5, 103, 201, 70, 14]
104  2  [117, 19]
