1,1,0,[1],[0]
2,10,9,[5, 6, 8, 11, 16, 40, 140, 411, 812, 818],[1, 0, 0, 1, 0, 0, 0, 0, 0, 0]
3,4,7,[7, 12, 50, 814],[1, 0, 0, 0]
4,1,0,[4],[0]
5,10,0,[5, 6, 8, 11, 16, 40, 140, 411, 812, 818],[1, 0, 0, 1, 0, 0, 0, 0, 0, 0]
6,10,0,[5, 6, 8, 11, 16, 40, 140, 411, 812, 818],[1, 0, 0, 1, 0, 0, 0, 0, 0, 0]
7,4,0,[7, 12, 50, 814],[1, 0, 0, 0]
8,10,0,[5, 6, 8, 11, 16, 40, 140, 411, 812, 818],[1, 0, 0, 1, 0, 0, 0, 0, 0, 0]
9,10,1,[5, 6, 8, 11, 16, 40, 140, 411, 812, 818],[1, 0, 0, 1, 0, 0, 0, 0, 0, 0]
10,4,1,[7, 12, 50, 814],[1, 0, 0, 0]
11,10,0,[5, 6, 8, 11, 16, 40, 140, 411, 812, 818],[1, 0, 0, 1, 0, 0, 0, 0, 0, 0]
12,4,0,[7, 12, 50, 814],[1, 0, 0, 0]
13,4,2,[7, 12, 50, 814],[1, 0, 0, 0]
14,10,2,[5, 6, 8, 11, 16, 40, 140, 411, 812, 818],[1, 0, 0, 1, 0, 0, 0, 0, 0, 0]
15,10,1,[5, 6, 8, 11, 16, 40, 140, 411, 812, 818],[1, 0, 0, 1, 0, 0, 0, 0, 0, 0]
16,10,0,[5, 6, 8, 11, 16, 40, 140, 411, 812, 818],[1, 0, 0, 1, 0, 0, 0, 0, 0, 0]
17,10,8,[5, 6, 8, 11, 16, 40, 140, 411, 812, 818],[1, 0, 0, 1, 0, 0, 0, 0, 0, 0]
18,10,1,[5, 6, 8, 11, 16, 40, 140, 411, 812, 818],[1, 0, 0, 1, 0, 0, 0, 0, 0, 0]
19,4,5,[7, 12, 50, 814],[1, 0, 0, 0]
20,10,2,[5, 6, 8, 11, 16, 40, 140, 411, 812, 818],[1, 0, 0, 1, 0, 0, 0, 0, 0, 0]
21,4,2,[7, 12, 50, 814],[1, 0, 0, 0]
22,4,3,[7, 12, 50, 814],[1, 0, 0, 0]
23,4,5,[7, 12, 50, 814],[1, 0, 0, 0]
24,10,2,[5, 6, 8, 11, 16, 40, 140, 411, 812, 818],[1, 0, 0, 1, 0, 0, 0, 0, 0, 0]
25,4,2,[7, 12, 50, 814],[1, 0, 0, 0]
26,10,2,[5, 6, 8, 11, 16, 40, 140, 411, 812, 818],[1, 0, 0, 1, 0, 0, 0, 0, 0, 0]
27,10,2,[5, 6, 8, 11, 16, 40, 140, 411, 812, 818],[1, 0, 0, 1, 0, 0, 0, 0, 0, 0]
28,10,1,[5, 6, 8, 11, 16, 40, 140, 411, 812, 818],[1, 0, 0, 1, 0, 0, 0, 0, 0, 0]
29,4,8,[7, 12, 50, 814],[1, 0, 0, 0]
30,4,2,[7, 12, 50, 814],[1, 0, 0, 0]
31,7,0,[31, 58, 311, 421, 838, 1118, 1228],[1, 0, 1, 1, 0, 0, 0]
32,4,2,[7, 12, 50, 814],[1, 0, 0, 0]
33,10,3,[5, 6, 8, 11, 16, 40, 140, 411, 812, 818],[1, 0, 0, 1, 0, 0, 0, 0, 0, 0]
34,4,6,[7, 12, 50, 814],[1, 0, 0, 0]
35,4,1,[7, 12, 50, 814],[1, 0, 0, 0]
36,4,2,[7, 12, 50, 814],[1, 0, 0, 0]
37,10,4,[5, 6, 8, 11, 16, 40, 140, 411, 812, 818],[1, 0, 0, 1, 0, 0, 0, 0, 0, 0]
38,4,3,[7, 12, 50, 814],[1, 0, 0, 0]
39,10,1,[5, 6, 8, 11, 16, 40, 140, 411, 812, 818],[1, 0, 0, 1, 0, 0, 0, 0, 0, 0]
40,10,0,[5, 6, 8, 11, 16, 40, 140, 411, 812, 818],[1, 0, 0, 1, 0, 0, 0, 0, 0, 0]
41,4,5,[7, 12, 50, 814],[1, 0, 0, 0]
42,4,1,[7, 12, 50, 814],[1, 0, 0, 0]
43,4,10,[7, 12, 50, 814],[1, 0, 0, 0]
44,10,2,[5, 6, 8, 11, 16, 40, 140, 411, 812, 818],[1, 0, 0, 1, 0, 0, 0, 0, 0, 0]
45,10,1,[5, 6, 8, 11, 16, 40, 140, 411, 812, 818],[1, 0, 0, 1, 0, 0, 0, 0, 0, 0]
46,4,3,[7, 12, 50, 814],[1, 0, 0, 0]
47,10,5,[5, 6, 8, 11, 16, 40, 140, 411, 812, 818],[1, 0, 0, 1, 0, 0, 0, 0, 0, 0]
48,10,1,[5, 6, 8, 11, 16, 40, 140, 411, 812, 818],[1, 0, 0, 1, 0, 0, 0, 0, 0, 0]
49,10,3,[5, 6, 8, 11, 16, 40, 140, 411, 812, 818],[1, 0, 0, 1, 0, 0, 0, 0, 0, 0]
50,4,0,[7, 12, 50, 814],[1, 0, 0, 0]
51,10,3,[5, 6, 8, 11, 16, 40, 140, 411, 812, 818],[1, 0, 0, 1, 0, 0, 0, 0, 0, 0]
52,10,9,[5, 6, 8, 11, 16, 40, 140, 411, 812, 818],[1, 0, 0, 1, 0, 0, 0, 0, 0, 0]
53,10,11,[5, 6, 8, 11, 16, 40, 140, 411, 812, 818],[1, 0, 0, 1, 0, 0, 0, 0, 0, 0]
54,10,1,[5, 6, 8, 11, 16, 40, 140, 411, 812, 818],[1, 0, 0, 1, 0, 0, 0, 0, 0, 0]
55,10,1,[5, 6, 8, 11, 16, 40, 140, 411, 812, 818],[1, 0, 0, 1, 0, 0, 0, 0, 0, 0]
56,4,3,[7, 12, 50, 814],[1, 0, 0, 0]
57,4,4,[7, 12, 50, 814],[1, 0, 0, 0]
58,7,0,[31, 58, 311, 421, 838, 1118, 1228],[1, 0, 1, 1, 0, 0, 0]
59,10,7,[5, 6, 8, 11, 16, 40, 140, 411, 812, 818],[1, 0, 0, 1, 0, 0, 0, 0, 0, 0]
60,4,1,[7, 12, 50, 814],[1, 0, 0, 0]
61,4,3,[7, 12, 50, 814],[1, 0, 0, 0]
62,10,4,[5, 6, 8, 11, 16, 40, 140, 411, 812, 818],[1, 0, 0, 1, 0, 0, 0, 0, 0, 0]
63,4,3,[7, 12, 50, 814],[1, 0, 0, 0]
64,4,1,[7, 12, 50, 814],[1, 0, 0, 0]
65,10,2,[5, 6, 8, 11, 16, 40, 140, 411, 812, 818],[1, 0, 0, 1, 0, 0, 0, 0, 0, 0]
66,10,1,[5, 6, 8, 11, 16, 40, 140, 411, 812, 818],[1, 0, 0, 1, 0, 0, 0, 0, 0, 0]
67,10,4,[5, 6, 8, 11, 16, 40, 140, 411, 812, 818],[1, 0, 0, 1, 0, 0, 0, 0, 0, 0]
68,4,3,[7, 12, 50, 814],[1, 0, 0, 0]
69,10,3,[5, 6, 8, 11, 16, 40, 140, 411, 812, 818],[1, 0, 0, 1, 0, 0, 0, 0, 0, 0]
70,10,3,[5, 6, 8, 11, 16, 40, 140, 411, 812, 818],[1, 0, 0, 1, 0, 0, 0, 0, 0, 0]
71,10,5,[5, 6, 8, 11, 16, 40, 140, 411, 812, 818],[1, 0, 0, 1, 0, 0, 0, 0, 0, 0]
72,4,1,[7, 12, 50, 814],[1, 0, 0, 0]
73,10,4,[5, 6, 8, 11, 16, 40, 140, 411, 812, 818],[1, 0, 0, 1, 0, 0, 0, 0, 0, 0]
74,10,2,[5, 6, 8, 11, 16, 40, 140, 411, 812, 818],[1, 0, 0, 1, 0, 0, 0, 0, 0, 0]
75,4,3,[7, 12, 50, 814],[1, 0, 0, 0]
76,4,6,[7, 12, 50, 814],[1, 0, 0, 0]
77,10,2,[5, 6, 8, 11, 16, 40, 140, 411, 812, 818],[1, 0, 0, 1, 0, 0, 0, 0, 0, 0]
78,10,2,[5, 6, 8, 11, 16, 40, 140, 411, 812, 818],[1, 0, 0, 1, 0, 0, 0, 0, 0, 0]
79,10,7,[5, 6, 8, 11, 16, 40, 140, 411, 812, 818],[1, 0, 0, 1, 0, 0, 0, 0, 0, 0]
80,4,3,[7, 12, 50, 814],[1, 0, 0, 0]
81,4,1,[7, 12, 50, 814],[1, 0, 0, 0]
82,4,11,[7, 12, 50, 814],[1, 0, 0, 0]
83,4,5,[7, 12, 50, 814],[1, 0, 0, 0]
84,10,3,[5, 6, 8, 11, 16, 40, 140, 411, 812, 818],[1, 0, 0, 1, 0, 0, 0, 0, 0, 0]
85,4,4,[7, 12, 50, 814],[1, 0, 0, 0]
86,10,2,[5, 6, 8, 11, 16, 40, 140, 411, 812, 818],[1, 0, 0, 1, 0, 0, 0, 0, 0, 0]
87,4,3,[7, 12, 50, 814],[1, 0, 0, 0]
88,10,9,[5, 6, 8, 11, 16, 40, 140, 411, 812, 818],[1, 0, 0, 1, 0, 0, 0, 0, 0, 0]
89,4,4,[7, 12, 50, 814],[1, 0, 0, 0]
90,4,3,[7, 12, 50, 814],[1, 0, 0, 0]
91,10,3,[5, 6, 8, 11, 16, 40, 140, 411, 812, 818],[1, 0, 0, 1, 0, 0, 0, 0, 0, 0]
92,10,3,[5, 6, 8, 11, 16, 40, 140, 411, 812, 818],[1, 0, 0, 1, 0, 0, 0, 0, 0, 0]
93,4,7,[7, 12, 50, 814],[1, 0, 0, 0]
94,10,4,[5, 6, 8, 11, 16, 40, 140, 411, 812, 818],[1, 0, 0, 1, 0, 0, 0, 0, 0, 0]
95,10,3,[5, 6, 8, 11, 16, 40, 140, 411, 812, 818],[1, 0, 0, 1, 0, 0, 0, 0, 0, 0]
96,4,3,[7, 12, 50, 814],[1, 0, 0, 0]
97,10,5,[5, 6, 8, 11, 16, 40, 140, 411, 812, 818],[1, 0, 0, 1, 0, 0, 0, 0, 0, 0]
98,10,1,[5, 6, 8, 11, 16, 40, 140, 411, 812, 818],[1, 0, 0, 1, 0, 0, 0, 0, 0, 0]
99,10,9,[5, 6, 8, 11, 16, 40, 140, 411, 812, 818],[1, 0, 0, 1, 0, 0, 0, 0, 0, 0]
100,10,3,[5, 6, 8, 11, 16, 40, 140, 411, 812, 818],[1, 0, 0, 1, 0, 0, 0, 0, 0, 0]
