1,1,0,[1]
2,7,10,[8, 6, 5, 213, 74, 39, 16]
3,7,13,[5, 213, 74, 39, 16, 8, 6]
4,1,0,[4]
5,7,6,[213, 74, 39, 16, 8, 6, 5]
6,7,6,[5, 213, 74, 39, 16, 8, 6]
7,10,9,[215, 48, 11, 219, 76, 23, 231, 21, 10, 7]
8,7,6,[6, 5, 213, 74, 39, 16, 8]
9,7,7,[5, 213, 74, 39, 16, 8, 6]
10,10,9,[7, 215, 48, 11, 219, 76, 23, 231, 21, 10]
11,10,9,[219, 76, 23, 231, 21, 10, 7, 215, 48, 11]
12,10,10,[215, 48, 11, 219, 76, 23, 231, 21, 10, 7]
13,10,12,[7, 215, 48, 11, 219, 76, 23, 231, 21, 10]
14,7,8,[5, 213, 74, 39, 16, 8, 6]
15,7,7,[6, 5, 213, 74, 39, 16, 8]
16,7,6,[8, 6, 5, 213, 74, 39, 16]
17,7,8,[8, 6, 5, 213, 74, 39, 16]
18,7,7,[6, 5, 213, 74, 39, 16, 8]
19,5,4,[227, 435, 37, 245, 19]
20,7,8,[5, 213, 74, 39, 16, 8, 6]
21,10,9,[10, 7, 215, 48, 11, 219, 76, 23, 231, 21]
22,10,13,[7, 215, 48, 11, 219, 76, 23, 231, 21, 10]
23,10,9,[231, 21, 10, 7, 215, 48, 11, 219, 76, 23]
24,7,8,[5, 213, 74, 39, 16, 8, 6]
25,10,10,[7, 215, 48, 11, 219, 76, 23, 231, 21, 10]
26,7,8,[6, 5, 213, 74, 39, 16, 8]
27,7,8,[5, 213, 74, 39, 16, 8, 6]
28,10,10,[219, 76, 23, 231, 21, 10, 7, 215, 48, 11]
29,7,14,[6, 5, 213, 74, 39, 16, 8]
30,10,10,[7, 215, 48, 11, 219, 76, 23, 231, 21, 10]
31,10,14,[7, 215, 48, 11, 219, 76, 23, 231, 21, 10]
32,10,10,[7, 215, 48, 11, 219, 76, 23, 231, 21, 10]
33,7,9,[5, 213, 74, 39, 16, 8, 6]
34,5,5,[227, 435, 37, 245, 19]
35,10,11,[215, 48, 11, 219, 76, 23, 231, 21, 10, 7]
36,10,10,[7, 215, 48, 11, 219, 76, 23, 231, 21, 10]
37,5,4,[245, 19, 227, 435, 37]
38,10,10,[10, 7, 215, 48, 11, 219, 76, 23, 231, 21]
39,7,6,[16, 8, 6, 5, 213, 74, 39]
40,10,10,[219, 76, 23, 231, 21, 10, 7, 215, 48, 11]
41,10,13,[219, 76, 23, 231, 21, 10, 7, 215, 48, 11]
42,10,11,[215, 48, 11, 219, 76, 23, 231, 21, 10, 7]
43,7,11,[6, 5, 213, 74, 39, 16, 8]
44,7,8,[6, 5, 213, 74, 39, 16, 8]
45,10,10,[219, 76, 23, 231, 21, 10, 7, 215, 48, 11]
46,10,11,[7, 215, 48, 11, 219, 76, 23, 231, 21, 10]
47,10,12,[7, 215, 48, 11, 219, 76, 23, 231, 21, 10]
48,10,9,[11, 219, 76, 23, 231, 21, 10, 7, 215, 48]
49,7,9,[5, 213, 74, 39, 16, 8, 6]
50,10,11,[215, 48, 11, 219, 76, 23, 231, 21, 10, 7]
51,7,9,[5, 213, 74, 39, 16, 8, 6]
52,7,9,[8, 6, 5, 213, 74, 39, 16]
53,10,13,[215, 48, 11, 219, 76, 23, 231, 21, 10, 7]
54,10,10,[219, 76, 23, 231, 21, 10, 7, 215, 48, 11]
55,7,7,[8, 6, 5, 213, 74, 39, 16]
56,10,13,[7, 215, 48, 11, 219, 76, 23, 231, 21, 10]
57,10,14,[7, 215, 48, 11, 219, 76, 23, 231, 21, 10]
58,10,15,[7, 215, 48, 11, 219, 76, 23, 231, 21, 10]
59,7,11,[5, 213, 74, 39, 16, 8, 6]
60,10,11,[215, 48, 11, 219, 76, 23, 231, 21, 10, 7]
61,7,14,[5, 213, 74, 39, 16, 8, 6]
62,7,10,[5, 213, 74, 39, 16, 8, 6]
63,10,13,[7, 215, 48, 11, 219, 76, 23, 231, 21, 10]
64,10,11,[215, 48, 11, 219, 76, 23, 231, 21, 10, 7]
65,7,8,[6, 5, 213, 74, 39, 16, 8]
66,7,7,[8, 6, 5, 213, 74, 39, 16]
67,10,11,[10, 7, 215, 48, 11, 219, 76, 23, 231, 21]
68,10,10,[10, 7, 215, 48, 11, 219, 76, 23, 231, 21]
69,7,9,[6, 5, 213, 74, 39, 16, 8]
70,7,9,[5, 213, 74, 39, 16, 8, 6]
71,5,6,[245, 19, 227, 435, 37]
72,10,11,[215, 48, 11, 219, 76, 23, 231, 21, 10, 7]
73,10,18,[7, 215, 48, 11, 219, 76, 23, 231, 21, 10]
74,7,6,[39, 16, 8, 6, 5, 213, 74]
75,10,13,[7, 215, 48, 11, 219, 76, 23, 231, 21, 10]
76,10,9,[23, 231, 21, 10, 7, 215, 48, 11, 219, 76]
77,7,8,[6, 5, 213, 74, 39, 16, 8]
78,7,8,[6, 5, 213, 74, 39, 16, 8]
79,10,11,[11, 219, 76, 23, 231, 21, 10, 7, 215, 48]
80,10,13,[7, 215, 48, 11, 219, 76, 23, 231, 21, 10]
81,10,11,[215, 48, 11, 219, 76, 23, 231, 21, 10, 7]
82,7,12,[6, 5, 213, 74, 39, 16, 8]
83,7,11,[5, 213, 74, 39, 16, 8, 6]
84,7,9,[5, 213, 74, 39, 16, 8, 6]
85,10,14,[7, 215, 48, 11, 219, 76, 23, 231, 21, 10]
86,10,11,[219, 76, 23, 231, 21, 10, 7, 215, 48, 11]
87,10,11,[7, 215, 48, 11, 219, 76, 23, 231, 21, 10]
88,7,9,[8, 6, 5, 213, 74, 39, 16]
89,7,10,[5, 213, 74, 39, 16, 8, 6]
90,10,13,[7, 215, 48, 11, 219, 76, 23, 231, 21, 10]
91,7,9,[5, 213, 74, 39, 16, 8, 6]
92,7,9,[5, 213, 74, 39, 16, 8, 6]
93,5,6,[227, 435, 37, 245, 19]
94,7,10,[5, 213, 74, 39, 16, 8, 6]
95,7,9,[5, 213, 74, 39, 16, 8, 6]
96,10,13,[7, 215, 48, 11, 219, 76, 23, 231, 21, 10]
97,7,9,[8, 6, 5, 213, 74, 39, 16]
98,7,7,[8, 6, 5, 213, 74, 39, 16]
99,7,9,[8, 6, 5, 213, 74, 39, 16]
100,7,9,[5, 213, 74, 39, 16, 8, 6]
101,7,10,[8, 6, 5, 213, 74, 39, 16]
102,10,14,[7, 215, 48, 11, 219, 76, 23, 231, 21, 10]
103,5,8,[227, 435, 37, 245, 19]
104,5,5,[227, 435, 37, 245, 19]
105,7,8,[6, 5, 213, 74, 39, 16, 8]
106,7,8,[8, 6, 5, 213, 74, 39, 16]
107,7,9,[6, 5, 213, 74, 39, 16, 8]
108,10,13,[7, 215, 48, 11, 219, 76, 23, 231, 21, 10]
109,7,11,[5, 213, 74, 39, 16, 8, 6]
110,7,8,[6, 5, 213, 74, 39, 16, 8]
111,10,11,[219, 76, 23, 231, 21, 10, 7, 215, 48, 11]
112,7,8,[6, 5, 213, 74, 39, 16, 8]
113,7,10,[6, 5, 213, 74, 39, 16, 8]
114,7,9,[5, 213, 74, 39, 16, 8, 6]
115,10,11,[219, 76, 23, 231, 21, 10, 7, 215, 48, 11]
116,7,10,[5, 213, 74, 39, 16, 8, 6]
117,5,5,[227, 435, 37, 245, 19]
118,7,15,[5, 213, 74, 39, 16, 8, 6]
119,7,9,[5, 213, 74, 39, 16, 8, 6]
120,7,9,[5, 213, 74, 39, 16, 8, 6]
121,10,14,[7, 215, 48, 11, 219, 76, 23, 231, 21, 10]
122,10,14,[7, 215, 48, 11, 219, 76, 23, 231, 21, 10]
123,7,9,[6, 5, 213, 74, 39, 16, 8]
124,10,12,[215, 48, 11, 219, 76, 23, 231, 21, 10, 7]
125,7,8,[6, 5, 213, 74, 39, 16, 8]
126,7,8,[6, 5, 213, 74, 39, 16, 8]
127,10,13,[215, 48, 11, 219, 76, 23, 231, 21, 10, 7]
128,7,9,[5, 213, 74, 39, 16, 8, 6]
129,10,12,[7, 215, 48, 11, 219, 76, 23, 231, 21, 10]
130,7,9,[5, 213, 74, 39, 16, 8, 6]
131,7,12,[5, 213, 74, 39, 16, 8, 6]
132,7,8,[6, 5, 213, 74, 39, 16, 8]
133,7,9,[6, 5, 213, 74, 39, 16, 8]
134,7,10,[6, 5, 213, 74, 39, 16, 8]
135,7,9,[5, 213, 74, 39, 16, 8, 6]
136,10,10,[231, 21, 10, 7, 215, 48, 11, 219, 76, 23]
137,10,16,[7, 215, 48, 11, 219, 76, 23, 231, 21, 10]
138,10,11,[219, 76, 23, 231, 21, 10, 7, 215, 48, 11]
139,10,13,[219, 76, 23, 231, 21, 10, 7, 215, 48, 11]
140,7,7,[8, 6, 5, 213, 74, 39, 16]
141,10,12,[215, 48, 11, 219, 76, 23, 231, 21, 10, 7]
142,10,19,[7, 215, 48, 11, 219, 76, 23, 231, 21, 10]
143,7,9,[5, 213, 74, 39, 16, 8, 6]
144,7,9,[5, 213, 74, 39, 16, 8, 6]
145,5,6,[227, 435, 37, 245, 19]
146,10,14,[7, 215, 48, 11, 219, 76, 23, 231, 21, 10]
147,7,9,[8, 6, 5, 213, 74, 39, 16]
148,10,14,[219, 76, 23, 231, 21, 10, 7, 215, 48, 11]
149,7,10,[5, 213, 74, 39, 16, 8, 6]
150,7,8,[6, 5, 213, 74, 39, 16, 8]
151,5,7,[227, 435, 37, 245, 19]
152,10,11,[7, 215, 48, 11, 219, 76, 23, 231, 21, 10]
153,10,10,[231, 21, 10, 7, 215, 48, 11, 219, 76, 23]
154,7,9,[5, 213, 74, 39, 16, 8, 6]
155,10,11,[7, 215, 48, 11, 219, 76, 23, 231, 21, 10]
156,7,9,[5, 213, 74, 39, 16, 8, 6]
157,7,10,[6, 5, 213, 74, 39, 16, 8]
158,10,12,[215, 48, 11, 219, 76, 23, 231, 21, 10, 7]
159,10,14,[7, 215, 48, 11, 219, 76, 23, 231, 21, 10]
160,7,8,[6, 5, 213, 74, 39, 16, 8]
161,10,11,[7, 215, 48, 11, 219, 76, 23, 231, 21, 10]
162,7,9,[5, 213, 74, 39, 16, 8, 6]
163,10,13,[215, 48, 11, 219, 76, 23, 231, 21, 10, 7]
164,10,11,[219, 76, 23, 231, 21, 10, 7, 215, 48, 11]
165,5,5,[227, 435, 37, 245, 19]
166,10,15,[7, 215, 48, 11, 219, 76, 23, 231, 21, 10]
167,7,9,[6, 5, 213, 74, 39, 16, 8]
168,7,7,[8, 6, 5, 213, 74, 39, 16]
169,7,9,[6, 5, 213, 74, 39, 16, 8]
170,7,9,[5, 213, 74, 39, 16, 8, 6]
171,10,11,[7, 215, 48, 11, 219, 76, 23, 231, 21, 10]
172,10,13,[7, 215, 48, 11, 219, 76, 23, 231, 21, 10]
173,7,11,[5, 213, 74, 39, 16, 8, 6]
174,5,6,[227, 435, 37, 245, 19]
175,7,9,[8, 6, 5, 213, 74, 39, 16]
176,5,5,[227, 435, 37, 245, 19]
177,7,11,[5, 213, 74, 39, 16, 8, 6]
178,7,10,[5, 213, 74, 39, 16, 8, 6]
179,7,11,[5, 213, 74, 39, 16, 8, 6]
180,7,8,[6, 5, 213, 74, 39, 16, 8]
181,5,12,[227, 435, 37, 245, 19]
182,10,14,[7, 215, 48, 11, 219, 76, 23, 231, 21, 10]
183,10,12,[215, 48, 11, 219, 76, 23, 231, 21, 10, 7]
184,7,15,[6, 5, 213, 74, 39, 16, 8]
185,10,12,[215, 48, 11, 219, 76, 23, 231, 21, 10, 7]
186,10,11,[7, 215, 48, 11, 219, 76, 23, 231, 21, 10]
187,10,11,[219, 76, 23, 231, 21, 10, 7, 215, 48, 11]
188,7,10,[5, 213, 74, 39, 16, 8, 6]
189,7,7,[8, 6, 5, 213, 74, 39, 16]
190,7,9,[6, 5, 213, 74, 39, 16, 8]
191,7,16,[6, 5, 213, 74, 39, 16, 8]
192,7,8,[6, 5, 213, 74, 39, 16, 8]
193,7,9,[16, 8, 6, 5, 213, 74, 39]
194,7,10,[8, 6, 5, 213, 74, 39, 16]
195,10,10,[10, 7, 215, 48, 11, 219, 76, 23, 231, 21]
196,7,8,[6, 5, 213, 74, 39, 16, 8]
197,7,10,[8, 6, 5, 213, 74, 39, 16]
198,5,5,[227, 435, 37, 245, 19]
199,10,11,[11, 219, 76, 23, 231, 21, 10, 7, 215, 48]
200,7,7,[8, 6, 5, 213, 74, 39, 16]
