1  1  [1]
2  15  [54, 11, 173, 335, 72, 12, 7, 169, 26, 15, 8, 6, 5, 167, 329]
3  15  [11, 173, 335, 72, 12, 7, 169, 26, 15, 8, 6, 5, 167, 329, 54]
4  1  [4]
5  15  [329, 54, 11, 173, 335, 72, 12, 7, 169, 26, 15, 8, 6, 5, 167]
6  15  [167, 329, 54, 11, 173, 335, 72, 12, 7, 169, 26, 15, 8, 6, 5]
7  15  [26, 15, 8, 6, 5, 167, 329, 54, 11, 173, 335, 72, 12, 7, 169]
8  15  [5, 167, 329, 54, 11, 173, 335, 72, 12, 7, 169, 26, 15, 8, 6]
9  15  [5, 167, 329, 54, 11, 173, 335, 72, 12, 7, 169, 26, 15, 8, 6]
10  15  [169, 26, 15, 8, 6, 5, 167, 329, 54, 11, 173, 335, 72, 12, 7]
11  15  [335, 72, 12, 7, 169, 26, 15, 8, 6, 5, 167, 329, 54, 11, 173]
12  15  [169, 26, 15, 8, 6, 5, 167, 329, 54, 11, 173, 335, 72, 12, 7]
13  15  [11, 173, 335, 72, 12, 7, 169, 26, 15, 8, 6, 5, 167, 329, 54]
14  15  [6, 5, 167, 329, 54, 11, 173, 335, 72, 12, 7, 169, 26, 15, 8]
15  15  [6, 5, 167, 329, 54, 11, 173, 335, 72, 12, 7, 169, 26, 15, 8]
16  15  [6, 5, 167, 329, 54, 11, 173, 335, 72, 12, 7, 169, 26, 15, 8]
17  15  [335, 72, 12, 7, 169, 26, 15, 8, 6, 5, 167, 329, 54, 11, 173]
18  15  [6, 5, 167, 329, 54, 11, 173, 335, 72, 12, 7, 169, 26, 15, 8]
19  15  [335, 72, 12, 7, 169, 26, 15, 8, 6, 5, 167, 329, 54, 11, 173]
20  15  [6, 5, 167, 329, 54, 11, 173, 335, 72, 12, 7, 169, 26, 15, 8]
21  15  [7, 169, 26, 15, 8, 6, 5, 167, 329, 54, 11, 173, 335, 72, 12]
22  15  [54, 11, 173, 335, 72, 12, 7, 169, 26, 15, 8, 6, 5, 167, 329]
23  15  [72, 12, 7, 169, 26, 15, 8, 6, 5, 167, 329, 54, 11, 173, 335]
24  15  [6, 5, 167, 329, 54, 11, 173, 335, 72, 12, 7, 169, 26, 15, 8]
25  15  [7, 169, 26, 15, 8, 6, 5, 167, 329, 54, 11, 173, 335, 72, 12]
26  15  [8, 6, 5, 167, 329, 54, 11, 173, 335, 72, 12, 7, 169, 26, 15]
27  15  [6, 5, 167, 329, 54, 11, 173, 335, 72, 12, 7, 169, 26, 15, 8]
28  15  [173, 335, 72, 12, 7, 169, 26, 15, 8, 6, 5, 167, 329, 54, 11]
29  15  [6, 5, 167, 329, 54, 11, 173, 335, 72, 12, 7, 169, 26, 15, 8]
30  15  [7, 169, 26, 15, 8, 6, 5, 167, 329, 54, 11, 173, 335, 72, 12]
31  15  [54, 11, 173, 335, 72, 12, 7, 169, 26, 15, 8, 6, 5, 167, 329]
32  15  [7, 169, 26, 15, 8, 6, 5, 167, 329, 54, 11, 173, 335, 72, 12]
33  15  [8, 6, 5, 167, 329, 54, 11, 173, 335, 72, 12, 7, 169, 26, 15]
34  15  [173, 335, 72, 12, 7, 169, 26, 15, 8, 6, 5, 167, 329, 54, 11]
35  15  [7, 169, 26, 15, 8, 6, 5, 167, 329, 54, 11, 173, 335, 72, 12]
36  15  [7, 169, 26, 15, 8, 6, 5, 167, 329, 54, 11, 173, 335, 72, 12]
37  15  [173, 335, 72, 12, 7, 169, 26, 15, 8, 6, 5, 167, 329, 54, 11]
38  15  [12, 7, 169, 26, 15, 8, 6, 5, 167, 329, 54, 11, 173, 335, 72]
39  15  [8, 6, 5, 167, 329, 54, 11, 173, 335, 72, 12, 7, 169, 26, 15]
40  15  [173, 335, 72, 12, 7, 169, 26, 15, 8, 6, 5, 167, 329, 54, 11]
41  15  [72, 12, 7, 169, 26, 15, 8, 6, 5, 167, 329, 54, 11, 173, 335]
42  15  [7, 169, 26, 15, 8, 6, 5, 167, 329, 54, 11, 173, 335, 72, 12]
43  15  [335, 72, 12, 7, 169, 26, 15, 8, 6, 5, 167, 329, 54, 11, 173]
44  15  [8, 6, 5, 167, 329, 54, 11, 173, 335, 72, 12, 7, 169, 26, 15]
45  15  [173, 335, 72, 12, 7, 169, 26, 15, 8, 6, 5, 167, 329, 54, 11]
46  15  [12, 7, 169, 26, 15, 8, 6, 5, 167, 329, 54, 11, 173, 335, 72]
47  15  [72, 12, 7, 169, 26, 15, 8, 6, 5, 167, 329, 54, 11, 173, 335]
48  15  [173, 335, 72, 12, 7, 169, 26, 15, 8, 6, 5, 167, 329, 54, 11]
49  15  [8, 6, 5, 167, 329, 54, 11, 173, 335, 72, 12, 7, 169, 26, 15]
50  15  [7, 169, 26, 15, 8, 6, 5, 167, 329, 54, 11, 173, 335, 72, 12]
51  15  [8, 6, 5, 167, 329, 54, 11, 173, 335, 72, 12, 7, 169, 26, 15]
52  15  [173, 335, 72, 12, 7, 169, 26, 15, 8, 6, 5, 167, 329, 54, 11]
53  15  [54, 11, 173, 335, 72, 12, 7, 169, 26, 15, 8, 6, 5, 167, 329]
54  15  [173, 335, 72, 12, 7, 169, 26, 15, 8, 6, 5, 167, 329, 54, 11]
55  15  [8, 6, 5, 167, 329, 54, 11, 173, 335, 72, 12, 7, 169, 26, 15]
56  15  [54, 11, 173, 335, 72, 12, 7, 169, 26, 15, 8, 6, 5, 167, 329]
57  15  [329, 54, 11, 173, 335, 72, 12, 7, 169, 26, 15, 8, 6, 5, 167]
58  15  [329, 54, 11, 173, 335, 72, 12, 7, 169, 26, 15, 8, 6, 5, 167]
59  15  [72, 12, 7, 169, 26, 15, 8, 6, 5, 167, 329, 54, 11, 173, 335]
60  15  [7, 169, 26, 15, 8, 6, 5, 167, 329, 54, 11, 173, 335, 72, 12]
61  15  [11, 173, 335, 72, 12, 7, 169, 26, 15, 8, 6, 5, 167, 329, 54]
62  15  [15, 8, 6, 5, 167, 329, 54, 11, 173, 335, 72, 12, 7, 169, 26]
63  15  [54, 11, 173, 335, 72, 12, 7, 169, 26, 15, 8, 6, 5, 167, 329]
64  15  [7, 169, 26, 15, 8, 6, 5, 167, 329, 54, 11, 173, 335, 72, 12]
65  15  [8, 6, 5, 167, 329, 54, 11, 173, 335, 72, 12, 7, 169, 26, 15]
66  15  [8, 6, 5, 167, 329, 54, 11, 173, 335, 72, 12, 7, 169, 26, 15]
67  15  [329, 54, 11, 173, 335, 72, 12, 7, 169, 26, 15, 8, 6, 5, 167]
68  15  [12, 7, 169, 26, 15, 8, 6, 5, 167, 329, 54, 11, 173, 335, 72]
69  15  [15, 8, 6, 5, 167, 329, 54, 11, 173, 335, 72, 12, 7, 169, 26]
70  15  [8, 6, 5, 167, 329, 54, 11, 173, 335, 72, 12, 7, 169, 26, 15]
71  15  [169, 26, 15, 8, 6, 5, 167, 329, 54, 11, 173, 335, 72, 12, 7]
72  15  [7, 169, 26, 15, 8, 6, 5, 167, 329, 54, 11, 173, 335, 72, 12]
73  15  [54, 11, 173, 335, 72, 12, 7, 169, 26, 15, 8, 6, 5, 167, 329]
74  15  [15, 8, 6, 5, 167, 329, 54, 11, 173, 335, 72, 12, 7, 169, 26]
75  15  [54, 11, 173, 335, 72, 12, 7, 169, 26, 15, 8, 6, 5, 167, 329]
76  15  [335, 72, 12, 7, 169, 26, 15, 8, 6, 5, 167, 329, 54, 11, 173]
77  15  [8, 6, 5, 167, 329, 54, 11, 173, 335, 72, 12, 7, 169, 26, 15]
78  15  [8, 6, 5, 167, 329, 54, 11, 173, 335, 72, 12, 7, 169, 26, 15]
79  15  [169, 26, 15, 8, 6, 5, 167, 329, 54, 11, 173, 335, 72, 12, 7]
80  15  [54, 11, 173, 335, 72, 12, 7, 169, 26, 15, 8, 6, 5, 167, 329]
81  15  [7, 169, 26, 15, 8, 6, 5, 167, 329, 54, 11, 173, 335, 72, 12]
82  15  [173, 335, 72, 12, 7, 169, 26, 15, 8, 6, 5, 167, 329, 54, 11]
83  15  [11, 173, 335, 72, 12, 7, 169, 26, 15, 8, 6, 5, 167, 329, 54]
84  15  [8, 6, 5, 167, 329, 54, 11, 173, 335, 72, 12, 7, 169, 26, 15]
85  15  [329, 54, 11, 173, 335, 72, 12, 7, 169, 26, 15, 8, 6, 5, 167]
86  15  [11, 173, 335, 72, 12, 7, 169, 26, 15, 8, 6, 5, 167, 329, 54]
87  15  [12, 7, 169, 26, 15, 8, 6, 5, 167, 329, 54, 11, 173, 335, 72]
88  15  [173, 335, 72, 12, 7, 169, 26, 15, 8, 6, 5, 167, 329, 54, 11]
89  15  [169, 26, 15, 8, 6, 5, 167, 329, 54, 11, 173, 335, 72, 12, 7]
90  15  [54, 11, 173, 335, 72, 12, 7, 169, 26, 15, 8, 6, 5, 167, 329]
91  15  [8, 6, 5, 167, 329, 54, 11, 173, 335, 72, 12, 7, 169, 26, 15]
92  15  [8, 6, 5, 167, 329, 54, 11, 173, 335, 72, 12, 7, 169, 26, 15]
93  15  [11, 173, 335, 72, 12, 7, 169, 26, 15, 8, 6, 5, 167, 329, 54]
94  15  [15, 8, 6, 5, 167, 329, 54, 11, 173, 335, 72, 12, 7, 169, 26]
95  15  [8, 6, 5, 167, 329, 54, 11, 173, 335, 72, 12, 7, 169, 26, 15]
96  15  [54, 11, 173, 335, 72, 12, 7, 169, 26, 15, 8, 6, 5, 167, 329]
97  15  [26, 15, 8, 6, 5, 167, 329, 54, 11, 173, 335, 72, 12, 7, 169]
98  15  [8, 6, 5, 167, 329, 54, 11, 173, 335, 72, 12, 7, 169, 26, 15]
99  15  [173, 335, 72, 12, 7, 169, 26, 15, 8, 6, 5, 167, 329, 54, 11]
100  15  [8, 6, 5, 167, 329, 54, 11, 173, 335, 72, 12, 7, 169, 26, 15]
101  15  [26, 15, 8, 6, 5, 167, 329, 54, 11, 173, 335, 72, 12, 7, 169]
102  15  [329, 54, 11, 173, 335, 72, 12, 7, 169, 26, 15, 8, 6, 5, 167]
103  15  [5, 167, 329, 54, 11, 173, 335, 72, 12, 7, 169, 26, 15, 8, 6]
104  15  [173, 335, 72, 12, 7, 169, 26, 15, 8, 6, 5, 167, 329, 54, 11]
