1,1,0,[1],[0]
2,3,22,[19, 198, 965],[1, 0, 0]
3,3,22,[19, 198, 965],[1, 0, 0]
4,1,0,[4],[0]
5,3,10,[19, 198, 965],[1, 0, 0]
6,3,11,[19, 198, 965],[1, 0, 0]
7,7,0,[7, 10, 21, 38, 217, 953, 1899],[1, 0, 0, 0, 0, 1, 0]
8,3,12,[19, 198, 965],[1, 0, 0]
9,3,12,[19, 198, 965],[1, 0, 0]
10,7,0,[7, 10, 21, 38, 217, 953, 1899],[1, 0, 0, 0, 0, 1, 0]
11,3,18,[19, 198, 965],[1, 0, 0]
12,7,1,[7, 10, 21, 38, 217, 953, 1899],[1, 0, 0, 0, 0, 1, 0]
13,3,16,[19, 198, 965],[1, 0, 0]
14,3,13,[19, 198, 965],[1, 0, 0]
15,3,13,[19, 198, 965],[1, 0, 0]
16,3,13,[19, 198, 965],[1, 0, 0]
17,3,7,[19, 198, 965],[1, 0, 0]
18,3,13,[19, 198, 965],[1, 0, 0]
19,3,0,[19, 198, 965],[1, 0, 0]
20,3,13,[19, 198, 965],[1, 0, 0]
21,7,0,[7, 10, 21, 38, 217, 953, 1899],[1, 0, 0, 0, 0, 1, 0]
22,3,17,[19, 198, 965],[1, 0, 0]
23,3,16,[19, 198, 965],[1, 0, 0]
24,3,13,[19, 198, 965],[1, 0, 0]
25,7,1,[7, 10, 21, 38, 217, 953, 1899],[1, 0, 0, 0, 0, 1, 0]
26,3,14,[19, 198, 965],[1, 0, 0]
27,3,13,[19, 198, 965],[1, 0, 0]
28,3,19,[19, 198, 965],[1, 0, 0]
29,3,16,[19, 198, 965],[1, 0, 0]
30,7,1,[7, 10, 21, 38, 217, 953, 1899],[1, 0, 0, 0, 0, 1, 0]
31,3,5,[19, 198, 965],[1, 0, 0]
32,7,1,[7, 10, 21, 38, 217, 953, 1899],[1, 0, 0, 0, 0, 1, 0]
33,3,14,[19, 198, 965],[1, 0, 0]
34,3,1,[19, 198, 965],[1, 0, 0]
35,7,2,[7, 10, 21, 38, 217, 953, 1899],[1, 0, 0, 0, 0, 1, 0]
36,7,1,[7, 10, 21, 38, 217, 953, 1899],[1, 0, 0, 0, 0, 1, 0]
37,7,4,[7, 10, 21, 38, 217, 953, 1899],[1, 0, 0, 0, 0, 1, 0]
38,7,0,[7, 10, 21, 38, 217, 953, 1899],[1, 0, 0, 0, 0, 1, 0]
39,3,14,[19, 198, 965],[1, 0, 0]
40,3,19,[19, 198, 965],[1, 0, 0]
41,3,20,[19, 198, 965],[1, 0, 0]
42,7,2,[7, 10, 21, 38, 217, 953, 1899],[1, 0, 0, 0, 0, 1, 0]
43,3,16,[19, 198, 965],[1, 0, 0]
44,3,14,[19, 198, 965],[1, 0, 0]
45,3,19,[19, 198, 965],[1, 0, 0]
46,7,2,[7, 10, 21, 38, 217, 953, 1899],[1, 0, 0, 0, 0, 1, 0]
47,3,18,[19, 198, 965],[1, 0, 0]
48,3,19,[19, 198, 965],[1, 0, 0]
49,3,14,[19, 198, 965],[1, 0, 0]
50,7,2,[7, 10, 21, 38, 217, 953, 1899],[1, 0, 0, 0, 0, 1, 0]
51,3,14,[19, 198, 965],[1, 0, 0]
52,3,8,[19, 198, 965],[1, 0, 0]
53,7,4,[7, 10, 21, 38, 217, 953, 1899],[1, 0, 0, 0, 0, 1, 0]
54,3,19,[19, 198, 965],[1, 0, 0]
55,3,14,[19, 198, 965],[1, 0, 0]
56,3,17,[19, 198, 965],[1, 0, 0]
57,3,18,[19, 198, 965],[1, 0, 0]
58,3,6,[19, 198, 965],[1, 0, 0]
59,3,19,[19, 198, 965],[1, 0, 0]
60,7,2,[7, 10, 21, 38, 217, 953, 1899],[1, 0, 0, 0, 0, 1, 0]
61,7,4,[7, 10, 21, 38, 217, 953, 1899],[1, 0, 0, 0, 0, 1, 0]
62,3,15,[19, 198, 965],[1, 0, 0]
63,3,17,[19, 198, 965],[1, 0, 0]
64,7,2,[7, 10, 21, 38, 217, 953, 1899],[1, 0, 0, 0, 0, 1, 0]
65,3,14,[19, 198, 965],[1, 0, 0]
66,3,14,[19, 198, 965],[1, 0, 0]
67,3,18,[19, 198, 965],[1, 0, 0]
68,7,1,[7, 10, 21, 38, 217, 953, 1899],[1, 0, 0, 0, 0, 1, 0]
69,3,15,[19, 198, 965],[1, 0, 0]
70,3,14,[19, 198, 965],[1, 0, 0]
71,3,16,[19, 198, 965],[1, 0, 0]
72,7,2,[7, 10, 21, 38, 217, 953, 1899],[1, 0, 0, 0, 0, 1, 0]
73,3,21,[19, 198, 965],[1, 0, 0]
74,3,15,[19, 198, 965],[1, 0, 0]
75,3,17,[19, 198, 965],[1, 0, 0]
76,3,17,[19, 198, 965],[1, 0, 0]
77,3,14,[19, 198, 965],[1, 0, 0]
78,3,14,[19, 198, 965],[1, 0, 0]
79,3,16,[19, 198, 965],[1, 0, 0]
80,3,17,[19, 198, 965],[1, 0, 0]
81,7,2,[7, 10, 21, 38, 217, 953, 1899],[1, 0, 0, 0, 0, 1, 0]
82,3,17,[19, 198, 965],[1, 0, 0]
83,3,15,[19, 198, 965],[1, 0, 0]
84,3,14,[19, 198, 965],[1, 0, 0]
85,3,18,[19, 198, 965],[1, 0, 0]
86,3,20,[19, 198, 965],[1, 0, 0]
87,7,2,[7, 10, 21, 38, 217, 953, 1899],[1, 0, 0, 0, 0, 1, 0]
88,3,8,[19, 198, 965],[1, 0, 0]
89,3,3,[19, 198, 965],[1, 0, 0]
90,3,17,[19, 198, 965],[1, 0, 0]
91,3,14,[19, 198, 965],[1, 0, 0]
92,3,14,[19, 198, 965],[1, 0, 0]
93,3,2,[19, 198, 965],[1, 0, 0]
94,3,15,[19, 198, 965],[1, 0, 0]
95,3,14,[19, 198, 965],[1, 0, 0]
96,3,17,[19, 198, 965],[1, 0, 0]
97,3,16,[19, 198, 965],[1, 0, 0]
98,3,14,[19, 198, 965],[1, 0, 0]
99,3,8,[19, 198, 965],[1, 0, 0]
100,3,14,[19, 198, 965],[1, 0, 0]
