1  1  [1]
2  6  [208, 21, 10, 7, 142, 73]
3  5  [16, 8, 6, 5, 140]
4  1  [4]
5  5  [16, 8, 6, 5, 140]
6  5  [140, 16, 8, 6, 5]
7  6  [73, 208, 21, 10, 7, 142]
8  5  [5, 140, 16, 8, 6]
9  5  [5, 140, 16, 8, 6]
10  6  [142, 73, 208, 21, 10, 7]
11  5  [5, 140, 16, 8, 6]
12  6  [142, 73, 208, 21, 10, 7]
13  5  [8, 6, 5, 140, 16]
14  5  [6, 5, 140, 16, 8]
15  5  [6, 5, 140, 16, 8]
16  5  [6, 5, 140, 16, 8]
17  6  [21, 10, 7, 142, 73, 208]
18  5  [6, 5, 140, 16, 8]
19  5  [16, 8, 6, 5, 140]
20  5  [6, 5, 140, 16, 8]
21  6  [7, 142, 73, 208, 21, 10]
22  5  [16, 8, 6, 5, 140]
23  6  [21, 10, 7, 142, 73, 208]
24  5  [6, 5, 140, 16, 8]
25  6  [7, 142, 73, 208, 21, 10]
26  5  [8, 6, 5, 140, 16]
27  5  [6, 5, 140, 16, 8]
28  5  [6, 5, 140, 16, 8]
29  5  [16, 8, 6, 5, 140]
30  6  [7, 142, 73, 208, 21, 10]
31  5  [6, 5, 140, 16, 8]
32  6  [7, 142, 73, 208, 21, 10]
33  5  [8, 6, 5, 140, 16]
34  5  [140, 16, 8, 6, 5]
35  6  [7, 142, 73, 208, 21, 10]
36  6  [7, 142, 73, 208, 21, 10]
37  5  [8, 6, 5, 140, 16]
38  6  [10, 7, 142, 73, 208, 21]
39  5  [8, 6, 5, 140, 16]
40  5  [6, 5, 140, 16, 8]
41  5  [5, 140, 16, 8, 6]
42  6  [7, 142, 73, 208, 21, 10]
43  5  [140, 16, 8, 6, 5]
44  5  [8, 6, 5, 140, 16]
45  5  [6, 5, 140, 16, 8]
46  6  [10, 7, 142, 73, 208, 21]
47  5  [5, 140, 16, 8, 6]
48  5  [6, 5, 140, 16, 8]
49  5  [8, 6, 5, 140, 16]
50  6  [7, 142, 73, 208, 21, 10]
51  5  [8, 6, 5, 140, 16]
52  6  [208, 21, 10, 7, 142, 73]
53  5  [140, 16, 8, 6, 5]
54  5  [6, 5, 140, 16, 8]
55  5  [8, 6, 5, 140, 16]
56  5  [16, 8, 6, 5, 140]
57  5  [140, 16, 8, 6, 5]
58  5  [8, 6, 5, 140, 16]
59  6  [142, 73, 208, 21, 10, 7]
60  6  [7, 142, 73, 208, 21, 10]
61  5  [16, 8, 6, 5, 140]
62  5  [16, 8, 6, 5, 140]
63  5  [16, 8, 6, 5, 140]
64  6  [7, 142, 73, 208, 21, 10]
65  5  [8, 6, 5, 140, 16]
66  5  [8, 6, 5, 140, 16]
67  5  [6, 5, 140, 16, 8]
68  6  [10, 7, 142, 73, 208, 21]
69  5  [16, 8, 6, 5, 140]
70  5  [8, 6, 5, 140, 16]
71  5  [140, 16, 8, 6, 5]
72  6  [7, 142, 73, 208, 21, 10]
73  6  [21, 10, 7, 142, 73, 208]
74  5  [16, 8, 6, 5, 140]
75  5  [16, 8, 6, 5, 140]
76  6  [208, 21, 10, 7, 142, 73]
77  5  [8, 6, 5, 140, 16]
78  5  [8, 6, 5, 140, 16]
79  5  [6, 5, 140, 16, 8]
80  5  [16, 8, 6, 5, 140]
81  6  [7, 142, 73, 208, 21, 10]
82  5  [5, 140, 16, 8, 6]
83  5  [140, 16, 8, 6, 5]
84  5  [8, 6, 5, 140, 16]
85  5  [140, 16, 8, 6, 5]
86  5  [8, 6, 5, 140, 16]
87  6  [10, 7, 142, 73, 208, 21]
88  6  [208, 21, 10, 7, 142, 73]
89  6  [73, 208, 21, 10, 7, 142]
90  5  [16, 8, 6, 5, 140]
91  5  [8, 6, 5, 140, 16]
92  5  [8, 6, 5, 140, 16]
93  5  [5, 140, 16, 8, 6]
94  5  [16, 8, 6, 5, 140]
95  5  [8, 6, 5, 140, 16]
96  5  [16, 8, 6, 5, 140]
97  6  [21, 10, 7, 142, 73, 208]
98  5  [8, 6, 5, 140, 16]
99  6  [208, 21, 10, 7, 142, 73]
100  5  [8, 6, 5, 140, 16]
101  5  [5, 140, 16, 8, 6]
102  5  [140, 16, 8, 6, 5]
103  5  [140, 16, 8, 6, 5]
104  5  [140, 16, 8, 6, 5]
