1,1,0,[1]
2,3,6,[519, 176, 19]
3,6,13,[511, 80, 13, 513, 28, 11]
4,1,0,[4]
5,7,6,[505, 106, 55, 16, 8, 6, 5]
6,7,6,[5, 505, 106, 55, 16, 8, 6]
7,7,6,[507, 29, 529, 46, 25, 10, 7]
8,7,6,[6, 5, 505, 106, 55, 16, 8]
9,7,7,[5, 505, 106, 55, 16, 8, 6]
10,7,6,[7, 507, 29, 529, 46, 25, 10]
11,6,5,[511, 80, 13, 513, 28, 11]
12,7,7,[507, 29, 529, 46, 25, 10, 7]
13,6,5,[513, 28, 11, 511, 80, 13]
14,7,8,[5, 505, 106, 55, 16, 8, 6]
15,7,7,[6, 5, 505, 106, 55, 16, 8]
16,7,6,[8, 6, 5, 505, 106, 55, 16]
17,7,13,[6, 5, 505, 106, 55, 16, 8]
18,7,7,[6, 5, 505, 106, 55, 16, 8]
19,3,2,[519, 176, 19]
20,7,8,[5, 505, 106, 55, 16, 8, 6]
21,7,7,[7, 507, 29, 529, 46, 25, 10]
22,6,6,[513, 28, 11, 511, 80, 13]
23,6,9,[511, 80, 13, 513, 28, 11]
24,7,8,[5, 505, 106, 55, 16, 8, 6]
25,7,6,[10, 7, 507, 29, 529, 46, 25]
26,7,8,[6, 5, 505, 106, 55, 16, 8]
27,7,8,[5, 505, 106, 55, 16, 8, 6]
28,6,5,[11, 511, 80, 13, 513, 28]
29,7,6,[529, 46, 25, 10, 7, 507, 29]
30,7,7,[7, 507, 29, 529, 46, 25, 10]
31,7,10,[6, 5, 505, 106, 55, 16, 8]
32,7,7,[7, 507, 29, 529, 46, 25, 10]
33,7,9,[5, 505, 106, 55, 16, 8, 6]
34,3,3,[519, 176, 19]
35,7,8,[507, 29, 529, 46, 25, 10, 7]
36,7,7,[7, 507, 29, 529, 46, 25, 10]
37,6,9,[513, 28, 11, 511, 80, 13]
38,7,8,[7, 507, 29, 529, 46, 25, 10]
39,7,7,[8, 6, 5, 505, 106, 55, 16]
40,6,6,[511, 80, 13, 513, 28, 11]
41,3,6,[519, 176, 19]
42,7,8,[507, 29, 529, 46, 25, 10, 7]
43,7,9,[529, 46, 25, 10, 7, 507, 29]
44,7,8,[6, 5, 505, 106, 55, 16, 8]
45,6,6,[511, 80, 13, 513, 28, 11]
46,7,6,[25, 10, 7, 507, 29, 529, 46]
47,7,11,[7, 507, 29, 529, 46, 25, 10]
48,6,6,[511, 80, 13, 513, 28, 11]
49,7,9,[5, 505, 106, 55, 16, 8, 6]
50,7,8,[507, 29, 529, 46, 25, 10, 7]
51,7,9,[5, 505, 106, 55, 16, 8, 6]
52,7,14,[6, 5, 505, 106, 55, 16, 8]
53,6,9,[511, 80, 13, 513, 28, 11]
54,6,6,[511, 80, 13, 513, 28, 11]
55,7,6,[16, 8, 6, 5, 505, 106, 55]
56,6,6,[513, 28, 11, 511, 80, 13]
57,6,7,[513, 28, 11, 511, 80, 13]
58,7,11,[6, 5, 505, 106, 55, 16, 8]
59,6,8,[513, 28, 11, 511, 80, 13]
60,7,8,[507, 29, 529, 46, 25, 10, 7]
61,7,12,[6, 5, 505, 106, 55, 16, 8]
62,7,10,[5, 505, 106, 55, 16, 8, 6]
63,6,6,[513, 28, 11, 511, 80, 13]
64,7,8,[507, 29, 529, 46, 25, 10, 7]
65,7,8,[6, 5, 505, 106, 55, 16, 8]
66,7,7,[8, 6, 5, 505, 106, 55, 16]
67,3,4,[519, 176, 19]
68,7,8,[7, 507, 29, 529, 46, 25, 10]
69,7,9,[6, 5, 505, 106, 55, 16, 8]
70,7,9,[5, 505, 106, 55, 16, 8, 6]
71,7,10,[7, 507, 29, 529, 46, 25, 10]
72,7,8,[507, 29, 529, 46, 25, 10, 7]
73,7,17,[6, 5, 505, 106, 55, 16, 8]
74,7,8,[8, 6, 5, 505, 106, 55, 16]
75,6,6,[513, 28, 11, 511, 80, 13]
76,6,10,[511, 80, 13, 513, 28, 11]
77,7,8,[6, 5, 505, 106, 55, 16, 8]
78,7,8,[6, 5, 505, 106, 55, 16, 8]
79,7,10,[6, 5, 505, 106, 55, 16, 8]
80,6,5,[13, 513, 28, 11, 511, 80]
81,7,8,[507, 29, 529, 46, 25, 10, 7]
82,7,10,[529, 46, 25, 10, 7, 507, 29]
83,7,10,[507, 29, 529, 46, 25, 10, 7]
84,7,9,[5, 505, 106, 55, 16, 8, 6]
85,6,7,[513, 28, 11, 511, 80, 13]
86,6,7,[511, 80, 13, 513, 28, 11]
87,7,8,[7, 507, 29, 529, 46, 25, 10]
88,7,14,[6, 5, 505, 106, 55, 16, 8]
89,7,10,[507, 29, 529, 46, 25, 10, 7]
90,6,6,[513, 28, 11, 511, 80, 13]
91,7,9,[5, 505, 106, 55, 16, 8, 6]
92,7,9,[5, 505, 106, 55, 16, 8, 6]
93,3,4,[519, 176, 19]
94,7,10,[5, 505, 106, 55, 16, 8, 6]
95,7,9,[5, 505, 106, 55, 16, 8, 6]
96,6,6,[513, 28, 11, 511, 80, 13]
97,7,22,[6, 5, 505, 106, 55, 16, 8]
98,7,7,[8, 6, 5, 505, 106, 55, 16]
99,7,14,[6, 5, 505, 106, 55, 16, 8]
100,7,9,[5, 505, 106, 55, 16, 8, 6]
101,7,12,[6, 5, 505, 106, 55, 16, 8]
102,6,7,[513, 28, 11, 511, 80, 13]
103,7,19,[6, 5, 505, 106, 55, 16, 8]
104,3,3,[519, 176, 19]
105,7,8,[6, 5, 505, 106, 55, 16, 8]
106,7,6,[55, 16, 8, 6, 5, 505, 106]
107,7,11,[507, 29, 529, 46, 25, 10, 7]
108,6,6,[513, 28, 11, 511, 80, 13]
109,7,9,[8, 6, 5, 505, 106, 55, 16]
110,7,8,[6, 5, 505, 106, 55, 16, 8]
111,6,7,[511, 80, 13, 513, 28, 11]
112,7,8,[6, 5, 505, 106, 55, 16, 8]
113,6,9,[513, 28, 11, 511, 80, 13]
114,7,9,[5, 505, 106, 55, 16, 8, 6]
115,6,6,[11, 511, 80, 13, 513, 28]
116,7,10,[5, 505, 106, 55, 16, 8, 6]
117,3,3,[519, 176, 19]
118,7,13,[6, 5, 505, 106, 55, 16, 8]
119,7,9,[5, 505, 106, 55, 16, 8, 6]
120,7,9,[5, 505, 106, 55, 16, 8, 6]
121,6,7,[513, 28, 11, 511, 80, 13]
122,6,7,[513, 28, 11, 511, 80, 13]
123,7,9,[6, 5, 505, 106, 55, 16, 8]
124,7,9,[507, 29, 529, 46, 25, 10, 7]
125,7,8,[6, 5, 505, 106, 55, 16, 8]
126,7,8,[6, 5, 505, 106, 55, 16, 8]
127,7,11,[5, 505, 106, 55, 16, 8, 6]
128,7,9,[5, 505, 106, 55, 16, 8, 6]
129,7,7,[25, 10, 7, 507, 29, 529, 46]
130,7,9,[5, 505, 106, 55, 16, 8, 6]
131,6,9,[511, 80, 13, 513, 28, 11]
132,7,8,[6, 5, 505, 106, 55, 16, 8]
133,7,9,[6, 5, 505, 106, 55, 16, 8]
134,7,10,[6, 5, 505, 106, 55, 16, 8]
135,7,9,[5, 505, 106, 55, 16, 8, 6]
136,6,10,[511, 80, 13, 513, 28, 11]
137,7,10,[5, 505, 106, 55, 16, 8, 6]
138,6,6,[11, 511, 80, 13, 513, 28]
139,7,10,[6, 5, 505, 106, 55, 16, 8]
140,7,7,[8, 6, 5, 505, 106, 55, 16]
141,7,9,[507, 29, 529, 46, 25, 10, 7]
142,7,18,[6, 5, 505, 106, 55, 16, 8]
143,7,9,[5, 505, 106, 55, 16, 8, 6]
144,7,9,[5, 505, 106, 55, 16, 8, 6]
145,3,4,[519, 176, 19]
146,6,7,[513, 28, 11, 511, 80, 13]
147,7,14,[6, 5, 505, 106, 55, 16, 8]
148,3,7,[519, 176, 19]
149,7,11,[5, 505, 106, 55, 16, 8, 6]
150,7,8,[6, 5, 505, 106, 55, 16, 8]
151,3,8,[519, 176, 19]
152,7,7,[10, 7, 507, 29, 529, 46, 25]
153,6,10,[511, 80, 13, 513, 28, 11]
154,7,9,[5, 505, 106, 55, 16, 8, 6]
155,7,8,[7, 507, 29, 529, 46, 25, 10]
156,7,9,[5, 505, 106, 55, 16, 8, 6]
157,7,12,[6, 5, 505, 106, 55, 16, 8]
158,7,9,[507, 29, 529, 46, 25, 10, 7]
159,6,7,[513, 28, 11, 511, 80, 13]
160,7,8,[6, 5, 505, 106, 55, 16, 8]
161,7,8,[7, 507, 29, 529, 46, 25, 10]
162,7,9,[5, 505, 106, 55, 16, 8, 6]
163,7,11,[5, 505, 106, 55, 16, 8, 6]
164,6,7,[511, 80, 13, 513, 28, 11]
165,3,3,[519, 176, 19]
166,6,8,[513, 28, 11, 511, 80, 13]
167,7,16,[6, 5, 505, 106, 55, 16, 8]
168,7,7,[8, 6, 5, 505, 106, 55, 16]
169,7,9,[6, 5, 505, 106, 55, 16, 8]
170,7,9,[5, 505, 106, 55, 16, 8, 6]
171,7,7,[10, 7, 507, 29, 529, 46, 25]
172,7,12,[7, 507, 29, 529, 46, 25, 10]
173,7,12,[529, 46, 25, 10, 7, 507, 29]
174,3,4,[519, 176, 19]
175,7,14,[6, 5, 505, 106, 55, 16, 8]
176,3,2,[19, 519, 176]
177,7,11,[5, 505, 106, 55, 16, 8, 6]
178,7,10,[5, 505, 106, 55, 16, 8, 6]
179,3,5,[519, 176, 19]
180,7,8,[6, 5, 505, 106, 55, 16, 8]
181,7,10,[7, 507, 29, 529, 46, 25, 10]
182,6,7,[513, 28, 11, 511, 80, 13]
183,7,9,[507, 29, 529, 46, 25, 10, 7]
184,7,7,[529, 46, 25, 10, 7, 507, 29]
185,7,9,[507, 29, 529, 46, 25, 10, 7]
186,7,8,[7, 507, 29, 529, 46, 25, 10]
187,6,6,[11, 511, 80, 13, 513, 28]
188,7,10,[5, 505, 106, 55, 16, 8, 6]
189,7,7,[8, 6, 5, 505, 106, 55, 16]
190,7,9,[6, 5, 505, 106, 55, 16, 8]
191,7,11,[6, 5, 505, 106, 55, 16, 8]
192,7,8,[6, 5, 505, 106, 55, 16, 8]
193,7,10,[5, 505, 106, 55, 16, 8, 6]
194,7,15,[6, 5, 505, 106, 55, 16, 8]
195,7,8,[7, 507, 29, 529, 46, 25, 10]
196,7,8,[6, 5, 505, 106, 55, 16, 8]
197,7,13,[6, 5, 505, 106, 55, 16, 8]
198,3,3,[519, 176, 19]
199,6,9,[513, 28, 11, 511, 80, 13]
200,7,7,[8, 6, 5, 505, 106, 55, 16]
