1,1,0,[1],[0]
2,3,3,[13, 22, 882],[1, 0, 0]
3,6,8,[5, 6, 8, 15, 44, 874],[1, 0, 0, 0, 0, 0]
4,1,0,[4],[0]
5,6,0,[5, 6, 8, 15, 44, 874],[1, 0, 0, 0, 0, 0]
6,6,0,[5, 6, 8, 15, 44, 874],[1, 0, 0, 0, 0, 0]
7,3,3,[13, 22, 882],[1, 0, 0]
8,6,0,[5, 6, 8, 15, 44, 874],[1, 0, 0, 0, 0, 0]
9,6,1,[5, 6, 8, 15, 44, 874],[1, 0, 0, 0, 0, 0]
10,3,4,[13, 22, 882],[1, 0, 0]
11,6,4,[5, 6, 8, 15, 44, 874],[1, 0, 0, 0, 0, 0]
12,3,4,[13, 22, 882],[1, 0, 0]
13,3,0,[13, 22, 882],[1, 0, 0]
14,6,2,[5, 6, 8, 15, 44, 874],[1, 0, 0, 0, 0, 0]
15,6,0,[5, 6, 8, 15, 44, 874],[1, 0, 0, 0, 0, 0]
16,6,1,[5, 6, 8, 15, 44, 874],[1, 0, 0, 0, 0, 0]
17,6,7,[5, 6, 8, 15, 44, 874],[1, 0, 0, 0, 0, 0]
18,6,1,[5, 6, 8, 15, 44, 874],[1, 0, 0, 0, 0, 0]
19,3,8,[13, 22, 882],[1, 0, 0]
20,6,2,[5, 6, 8, 15, 44, 874],[1, 0, 0, 0, 0, 0]
21,3,5,[13, 22, 882],[1, 0, 0]
22,3,0,[13, 22, 882],[1, 0, 0]
23,6,7,[5, 6, 8, 15, 44, 874],[1, 0, 0, 0, 0, 0]
24,6,2,[5, 6, 8, 15, 44, 874],[1, 0, 0, 0, 0, 0]
25,3,5,[13, 22, 882],[1, 0, 0]
26,6,1,[5, 6, 8, 15, 44, 874],[1, 0, 0, 0, 0, 0]
27,6,2,[5, 6, 8, 15, 44, 874],[1, 0, 0, 0, 0, 0]
28,6,5,[5, 6, 8, 15, 44, 874],[1, 0, 0, 0, 0, 0]
29,6,11,[5, 6, 8, 15, 44, 874],[1, 0, 0, 0, 0, 0]
30,3,5,[13, 22, 882],[1, 0, 0]
31,6,4,[5, 6, 8, 15, 44, 874],[1, 0, 0, 0, 0, 0]
32,3,5,[13, 22, 882],[1, 0, 0]
33,6,3,[5, 6, 8, 15, 44, 874],[1, 0, 0, 0, 0, 0]
34,3,9,[13, 22, 882],[1, 0, 0]
35,3,5,[13, 22, 882],[1, 0, 0]
36,3,5,[13, 22, 882],[1, 0, 0]
37,6,5,[5, 6, 8, 15, 44, 874],[1, 0, 0, 0, 0, 0]
38,3,6,[13, 22, 882],[1, 0, 0]
39,6,2,[5, 6, 8, 15, 44, 874],[1, 0, 0, 0, 0, 0]
40,6,5,[5, 6, 8, 15, 44, 874],[1, 0, 0, 0, 0, 0]
41,6,4,[5, 6, 8, 15, 44, 874],[1, 0, 0, 0, 0, 0]
42,3,5,[13, 22, 882],[1, 0, 0]
43,3,7,[13, 22, 882],[1, 0, 0]
44,6,0,[5, 6, 8, 15, 44, 874],[1, 0, 0, 0, 0, 0]
45,6,5,[5, 6, 8, 15, 44, 874],[1, 0, 0, 0, 0, 0]
46,3,6,[13, 22, 882],[1, 0, 0]
47,3,9,[13, 22, 882],[1, 0, 0]
48,6,5,[5, 6, 8, 15, 44, 874],[1, 0, 0, 0, 0, 0]
49,6,3,[5, 6, 8, 15, 44, 874],[1, 0, 0, 0, 0, 0]
50,3,5,[13, 22, 882],[1, 0, 0]
51,6,3,[5, 6, 8, 15, 44, 874],[1, 0, 0, 0, 0, 0]
52,6,8,[5, 6, 8, 15, 44, 874],[1, 0, 0, 0, 0, 0]
53,3,13,[13, 22, 882],[1, 0, 0]
54,6,5,[5, 6, 8, 15, 44, 874],[1, 0, 0, 0, 0, 0]
55,6,2,[5, 6, 8, 15, 44, 874],[1, 0, 0, 0, 0, 0]
56,3,1,[13, 22, 882],[1, 0, 0]
57,3,1,[13, 22, 882],[1, 0, 0]
58,6,5,[5, 6, 8, 15, 44, 874],[1, 0, 0, 0, 0, 0]
59,6,4,[5, 6, 8, 15, 44, 874],[1, 0, 0, 0, 0, 0]
60,3,5,[13, 22, 882],[1, 0, 0]
61,6,6,[5, 6, 8, 15, 44, 874],[1, 0, 0, 0, 0, 0]
62,6,4,[5, 6, 8, 15, 44, 874],[1, 0, 0, 0, 0, 0]
63,3,1,[13, 22, 882],[1, 0, 0]
64,3,5,[13, 22, 882],[1, 0, 0]
65,6,2,[5, 6, 8, 15, 44, 874],[1, 0, 0, 0, 0, 0]
66,6,2,[5, 6, 8, 15, 44, 874],[1, 0, 0, 0, 0, 0]
67,3,7,[13, 22, 882],[1, 0, 0]
68,3,6,[13, 22, 882],[1, 0, 0]
69,6,2,[5, 6, 8, 15, 44, 874],[1, 0, 0, 0, 0, 0]
70,6,3,[5, 6, 8, 15, 44, 874],[1, 0, 0, 0, 0, 0]
71,3,3,[13, 22, 882],[1, 0, 0]
72,3,5,[13, 22, 882],[1, 0, 0]
73,6,5,[5, 6, 8, 15, 44, 874],[1, 0, 0, 0, 0, 0]
74,6,3,[5, 6, 8, 15, 44, 874],[1, 0, 0, 0, 0, 0]
75,3,1,[13, 22, 882],[1, 0, 0]
76,6,8,[5, 6, 8, 15, 44, 874],[1, 0, 0, 0, 0, 0]
77,6,2,[5, 6, 8, 15, 44, 874],[1, 0, 0, 0, 0, 0]
78,6,2,[5, 6, 8, 15, 44, 874],[1, 0, 0, 0, 0, 0]
79,6,8,[5, 6, 8, 15, 44, 874],[1, 0, 0, 0, 0, 0]
80,3,1,[13, 22, 882],[1, 0, 0]
81,3,5,[13, 22, 882],[1, 0, 0]
82,3,8,[13, 22, 882],[1, 0, 0]
83,3,7,[13, 22, 882],[1, 0, 0]
84,6,3,[5, 6, 8, 15, 44, 874],[1, 0, 0, 0, 0, 0]
85,3,1,[13, 22, 882],[1, 0, 0]
86,6,6,[5, 6, 8, 15, 44, 874],[1, 0, 0, 0, 0, 0]
87,3,6,[13, 22, 882],[1, 0, 0]
88,6,8,[5, 6, 8, 15, 44, 874],[1, 0, 0, 0, 0, 0]
89,3,8,[13, 22, 882],[1, 0, 0]
90,3,1,[13, 22, 882],[1, 0, 0]
91,6,3,[5, 6, 8, 15, 44, 874],[1, 0, 0, 0, 0, 0]
92,6,3,[5, 6, 8, 15, 44, 874],[1, 0, 0, 0, 0, 0]
93,3,10,[13, 22, 882],[1, 0, 0]
94,6,4,[5, 6, 8, 15, 44, 874],[1, 0, 0, 0, 0, 0]
95,6,3,[5, 6, 8, 15, 44, 874],[1, 0, 0, 0, 0, 0]
96,3,1,[13, 22, 882],[1, 0, 0]
97,3,7,[13, 22, 882],[1, 0, 0]
98,6,2,[5, 6, 8, 15, 44, 874],[1, 0, 0, 0, 0, 0]
99,6,8,[5, 6, 8, 15, 44, 874],[1, 0, 0, 0, 0, 0]
100,6,3,[5, 6, 8, 15, 44, 874],[1, 0, 0, 0, 0, 0]
