1,1,0,[1]
2,5,7,[6, 5, 243, 15, 8]
3,5,11,[5, 243, 15, 8, 6]
4,1,0,[4]
5,5,4,[243, 15, 8, 6, 5]
6,5,4,[5, 243, 15, 8, 6]
7,6,10,[13, 251, 489, 166, 85, 22]
8,5,4,[6, 5, 243, 15, 8]
9,5,5,[5, 243, 15, 8, 6]
10,6,11,[13, 251, 489, 166, 85, 22]
11,4,3,[249, 86, 45, 11]
12,6,11,[13, 251, 489, 166, 85, 22]
13,6,5,[251, 489, 166, 85, 22, 13]
14,5,6,[5, 243, 15, 8, 6]
15,5,4,[8, 6, 5, 243, 15]
16,5,5,[6, 5, 243, 15, 8]
17,6,14,[13, 251, 489, 166, 85, 22]
18,5,5,[6, 5, 243, 15, 8]
19,6,8,[13, 251, 489, 166, 85, 22]
20,5,6,[5, 243, 15, 8, 6]
21,6,12,[13, 251, 489, 166, 85, 22]
22,6,5,[13, 251, 489, 166, 85, 22]
23,6,14,[13, 251, 489, 166, 85, 22]
24,5,6,[5, 243, 15, 8, 6]
25,6,12,[13, 251, 489, 166, 85, 22]
26,5,5,[8, 6, 5, 243, 15]
27,5,6,[5, 243, 15, 8, 6]
28,4,4,[249, 86, 45, 11]
29,5,9,[5, 243, 15, 8, 6]
30,6,12,[13, 251, 489, 166, 85, 22]
31,5,12,[5, 243, 15, 8, 6]
32,6,12,[13, 251, 489, 166, 85, 22]
33,5,7,[5, 243, 15, 8, 6]
34,6,9,[13, 251, 489, 166, 85, 22]
35,6,12,[13, 251, 489, 166, 85, 22]
36,6,12,[13, 251, 489, 166, 85, 22]
37,6,14,[13, 251, 489, 166, 85, 22]
38,6,13,[13, 251, 489, 166, 85, 22]
39,5,6,[6, 5, 243, 15, 8]
40,4,4,[249, 86, 45, 11]
41,6,16,[13, 251, 489, 166, 85, 22]
42,6,12,[13, 251, 489, 166, 85, 22]
43,6,12,[13, 251, 489, 166, 85, 22]
44,5,5,[8, 6, 5, 243, 15]
45,4,3,[11, 249, 86, 45]
46,6,13,[13, 251, 489, 166, 85, 22]
47,5,8,[5, 243, 15, 8, 6]
48,4,4,[249, 86, 45, 11]
49,5,7,[5, 243, 15, 8, 6]
50,6,12,[13, 251, 489, 166, 85, 22]
51,5,7,[5, 243, 15, 8, 6]
52,6,15,[13, 251, 489, 166, 85, 22]
53,5,9,[5, 243, 15, 8, 6]
54,4,4,[249, 86, 45, 11]
55,5,6,[6, 5, 243, 15, 8]
56,6,6,[251, 489, 166, 85, 22, 13]
57,6,6,[13, 251, 489, 166, 85, 22]
58,5,13,[5, 243, 15, 8, 6]
59,5,8,[5, 243, 15, 8, 6]
60,6,12,[13, 251, 489, 166, 85, 22]
61,6,14,[13, 251, 489, 166, 85, 22]
62,5,8,[5, 243, 15, 8, 6]
63,6,6,[251, 489, 166, 85, 22, 13]
64,6,12,[13, 251, 489, 166, 85, 22]
65,5,6,[6, 5, 243, 15, 8]
66,5,6,[6, 5, 243, 15, 8]
67,5,8,[6, 5, 243, 15, 8]
68,6,13,[13, 251, 489, 166, 85, 22]
69,5,6,[8, 6, 5, 243, 15]
70,5,7,[5, 243, 15, 8, 6]
71,5,9,[6, 5, 243, 15, 8]
72,6,12,[13, 251, 489, 166, 85, 22]
73,5,11,[6, 5, 243, 15, 8]
74,5,7,[6, 5, 243, 15, 8]
75,6,6,[251, 489, 166, 85, 22, 13]
76,6,15,[13, 251, 489, 166, 85, 22]
77,5,6,[6, 5, 243, 15, 8]
78,5,6,[6, 5, 243, 15, 8]
79,4,6,[11, 249, 86, 45]
80,6,6,[251, 489, 166, 85, 22, 13]
81,6,12,[13, 251, 489, 166, 85, 22]
82,6,13,[13, 251, 489, 166, 85, 22]
83,5,8,[6, 5, 243, 15, 8]
84,5,7,[5, 243, 15, 8, 6]
85,6,5,[22, 13, 251, 489, 166, 85]
86,4,3,[45, 11, 249, 86]
87,6,13,[13, 251, 489, 166, 85, 22]
88,6,15,[13, 251, 489, 166, 85, 22]
89,5,7,[8, 6, 5, 243, 15]
90,6,6,[251, 489, 166, 85, 22, 13]
91,5,7,[5, 243, 15, 8, 6]
92,5,7,[5, 243, 15, 8, 6]
93,6,10,[13, 251, 489, 166, 85, 22]
94,5,8,[5, 243, 15, 8, 6]
95,5,7,[5, 243, 15, 8, 6]
96,6,6,[251, 489, 166, 85, 22, 13]
97,6,14,[13, 251, 489, 166, 85, 22]
98,5,6,[6, 5, 243, 15, 8]
99,6,15,[13, 251, 489, 166, 85, 22]
100,5,7,[5, 243, 15, 8, 6]
101,5,10,[5, 243, 15, 8, 6]
102,6,6,[13, 251, 489, 166, 85, 22]
103,6,14,[13, 251, 489, 166, 85, 22]
104,6,9,[13, 251, 489, 166, 85, 22]
105,5,5,[8, 6, 5, 243, 15]
106,5,7,[6, 5, 243, 15, 8]
107,5,14,[5, 243, 15, 8, 6]
108,6,6,[251, 489, 166, 85, 22, 13]
109,5,9,[5, 243, 15, 8, 6]
110,5,6,[6, 5, 243, 15, 8]
111,4,5,[249, 86, 45, 11]
112,5,5,[8, 6, 5, 243, 15]
113,6,7,[13, 251, 489, 166, 85, 22]
114,5,7,[5, 243, 15, 8, 6]
115,4,5,[249, 86, 45, 11]
116,5,8,[5, 243, 15, 8, 6]
117,6,9,[13, 251, 489, 166, 85, 22]
118,6,15,[13, 251, 489, 166, 85, 22]
119,5,7,[5, 243, 15, 8, 6]
120,5,7,[5, 243, 15, 8, 6]
121,6,6,[13, 251, 489, 166, 85, 22]
122,6,7,[251, 489, 166, 85, 22, 13]
123,5,6,[8, 6, 5, 243, 15]
124,6,13,[13, 251, 489, 166, 85, 22]
125,5,5,[8, 6, 5, 243, 15]
126,5,5,[8, 6, 5, 243, 15]
127,5,8,[6, 5, 243, 15, 8]
128,5,7,[5, 243, 15, 8, 6]
129,6,14,[13, 251, 489, 166, 85, 22]
130,5,7,[5, 243, 15, 8, 6]
131,5,10,[5, 243, 15, 8, 6]
132,5,6,[6, 5, 243, 15, 8]
133,5,6,[8, 6, 5, 243, 15]
134,5,7,[8, 6, 5, 243, 15]
135,5,7,[5, 243, 15, 8, 6]
136,6,15,[13, 251, 489, 166, 85, 22]
137,5,7,[6, 5, 243, 15, 8]
138,4,5,[249, 86, 45, 11]
139,6,14,[13, 251, 489, 166, 85, 22]
140,5,6,[6, 5, 243, 15, 8]
141,6,13,[13, 251, 489, 166, 85, 22]
142,5,12,[6, 5, 243, 15, 8]
143,5,7,[5, 243, 15, 8, 6]
144,5,7,[5, 243, 15, 8, 6]
145,6,10,[13, 251, 489, 166, 85, 22]
146,6,7,[251, 489, 166, 85, 22, 13]
147,6,15,[13, 251, 489, 166, 85, 22]
148,6,17,[13, 251, 489, 166, 85, 22]
149,5,9,[5, 243, 15, 8, 6]
150,5,5,[8, 6, 5, 243, 15]
151,5,10,[5, 243, 15, 8, 6]
152,6,13,[13, 251, 489, 166, 85, 22]
153,6,15,[13, 251, 489, 166, 85, 22]
154,5,7,[5, 243, 15, 8, 6]
155,6,13,[13, 251, 489, 166, 85, 22]
156,5,7,[5, 243, 15, 8, 6]
157,5,9,[5, 243, 15, 8, 6]
158,6,13,[13, 251, 489, 166, 85, 22]
159,6,7,[251, 489, 166, 85, 22, 13]
160,5,5,[8, 6, 5, 243, 15]
161,6,13,[13, 251, 489, 166, 85, 22]
162,5,7,[5, 243, 15, 8, 6]
163,5,9,[6, 5, 243, 15, 8]
164,4,4,[11, 249, 86, 45]
165,6,9,[13, 251, 489, 166, 85, 22]
166,6,5,[85, 22, 13, 251, 489, 166]
167,6,16,[13, 251, 489, 166, 85, 22]
168,5,6,[6, 5, 243, 15, 8]
169,5,6,[8, 6, 5, 243, 15]
170,5,7,[5, 243, 15, 8, 6]
171,6,13,[13, 251, 489, 166, 85, 22]
172,5,9,[5, 243, 15, 8, 6]
173,5,8,[6, 5, 243, 15, 8]
174,6,10,[13, 251, 489, 166, 85, 22]
175,6,15,[13, 251, 489, 166, 85, 22]
176,6,9,[13, 251, 489, 166, 85, 22]
177,5,9,[5, 243, 15, 8, 6]
178,5,8,[5, 243, 15, 8, 6]
179,5,14,[6, 5, 243, 15, 8]
180,5,5,[8, 6, 5, 243, 15]
181,4,9,[11, 249, 86, 45]
182,6,6,[13, 251, 489, 166, 85, 22]
183,6,13,[13, 251, 489, 166, 85, 22]
184,5,10,[5, 243, 15, 8, 6]
185,6,13,[13, 251, 489, 166, 85, 22]
186,6,13,[13, 251, 489, 166, 85, 22]
187,4,5,[249, 86, 45, 11]
188,5,8,[5, 243, 15, 8, 6]
189,5,6,[6, 5, 243, 15, 8]
190,5,6,[8, 6, 5, 243, 15]
191,5,8,[5, 243, 15, 8, 6]
192,5,5,[8, 6, 5, 243, 15]
193,4,9,[249, 86, 45, 11]
194,6,16,[13, 251, 489, 166, 85, 22]
195,6,13,[13, 251, 489, 166, 85, 22]
196,5,6,[6, 5, 243, 15, 8]
197,6,16,[13, 251, 489, 166, 85, 22]
198,6,9,[13, 251, 489, 166, 85, 22]
199,6,14,[13, 251, 489, 166, 85, 22]
200,5,6,[6, 5, 243, 15, 8]
