1  1  [1]
2  7  [13, 98, 16, 8, 6, 5, 90]
3  7  [90, 13, 98, 16, 8, 6, 5]
4  1  [4]
5  7  [16, 8, 6, 5, 90, 13, 98]
6  7  [98, 16, 8, 6, 5, 90, 13]
7  7  [6, 5, 90, 13, 98, 16, 8]
8  7  [13, 98, 16, 8, 6, 5, 90]
9  7  [13, 98, 16, 8, 6, 5, 90]
10  7  [8, 6, 5, 90, 13, 98, 16]
11  7  [16, 8, 6, 5, 90, 13, 98]
12  7  [8, 6, 5, 90, 13, 98, 16]
13  7  [6, 5, 90, 13, 98, 16, 8]
14  7  [90, 13, 98, 16, 8, 6, 5]
15  7  [90, 13, 98, 16, 8, 6, 5]
16  7  [90, 13, 98, 16, 8, 6, 5]
17  7  [98, 16, 8, 6, 5, 90, 13]
18  7  [90, 13, 98, 16, 8, 6, 5]
19  2  [19, 104]
20  7  [90, 13, 98, 16, 8, 6, 5]
21  7  [16, 8, 6, 5, 90, 13, 98]
22  7  [8, 6, 5, 90, 13, 98, 16]
23  7  [16, 8, 6, 5, 90, 13, 98]
24  7  [90, 13, 98, 16, 8, 6, 5]
25  7  [16, 8, 6, 5, 90, 13, 98]
26  7  [5, 90, 13, 98, 16, 8, 6]
27  7  [90, 13, 98, 16, 8, 6, 5]
28  7  [98, 16, 8, 6, 5, 90, 13]
29  7  [6, 5, 90, 13, 98, 16, 8]
30  7  [16, 8, 6, 5, 90, 13, 98]
31  7  [8, 6, 5, 90, 13, 98, 16]
32  7  [16, 8, 6, 5, 90, 13, 98]
33  7  [5, 90, 13, 98, 16, 8, 6]
34  2  [104, 19]
35  7  [16, 8, 6, 5, 90, 13, 98]
36  7  [16, 8, 6, 5, 90, 13, 98]
37  7  [98, 16, 8, 6, 5, 90, 13]
38  7  [98, 16, 8, 6, 5, 90, 13]
39  7  [5, 90, 13, 98, 16, 8, 6]
40  7  [98, 16, 8, 6, 5, 90, 13]
41  7  [6, 5, 90, 13, 98, 16, 8]
42  7  [16, 8, 6, 5, 90, 13, 98]
43  7  [6, 5, 90, 13, 98, 16, 8]
44  7  [5, 90, 13, 98, 16, 8, 6]
45  7  [98, 16, 8, 6, 5, 90, 13]
46  7  [98, 16, 8, 6, 5, 90, 13]
47  7  [6, 5, 90, 13, 98, 16, 8]
48  7  [98, 16, 8, 6, 5, 90, 13]
49  7  [5, 90, 13, 98, 16, 8, 6]
50  7  [16, 8, 6, 5, 90, 13, 98]
51  7  [5, 90, 13, 98, 16, 8, 6]
52  7  [13, 98, 16, 8, 6, 5, 90]
53  7  [90, 13, 98, 16, 8, 6, 5]
54  7  [98, 16, 8, 6, 5, 90, 13]
55  7  [5, 90, 13, 98, 16, 8, 6]
56  7  [8, 6, 5, 90, 13, 98, 16]
57  7  [16, 8, 6, 5, 90, 13, 98]
58  7  [16, 8, 6, 5, 90, 13, 98]
59  7  [6, 5, 90, 13, 98, 16, 8]
60  7  [16, 8, 6, 5, 90, 13, 98]
61  7  [98, 16, 8, 6, 5, 90, 13]
62  7  [6, 5, 90, 13, 98, 16, 8]
63  7  [8, 6, 5, 90, 13, 98, 16]
64  7  [16, 8, 6, 5, 90, 13, 98]
65  7  [5, 90, 13, 98, 16, 8, 6]
66  7  [5, 90, 13, 98, 16, 8, 6]
67  7  [13, 98, 16, 8, 6, 5, 90]
68  7  [98, 16, 8, 6, 5, 90, 13]
69  7  [6, 5, 90, 13, 98, 16, 8]
70  7  [5, 90, 13, 98, 16, 8, 6]
71  7  [6, 5, 90, 13, 98, 16, 8]
72  7  [16, 8, 6, 5, 90, 13, 98]
73  7  [13, 98, 16, 8, 6, 5, 90]
74  7  [6, 5, 90, 13, 98, 16, 8]
75  7  [8, 6, 5, 90, 13, 98, 16]
76  7  [98, 16, 8, 6, 5, 90, 13]
77  7  [5, 90, 13, 98, 16, 8, 6]
78  7  [5, 90, 13, 98, 16, 8, 6]
79  7  [90, 13, 98, 16, 8, 6, 5]
80  7  [8, 6, 5, 90, 13, 98, 16]
81  7  [16, 8, 6, 5, 90, 13, 98]
82  7  [8, 6, 5, 90, 13, 98, 16]
83  7  [6, 5, 90, 13, 98, 16, 8]
84  7  [5, 90, 13, 98, 16, 8, 6]
85  7  [16, 8, 6, 5, 90, 13, 98]
86  7  [13, 98, 16, 8, 6, 5, 90]
87  7  [98, 16, 8, 6, 5, 90, 13]
88  7  [13, 98, 16, 8, 6, 5, 90]
89  2  [104, 19]
90  7  [8, 6, 5, 90, 13, 98, 16]
91  7  [5, 90, 13, 98, 16, 8, 6]
92  7  [5, 90, 13, 98, 16, 8, 6]
93  2  [19, 104]
94  7  [6, 5, 90, 13, 98, 16, 8]
95  7  [5, 90, 13, 98, 16, 8, 6]
96  7  [8, 6, 5, 90, 13, 98, 16]
97  7  [98, 16, 8, 6, 5, 90, 13]
98  7  [5, 90, 13, 98, 16, 8, 6]
99  7  [13, 98, 16, 8, 6, 5, 90]
100  7  [5, 90, 13, 98, 16, 8, 6]
101  7  [13, 98, 16, 8, 6, 5, 90]
102  7  [16, 8, 6, 5, 90, 13, 98]
103  7  [8, 6, 5, 90, 13, 98, 16]
104  2  [104, 19]
