1,1,0,[1]
2,13,14,[8, 6, 5, 219, 76, 23, 237, 82, 43, 257, 471, 160, 15]
3,4,7,[7, 221, 30, 10]
4,1,0,[4]
5,13,12,[219, 76, 23, 237, 82, 43, 257, 471, 160, 15, 8, 6, 5]
6,13,12,[5, 219, 76, 23, 237, 82, 43, 257, 471, 160, 15, 8, 6]
7,4,3,[221, 30, 10, 7]
8,13,12,[6, 5, 219, 76, 23, 237, 82, 43, 257, 471, 160, 15, 8]
9,13,13,[5, 219, 76, 23, 237, 82, 43, 257, 471, 160, 15, 8, 6]
10,4,3,[7, 221, 30, 10]
11,13,15,[6, 5, 219, 76, 23, 237, 82, 43, 257, 471, 160, 15, 8]
12,4,4,[221, 30, 10, 7]
13,13,17,[5, 219, 76, 23, 237, 82, 43, 257, 471, 160, 15, 8, 6]
14,13,14,[5, 219, 76, 23, 237, 82, 43, 257, 471, 160, 15, 8, 6]
15,13,12,[8, 6, 5, 219, 76, 23, 237, 82, 43, 257, 471, 160, 15]
16,13,13,[6, 5, 219, 76, 23, 237, 82, 43, 257, 471, 160, 15, 8]
17,4,6,[7, 221, 30, 10]
18,13,13,[6, 5, 219, 76, 23, 237, 82, 43, 257, 471, 160, 15, 8]
19,4,8,[7, 221, 30, 10]
20,13,14,[5, 219, 76, 23, 237, 82, 43, 257, 471, 160, 15, 8, 6]
21,4,4,[7, 221, 30, 10]
22,13,18,[5, 219, 76, 23, 237, 82, 43, 257, 471, 160, 15, 8, 6]
23,13,12,[237, 82, 43, 257, 471, 160, 15, 8, 6, 5, 219, 76, 23]
24,13,14,[5, 219, 76, 23, 237, 82, 43, 257, 471, 160, 15, 8, 6]
25,4,4,[7, 221, 30, 10]
26,13,13,[8, 6, 5, 219, 76, 23, 237, 82, 43, 257, 471, 160, 15]
27,13,14,[5, 219, 76, 23, 237, 82, 43, 257, 471, 160, 15, 8, 6]
28,13,16,[6, 5, 219, 76, 23, 237, 82, 43, 257, 471, 160, 15, 8]
29,13,14,[8, 6, 5, 219, 76, 23, 237, 82, 43, 257, 471, 160, 15]
30,4,3,[10, 7, 221, 30]
31,4,10,[7, 221, 30, 10]
32,4,4,[7, 221, 30, 10]
33,13,15,[5, 219, 76, 23, 237, 82, 43, 257, 471, 160, 15, 8, 6]
34,4,9,[7, 221, 30, 10]
35,4,5,[221, 30, 10, 7]
36,4,4,[7, 221, 30, 10]
37,13,17,[6, 5, 219, 76, 23, 237, 82, 43, 257, 471, 160, 15, 8]
38,4,5,[7, 221, 30, 10]
39,13,14,[6, 5, 219, 76, 23, 237, 82, 43, 257, 471, 160, 15, 8]
40,13,16,[6, 5, 219, 76, 23, 237, 82, 43, 257, 471, 160, 15, 8]
41,4,6,[7, 221, 30, 10]
42,4,5,[221, 30, 10, 7]
43,13,12,[257, 471, 160, 15, 8, 6, 5, 219, 76, 23, 237, 82, 43]
44,13,13,[8, 6, 5, 219, 76, 23, 237, 82, 43, 257, 471, 160, 15]
45,13,16,[6, 5, 219, 76, 23, 237, 82, 43, 257, 471, 160, 15, 8]
46,4,5,[7, 221, 30, 10]
47,4,7,[221, 30, 10, 7]
48,13,16,[6, 5, 219, 76, 23, 237, 82, 43, 257, 471, 160, 15, 8]
49,13,15,[5, 219, 76, 23, 237, 82, 43, 257, 471, 160, 15, 8, 6]
50,4,5,[221, 30, 10, 7]
51,13,15,[5, 219, 76, 23, 237, 82, 43, 257, 471, 160, 15, 8, 6]
52,4,7,[7, 221, 30, 10]
53,13,17,[5, 219, 76, 23, 237, 82, 43, 257, 471, 160, 15, 8, 6]
54,13,16,[6, 5, 219, 76, 23, 237, 82, 43, 257, 471, 160, 15, 8]
55,13,14,[6, 5, 219, 76, 23, 237, 82, 43, 257, 471, 160, 15, 8]
56,13,18,[5, 219, 76, 23, 237, 82, 43, 257, 471, 160, 15, 8, 6]
57,13,19,[5, 219, 76, 23, 237, 82, 43, 257, 471, 160, 15, 8, 6]
58,4,11,[7, 221, 30, 10]
59,13,14,[237, 82, 43, 257, 471, 160, 15, 8, 6, 5, 219, 76, 23]
60,4,5,[221, 30, 10, 7]
61,4,6,[7, 221, 30, 10]
62,13,16,[5, 219, 76, 23, 237, 82, 43, 257, 471, 160, 15, 8, 6]
63,13,18,[5, 219, 76, 23, 237, 82, 43, 257, 471, 160, 15, 8, 6]
64,4,5,[221, 30, 10, 7]
65,13,14,[6, 5, 219, 76, 23, 237, 82, 43, 257, 471, 160, 15, 8]
66,13,14,[6, 5, 219, 76, 23, 237, 82, 43, 257, 471, 160, 15, 8]
67,13,21,[5, 219, 76, 23, 237, 82, 43, 257, 471, 160, 15, 8, 6]
68,4,5,[7, 221, 30, 10]
69,13,14,[8, 6, 5, 219, 76, 23, 237, 82, 43, 257, 471, 160, 15]
70,13,15,[5, 219, 76, 23, 237, 82, 43, 257, 471, 160, 15, 8, 6]
71,13,16,[5, 219, 76, 23, 237, 82, 43, 257, 471, 160, 15, 8, 6]
72,4,5,[221, 30, 10, 7]
73,13,18,[6, 5, 219, 76, 23, 237, 82, 43, 257, 471, 160, 15, 8]
74,13,15,[6, 5, 219, 76, 23, 237, 82, 43, 257, 471, 160, 15, 8]
75,13,18,[5, 219, 76, 23, 237, 82, 43, 257, 471, 160, 15, 8, 6]
76,13,12,[23, 237, 82, 43, 257, 471, 160, 15, 8, 6, 5, 219, 76]
77,13,14,[6, 5, 219, 76, 23, 237, 82, 43, 257, 471, 160, 15, 8]
78,13,14,[6, 5, 219, 76, 23, 237, 82, 43, 257, 471, 160, 15, 8]
79,13,17,[8, 6, 5, 219, 76, 23, 237, 82, 43, 257, 471, 160, 15]
80,13,18,[5, 219, 76, 23, 237, 82, 43, 257, 471, 160, 15, 8, 6]
81,4,5,[221, 30, 10, 7]
82,13,12,[43, 257, 471, 160, 15, 8, 6, 5, 219, 76, 23, 237, 82]
83,13,16,[5, 219, 76, 23, 237, 82, 43, 257, 471, 160, 15, 8, 6]
84,13,15,[5, 219, 76, 23, 237, 82, 43, 257, 471, 160, 15, 8, 6]
85,13,19,[5, 219, 76, 23, 237, 82, 43, 257, 471, 160, 15, 8, 6]
86,13,17,[6, 5, 219, 76, 23, 237, 82, 43, 257, 471, 160, 15, 8]
87,4,5,[7, 221, 30, 10]
88,4,7,[7, 221, 30, 10]
89,4,11,[7, 221, 30, 10]
90,13,18,[5, 219, 76, 23, 237, 82, 43, 257, 471, 160, 15, 8, 6]
91,13,15,[5, 219, 76, 23, 237, 82, 43, 257, 471, 160, 15, 8, 6]
92,13,15,[5, 219, 76, 23, 237, 82, 43, 257, 471, 160, 15, 8, 6]
93,4,10,[7, 221, 30, 10]
94,13,16,[5, 219, 76, 23, 237, 82, 43, 257, 471, 160, 15, 8, 6]
95,13,15,[5, 219, 76, 23, 237, 82, 43, 257, 471, 160, 15, 8, 6]
96,13,18,[5, 219, 76, 23, 237, 82, 43, 257, 471, 160, 15, 8, 6]
97,13,17,[5, 219, 76, 23, 237, 82, 43, 257, 471, 160, 15, 8, 6]
98,13,14,[6, 5, 219, 76, 23, 237, 82, 43, 257, 471, 160, 15, 8]
99,4,7,[7, 221, 30, 10]
100,13,15,[5, 219, 76, 23, 237, 82, 43, 257, 471, 160, 15, 8, 6]
101,13,15,[6, 5, 219, 76, 23, 237, 82, 43, 257, 471, 160, 15, 8]
102,13,19,[5, 219, 76, 23, 237, 82, 43, 257, 471, 160, 15, 8, 6]
103,13,17,[6, 5, 219, 76, 23, 237, 82, 43, 257, 471, 160, 15, 8]
104,4,9,[7, 221, 30, 10]
105,13,13,[8, 6, 5, 219, 76, 23, 237, 82, 43, 257, 471, 160, 15]
106,13,15,[6, 5, 219, 76, 23, 237, 82, 43, 257, 471, 160, 15, 8]
107,13,16,[6, 5, 219, 76, 23, 237, 82, 43, 257, 471, 160, 15, 8]
108,13,18,[5, 219, 76, 23, 237, 82, 43, 257, 471, 160, 15, 8, 6]
109,4,6,[7, 221, 30, 10]
110,13,14,[6, 5, 219, 76, 23, 237, 82, 43, 257, 471, 160, 15, 8]
111,13,17,[6, 5, 219, 76, 23, 237, 82, 43, 257, 471, 160, 15, 8]
112,13,13,[8, 6, 5, 219, 76, 23, 237, 82, 43, 257, 471, 160, 15]
113,13,15,[8, 6, 5, 219, 76, 23, 237, 82, 43, 257, 471, 160, 15]
114,13,15,[5, 219, 76, 23, 237, 82, 43, 257, 471, 160, 15, 8, 6]
115,13,17,[6, 5, 219, 76, 23, 237, 82, 43, 257, 471, 160, 15, 8]
116,13,16,[5, 219, 76, 23, 237, 82, 43, 257, 471, 160, 15, 8, 6]
117,4,9,[7, 221, 30, 10]
118,4,7,[7, 221, 30, 10]
119,13,15,[5, 219, 76, 23, 237, 82, 43, 257, 471, 160, 15, 8, 6]
120,13,15,[5, 219, 76, 23, 237, 82, 43, 257, 471, 160, 15, 8, 6]
121,13,19,[5, 219, 76, 23, 237, 82, 43, 257, 471, 160, 15, 8, 6]
122,13,19,[5, 219, 76, 23, 237, 82, 43, 257, 471, 160, 15, 8, 6]
123,13,14,[8, 6, 5, 219, 76, 23, 237, 82, 43, 257, 471, 160, 15]
124,4,6,[221, 30, 10, 7]
125,13,13,[8, 6, 5, 219, 76, 23, 237, 82, 43, 257, 471, 160, 15]
126,13,13,[8, 6, 5, 219, 76, 23, 237, 82, 43, 257, 471, 160, 15]
127,4,7,[221, 30, 10, 7]
128,13,15,[5, 219, 76, 23, 237, 82, 43, 257, 471, 160, 15, 8, 6]
129,4,6,[7, 221, 30, 10]
130,13,15,[5, 219, 76, 23, 237, 82, 43, 257, 471, 160, 15, 8, 6]
131,4,12,[7, 221, 30, 10]
132,13,14,[6, 5, 219, 76, 23, 237, 82, 43, 257, 471, 160, 15, 8]
133,13,14,[8, 6, 5, 219, 76, 23, 237, 82, 43, 257, 471, 160, 15]
134,13,15,[8, 6, 5, 219, 76, 23, 237, 82, 43, 257, 471, 160, 15]
135,13,15,[5, 219, 76, 23, 237, 82, 43, 257, 471, 160, 15, 8, 6]
136,13,13,[237, 82, 43, 257, 471, 160, 15, 8, 6, 5, 219, 76, 23]
137,13,20,[5, 219, 76, 23, 237, 82, 43, 257, 471, 160, 15, 8, 6]
138,13,17,[6, 5, 219, 76, 23, 237, 82, 43, 257, 471, 160, 15, 8]
139,4,11,[7, 221, 30, 10]
140,13,14,[6, 5, 219, 76, 23, 237, 82, 43, 257, 471, 160, 15, 8]
141,4,6,[221, 30, 10, 7]
142,13,19,[6, 5, 219, 76, 23, 237, 82, 43, 257, 471, 160, 15, 8]
143,13,15,[5, 219, 76, 23, 237, 82, 43, 257, 471, 160, 15, 8, 6]
144,13,15,[5, 219, 76, 23, 237, 82, 43, 257, 471, 160, 15, 8, 6]
145,4,10,[7, 221, 30, 10]
146,13,19,[5, 219, 76, 23, 237, 82, 43, 257, 471, 160, 15, 8, 6]
147,4,7,[7, 221, 30, 10]
148,4,7,[7, 221, 30, 10]
149,4,6,[7, 221, 30, 10]
150,13,13,[8, 6, 5, 219, 76, 23, 237, 82, 43, 257, 471, 160, 15]
151,13,16,[6, 5, 219, 76, 23, 237, 82, 43, 257, 471, 160, 15, 8]
152,4,5,[7, 221, 30, 10]
153,13,13,[237, 82, 43, 257, 471, 160, 15, 8, 6, 5, 219, 76, 23]
154,13,15,[5, 219, 76, 23, 237, 82, 43, 257, 471, 160, 15, 8, 6]
155,4,5,[7, 221, 30, 10]
156,13,15,[5, 219, 76, 23, 237, 82, 43, 257, 471, 160, 15, 8, 6]
157,4,7,[221, 30, 10, 7]
158,4,6,[221, 30, 10, 7]
159,13,19,[5, 219, 76, 23, 237, 82, 43, 257, 471, 160, 15, 8, 6]
160,13,12,[15, 8, 6, 5, 219, 76, 23, 237, 82, 43, 257, 471, 160]
161,4,4,[10, 7, 221, 30]
162,13,15,[5, 219, 76, 23, 237, 82, 43, 257, 471, 160, 15, 8, 6]
163,4,7,[221, 30, 10, 7]
164,13,17,[6, 5, 219, 76, 23, 237, 82, 43, 257, 471, 160, 15, 8]
165,4,9,[7, 221, 30, 10]
166,13,20,[5, 219, 76, 23, 237, 82, 43, 257, 471, 160, 15, 8, 6]
167,13,17,[5, 219, 76, 23, 237, 82, 43, 257, 471, 160, 15, 8, 6]
168,13,14,[6, 5, 219, 76, 23, 237, 82, 43, 257, 471, 160, 15, 8]
169,13,14,[8, 6, 5, 219, 76, 23, 237, 82, 43, 257, 471, 160, 15]
170,13,15,[5, 219, 76, 23, 237, 82, 43, 257, 471, 160, 15, 8, 6]
171,4,5,[7, 221, 30, 10]
172,4,8,[221, 30, 10, 7]
173,13,17,[5, 219, 76, 23, 237, 82, 43, 257, 471, 160, 15, 8, 6]
174,4,10,[7, 221, 30, 10]
175,4,7,[7, 221, 30, 10]
176,4,9,[7, 221, 30, 10]
177,13,17,[5, 219, 76, 23, 237, 82, 43, 257, 471, 160, 15, 8, 6]
178,13,16,[5, 219, 76, 23, 237, 82, 43, 257, 471, 160, 15, 8, 6]
179,13,17,[8, 6, 5, 219, 76, 23, 237, 82, 43, 257, 471, 160, 15]
180,13,13,[8, 6, 5, 219, 76, 23, 237, 82, 43, 257, 471, 160, 15]
181,13,17,[5, 219, 76, 23, 237, 82, 43, 257, 471, 160, 15, 8, 6]
182,13,19,[5, 219, 76, 23, 237, 82, 43, 257, 471, 160, 15, 8, 6]
183,4,6,[221, 30, 10, 7]
184,13,15,[8, 6, 5, 219, 76, 23, 237, 82, 43, 257, 471, 160, 15]
185,4,6,[221, 30, 10, 7]
186,4,5,[7, 221, 30, 10]
187,13,17,[6, 5, 219, 76, 23, 237, 82, 43, 257, 471, 160, 15, 8]
188,13,16,[5, 219, 76, 23, 237, 82, 43, 257, 471, 160, 15, 8, 6]
189,13,14,[6, 5, 219, 76, 23, 237, 82, 43, 257, 471, 160, 15, 8]
190,13,14,[8, 6, 5, 219, 76, 23, 237, 82, 43, 257, 471, 160, 15]
191,4,8,[7, 221, 30, 10]
192,13,13,[8, 6, 5, 219, 76, 23, 237, 82, 43, 257, 471, 160, 15]
193,13,18,[6, 5, 219, 76, 23, 237, 82, 43, 257, 471, 160, 15, 8]
194,4,8,[7, 221, 30, 10]
195,4,5,[7, 221, 30, 10]
196,13,14,[6, 5, 219, 76, 23, 237, 82, 43, 257, 471, 160, 15, 8]
197,13,16,[6, 5, 219, 76, 23, 237, 82, 43, 257, 471, 160, 15, 8]
198,4,9,[7, 221, 30, 10]
199,13,16,[6, 5, 219, 76, 23, 237, 82, 43, 257, 471, 160, 15, 8]
200,13,14,[6, 5, 219, 76, 23, 237, 82, 43, 257, 471, 160, 15, 8]
