1,1,0,[1]
2,9,12,[5, 318, 58, 31, 344, 49, 14, 9, 6]
3,6,9,[10, 7, 320, 17, 330, 21]
4,1,0,[4]
5,9,8,[318, 58, 31, 344, 49, 14, 9, 6, 5]
6,9,8,[5, 318, 58, 31, 344, 49, 14, 9, 6]
7,6,5,[320, 17, 330, 21, 10, 7]
8,9,9,[5, 318, 58, 31, 344, 49, 14, 9, 6]
9,9,8,[6, 5, 318, 58, 31, 344, 49, 14, 9]
10,6,5,[7, 320, 17, 330, 21, 10]
11,9,12,[5, 318, 58, 31, 344, 49, 14, 9, 6]
12,6,6,[320, 17, 330, 21, 10, 7]
13,6,12,[7, 320, 17, 330, 21, 10]
14,9,8,[9, 6, 5, 318, 58, 31, 344, 49, 14]
15,9,10,[5, 318, 58, 31, 344, 49, 14, 9, 6]
16,9,10,[5, 318, 58, 31, 344, 49, 14, 9, 6]
17,6,5,[330, 21, 10, 7, 320, 17]
18,9,10,[5, 318, 58, 31, 344, 49, 14, 9, 6]
19,6,9,[7, 320, 17, 330, 21, 10]
20,9,9,[6, 5, 318, 58, 31, 344, 49, 14, 9]
21,6,5,[10, 7, 320, 17, 330, 21]
22,6,13,[7, 320, 17, 330, 21, 10]
23,9,12,[5, 318, 58, 31, 344, 49, 14, 9, 6]
24,9,9,[6, 5, 318, 58, 31, 344, 49, 14, 9]
25,6,6,[7, 320, 17, 330, 21, 10]
26,9,11,[5, 318, 58, 31, 344, 49, 14, 9, 6]
27,9,9,[6, 5, 318, 58, 31, 344, 49, 14, 9]
28,9,13,[5, 318, 58, 31, 344, 49, 14, 9, 6]
29,9,11,[6, 5, 318, 58, 31, 344, 49, 14, 9]
30,6,6,[7, 320, 17, 330, 21, 10]
31,9,8,[344, 49, 14, 9, 6, 5, 318, 58, 31]
32,6,6,[7, 320, 17, 330, 21, 10]
33,9,9,[9, 6, 5, 318, 58, 31, 344, 49, 14]
34,6,10,[7, 320, 17, 330, 21, 10]
35,6,7,[320, 17, 330, 21, 10, 7]
36,6,6,[7, 320, 17, 330, 21, 10]
37,6,11,[7, 320, 17, 330, 21, 10]
38,6,6,[10, 7, 320, 17, 330, 21]
39,9,11,[5, 318, 58, 31, 344, 49, 14, 9, 6]
40,9,13,[5, 318, 58, 31, 344, 49, 14, 9, 6]
41,6,9,[320, 17, 330, 21, 10, 7]
42,6,7,[320, 17, 330, 21, 10, 7]
43,6,13,[7, 320, 17, 330, 21, 10]
44,9,11,[5, 318, 58, 31, 344, 49, 14, 9, 6]
45,9,13,[5, 318, 58, 31, 344, 49, 14, 9, 6]
46,6,7,[7, 320, 17, 330, 21, 10]
47,6,7,[330, 21, 10, 7, 320, 17]
48,9,13,[5, 318, 58, 31, 344, 49, 14, 9, 6]
49,9,8,[14, 9, 6, 5, 318, 58, 31, 344, 49]
50,6,7,[320, 17, 330, 21, 10, 7]
51,9,10,[6, 5, 318, 58, 31, 344, 49, 14, 9]
52,6,6,[330, 21, 10, 7, 320, 17]
53,9,13,[5, 318, 58, 31, 344, 49, 14, 9, 6]
54,9,13,[5, 318, 58, 31, 344, 49, 14, 9, 6]
55,9,11,[5, 318, 58, 31, 344, 49, 14, 9, 6]
56,6,13,[7, 320, 17, 330, 21, 10]
57,6,14,[7, 320, 17, 330, 21, 10]
58,9,8,[31, 344, 49, 14, 9, 6, 5, 318, 58]
59,6,8,[10, 7, 320, 17, 330, 21]
60,6,7,[320, 17, 330, 21, 10, 7]
61,6,8,[7, 320, 17, 330, 21, 10]
62,9,10,[9, 6, 5, 318, 58, 31, 344, 49, 14]
63,6,13,[7, 320, 17, 330, 21, 10]
64,6,7,[320, 17, 330, 21, 10, 7]
65,9,11,[5, 318, 58, 31, 344, 49, 14, 9, 6]
66,9,11,[5, 318, 58, 31, 344, 49, 14, 9, 6]
67,9,15,[5, 318, 58, 31, 344, 49, 14, 9, 6]
68,6,6,[10, 7, 320, 17, 330, 21]
69,9,12,[5, 318, 58, 31, 344, 49, 14, 9, 6]
70,9,9,[9, 6, 5, 318, 58, 31, 344, 49, 14]
71,6,7,[330, 21, 10, 7, 320, 17]
72,6,7,[320, 17, 330, 21, 10, 7]
73,6,8,[10, 7, 320, 17, 330, 21]
74,9,12,[5, 318, 58, 31, 344, 49, 14, 9, 6]
75,6,13,[7, 320, 17, 330, 21, 10]
76,9,13,[5, 318, 58, 31, 344, 49, 14, 9, 6]
77,9,11,[5, 318, 58, 31, 344, 49, 14, 9, 6]
78,9,11,[5, 318, 58, 31, 344, 49, 14, 9, 6]
79,9,11,[6, 5, 318, 58, 31, 344, 49, 14, 9]
80,6,13,[7, 320, 17, 330, 21, 10]
81,6,7,[320, 17, 330, 21, 10, 7]
82,6,14,[7, 320, 17, 330, 21, 10]
83,6,7,[10, 7, 320, 17, 330, 21]
84,9,9,[9, 6, 5, 318, 58, 31, 344, 49, 14]
85,6,14,[7, 320, 17, 330, 21, 10]
86,9,14,[5, 318, 58, 31, 344, 49, 14, 9, 6]
87,6,7,[7, 320, 17, 330, 21, 10]
88,6,6,[330, 21, 10, 7, 320, 17]
89,6,9,[320, 17, 330, 21, 10, 7]
90,6,13,[7, 320, 17, 330, 21, 10]
91,9,10,[6, 5, 318, 58, 31, 344, 49, 14, 9]
92,9,10,[6, 5, 318, 58, 31, 344, 49, 14, 9]
93,6,11,[7, 320, 17, 330, 21, 10]
94,9,9,[14, 9, 6, 5, 318, 58, 31, 344, 49]
95,9,10,[6, 5, 318, 58, 31, 344, 49, 14, 9]
96,6,13,[7, 320, 17, 330, 21, 10]
97,9,15,[5, 318, 58, 31, 344, 49, 14, 9, 6]
98,9,11,[5, 318, 58, 31, 344, 49, 14, 9, 6]
99,6,6,[330, 21, 10, 7, 320, 17]
100,9,9,[9, 6, 5, 318, 58, 31, 344, 49, 14]
101,9,10,[344, 49, 14, 9, 6, 5, 318, 58, 31]
102,6,14,[7, 320, 17, 330, 21, 10]
103,9,14,[5, 318, 58, 31, 344, 49, 14, 9, 6]
104,6,10,[7, 320, 17, 330, 21, 10]
105,9,11,[5, 318, 58, 31, 344, 49, 14, 9, 6]
106,9,12,[5, 318, 58, 31, 344, 49, 14, 9, 6]
107,6,11,[7, 320, 17, 330, 21, 10]
108,6,13,[7, 320, 17, 330, 21, 10]
109,9,15,[5, 318, 58, 31, 344, 49, 14, 9, 6]
110,9,11,[5, 318, 58, 31, 344, 49, 14, 9, 6]
111,9,14,[5, 318, 58, 31, 344, 49, 14, 9, 6]
112,9,11,[5, 318, 58, 31, 344, 49, 14, 9, 6]
113,9,15,[5, 318, 58, 31, 344, 49, 14, 9, 6]
114,9,10,[6, 5, 318, 58, 31, 344, 49, 14, 9]
115,9,14,[5, 318, 58, 31, 344, 49, 14, 9, 6]
116,9,10,[9, 6, 5, 318, 58, 31, 344, 49, 14]
117,6,10,[7, 320, 17, 330, 21, 10]
118,6,9,[7, 320, 17, 330, 21, 10]
119,9,10,[6, 5, 318, 58, 31, 344, 49, 14, 9]
120,9,9,[9, 6, 5, 318, 58, 31, 344, 49, 14]
121,6,14,[7, 320, 17, 330, 21, 10]
122,6,14,[7, 320, 17, 330, 21, 10]
123,9,12,[5, 318, 58, 31, 344, 49, 14, 9, 6]
124,6,8,[320, 17, 330, 21, 10, 7]
125,9,11,[5, 318, 58, 31, 344, 49, 14, 9, 6]
126,9,11,[5, 318, 58, 31, 344, 49, 14, 9, 6]
127,6,15,[7, 320, 17, 330, 21, 10]
128,9,9,[9, 6, 5, 318, 58, 31, 344, 49, 14]
129,6,8,[7, 320, 17, 330, 21, 10]
130,9,10,[6, 5, 318, 58, 31, 344, 49, 14, 9]
131,9,13,[5, 318, 58, 31, 344, 49, 14, 9, 6]
132,9,11,[5, 318, 58, 31, 344, 49, 14, 9, 6]
133,9,12,[5, 318, 58, 31, 344, 49, 14, 9, 6]
134,9,13,[5, 318, 58, 31, 344, 49, 14, 9, 6]
135,9,9,[9, 6, 5, 318, 58, 31, 344, 49, 14]
136,9,13,[5, 318, 58, 31, 344, 49, 14, 9, 6]
137,9,12,[5, 318, 58, 31, 344, 49, 14, 9, 6]
138,9,14,[5, 318, 58, 31, 344, 49, 14, 9, 6]
139,6,12,[7, 320, 17, 330, 21, 10]
140,9,11,[5, 318, 58, 31, 344, 49, 14, 9, 6]
141,6,8,[320, 17, 330, 21, 10, 7]
142,6,9,[10, 7, 320, 17, 330, 21]
143,9,10,[6, 5, 318, 58, 31, 344, 49, 14, 9]
144,9,9,[9, 6, 5, 318, 58, 31, 344, 49, 14]
145,6,11,[7, 320, 17, 330, 21, 10]
146,6,14,[7, 320, 17, 330, 21, 10]
147,6,6,[330, 21, 10, 7, 320, 17]
148,6,10,[320, 17, 330, 21, 10, 7]
149,9,14,[5, 318, 58, 31, 344, 49, 14, 9, 6]
150,9,11,[5, 318, 58, 31, 344, 49, 14, 9, 6]
151,6,13,[7, 320, 17, 330, 21, 10]
152,6,7,[7, 320, 17, 330, 21, 10]
153,9,13,[5, 318, 58, 31, 344, 49, 14, 9, 6]
154,9,10,[6, 5, 318, 58, 31, 344, 49, 14, 9]
155,6,7,[7, 320, 17, 330, 21, 10]
156,9,10,[6, 5, 318, 58, 31, 344, 49, 14, 9]
157,9,15,[5, 318, 58, 31, 344, 49, 14, 9, 6]
158,6,8,[320, 17, 330, 21, 10, 7]
159,6,14,[7, 320, 17, 330, 21, 10]
160,9,11,[5, 318, 58, 31, 344, 49, 14, 9, 6]
161,6,7,[7, 320, 17, 330, 21, 10]
162,9,9,[9, 6, 5, 318, 58, 31, 344, 49, 14]
163,9,15,[5, 318, 58, 31, 344, 49, 14, 9, 6]
164,9,14,[5, 318, 58, 31, 344, 49, 14, 9, 6]
165,6,10,[7, 320, 17, 330, 21, 10]
166,6,15,[7, 320, 17, 330, 21, 10]
167,9,12,[5, 318, 58, 31, 344, 49, 14, 9, 6]
168,9,11,[5, 318, 58, 31, 344, 49, 14, 9, 6]
169,9,12,[5, 318, 58, 31, 344, 49, 14, 9, 6]
170,9,10,[6, 5, 318, 58, 31, 344, 49, 14, 9]
171,6,7,[7, 320, 17, 330, 21, 10]
172,6,8,[330, 21, 10, 7, 320, 17]
173,6,7,[330, 21, 10, 7, 320, 17]
174,6,11,[7, 320, 17, 330, 21, 10]
175,6,6,[330, 21, 10, 7, 320, 17]
176,6,10,[7, 320, 17, 330, 21, 10]
177,9,11,[9, 6, 5, 318, 58, 31, 344, 49, 14]
178,9,11,[6, 5, 318, 58, 31, 344, 49, 14, 9]
179,9,15,[5, 318, 58, 31, 344, 49, 14, 9, 6]
180,9,11,[5, 318, 58, 31, 344, 49, 14, 9, 6]
181,6,12,[7, 320, 17, 330, 21, 10]
182,6,14,[7, 320, 17, 330, 21, 10]
183,6,8,[320, 17, 330, 21, 10, 7]
184,9,12,[6, 5, 318, 58, 31, 344, 49, 14, 9]
185,6,8,[320, 17, 330, 21, 10, 7]
186,6,7,[7, 320, 17, 330, 21, 10]
187,9,14,[5, 318, 58, 31, 344, 49, 14, 9, 6]
188,9,11,[6, 5, 318, 58, 31, 344, 49, 14, 9]
189,9,11,[5, 318, 58, 31, 344, 49, 14, 9, 6]
190,9,12,[5, 318, 58, 31, 344, 49, 14, 9, 6]
191,6,11,[7, 320, 17, 330, 21, 10]
192,9,11,[5, 318, 58, 31, 344, 49, 14, 9, 6]
193,6,8,[7, 320, 17, 330, 21, 10]
194,6,7,[330, 21, 10, 7, 320, 17]
195,6,6,[10, 7, 320, 17, 330, 21]
196,9,11,[5, 318, 58, 31, 344, 49, 14, 9, 6]
197,9,11,[6, 5, 318, 58, 31, 344, 49, 14, 9]
198,6,10,[7, 320, 17, 330, 21, 10]
199,9,12,[5, 318, 58, 31, 344, 49, 14, 9, 6]
200,9,11,[5, 318, 58, 31, 344, 49, 14, 9, 6]
