1  1  [1]
2  6  [39, 16, 8, 6, 5, 74]
3  6  [8, 6, 5, 74, 39, 16]
4  1  [4]
5  6  [39, 16, 8, 6, 5, 74]
6  6  [74, 39, 16, 8, 6, 5]
7  6  [74, 39, 16, 8, 6, 5]
8  6  [5, 74, 39, 16, 8, 6]
9  6  [5, 74, 39, 16, 8, 6]
10  6  [5, 74, 39, 16, 8, 6]
11  6  [6, 5, 74, 39, 16, 8]
12  6  [5, 74, 39, 16, 8, 6]
13  6  [74, 39, 16, 8, 6, 5]
14  6  [6, 5, 74, 39, 16, 8]
15  6  [6, 5, 74, 39, 16, 8]
16  6  [6, 5, 74, 39, 16, 8]
17  6  [39, 16, 8, 6, 5, 74]
18  6  [6, 5, 74, 39, 16, 8]
19  6  [5, 74, 39, 16, 8, 6]
20  6  [6, 5, 74, 39, 16, 8]
21  6  [6, 5, 74, 39, 16, 8]
22  6  [5, 74, 39, 16, 8, 6]
23  6  [16, 8, 6, 5, 74, 39]
24  6  [6, 5, 74, 39, 16, 8]
25  6  [6, 5, 74, 39, 16, 8]
26  6  [8, 6, 5, 74, 39, 16]
27  6  [6, 5, 74, 39, 16, 8]
28  6  [8, 6, 5, 74, 39, 16]
29  6  [16, 8, 6, 5, 74, 39]
30  6  [6, 5, 74, 39, 16, 8]
31  6  [16, 8, 6, 5, 74, 39]
32  6  [6, 5, 74, 39, 16, 8]
33  6  [8, 6, 5, 74, 39, 16]
34  6  [6, 5, 74, 39, 16, 8]
35  6  [6, 5, 74, 39, 16, 8]
36  6  [6, 5, 74, 39, 16, 8]
37  6  [39, 16, 8, 6, 5, 74]
38  6  [8, 6, 5, 74, 39, 16]
39  6  [8, 6, 5, 74, 39, 16]
40  6  [8, 6, 5, 74, 39, 16]
41  6  [16, 8, 6, 5, 74, 39]
42  6  [6, 5, 74, 39, 16, 8]
43  6  [16, 8, 6, 5, 74, 39]
44  6  [8, 6, 5, 74, 39, 16]
45  6  [8, 6, 5, 74, 39, 16]
46  6  [8, 6, 5, 74, 39, 16]
47  6  [39, 16, 8, 6, 5, 74]
48  6  [8, 6, 5, 74, 39, 16]
49  6  [8, 6, 5, 74, 39, 16]
50  6  [6, 5, 74, 39, 16, 8]
51  6  [8, 6, 5, 74, 39, 16]
52  6  [74, 39, 16, 8, 6, 5]
53  6  [8, 6, 5, 74, 39, 16]
54  6  [8, 6, 5, 74, 39, 16]
55  6  [8, 6, 5, 74, 39, 16]
56  6  [5, 74, 39, 16, 8, 6]
57  6  [6, 5, 74, 39, 16, 8]
58  6  [39, 16, 8, 6, 5, 74]
59  6  [16, 8, 6, 5, 74, 39]
60  6  [6, 5, 74, 39, 16, 8]
61  6  [16, 8, 6, 5, 74, 39]
62  6  [16, 8, 6, 5, 74, 39]
63  6  [5, 74, 39, 16, 8, 6]
64  6  [6, 5, 74, 39, 16, 8]
65  6  [8, 6, 5, 74, 39, 16]
66  6  [8, 6, 5, 74, 39, 16]
67  6  [74, 39, 16, 8, 6, 5]
68  6  [8, 6, 5, 74, 39, 16]
69  6  [16, 8, 6, 5, 74, 39]
70  6  [8, 6, 5, 74, 39, 16]
71  6  [16, 8, 6, 5, 74, 39]
72  6  [6, 5, 74, 39, 16, 8]
73  2  [73, 142]
74  6  [16, 8, 6, 5, 74, 39]
75  6  [5, 74, 39, 16, 8, 6]
76  6  [39, 16, 8, 6, 5, 74]
77  6  [8, 6, 5, 74, 39, 16]
78  6  [8, 6, 5, 74, 39, 16]
79  6  [74, 39, 16, 8, 6, 5]
80  6  [5, 74, 39, 16, 8, 6]
81  6  [6, 5, 74, 39, 16, 8]
82  6  [39, 16, 8, 6, 5, 74]
83  6  [16, 8, 6, 5, 74, 39]
84  6  [8, 6, 5, 74, 39, 16]
85  6  [6, 5, 74, 39, 16, 8]
86  6  [16, 8, 6, 5, 74, 39]
87  6  [8, 6, 5, 74, 39, 16]
88  6  [74, 39, 16, 8, 6, 5]
89  6  [16, 8, 6, 5, 74, 39]
90  6  [5, 74, 39, 16, 8, 6]
91  6  [8, 6, 5, 74, 39, 16]
92  6  [8, 6, 5, 74, 39, 16]
93  6  [8, 6, 5, 74, 39, 16]
94  6  [16, 8, 6, 5, 74, 39]
95  6  [8, 6, 5, 74, 39, 16]
96  6  [5, 74, 39, 16, 8, 6]
97  6  [16, 8, 6, 5, 74, 39]
98  6  [8, 6, 5, 74, 39, 16]
99  6  [74, 39, 16, 8, 6, 5]
100  6  [8, 6, 5, 74, 39, 16]
101  6  [16, 8, 6, 5, 74, 39]
102  6  [6, 5, 74, 39, 16, 8]
103  6  [5, 74, 39, 16, 8, 6]
104  6  [6, 5, 74, 39, 16, 8]
