1  1  [1, 1, 1, 1, 1, 1, 1, 1, 1, 1, 1, 1, 1, 1, 1, 1, 1, 1, 1]
2  9  [24, 9, 6, 5, 22, 13, 30, 10, 7, 24, 9, 6, 5, 22, 13, 30, 10, 7, 24]
3  9  [22, 13, 30, 10, 7, 24, 9, 6, 5, 22, 13, 30, 10, 7, 24, 9, 6, 5, 22]
4  1  [4, 4, 4, 4, 4, 4, 4, 4, 4, 4, 4, 4, 4, 4, 4, 4, 4, 4, 4]
5  9  [7, 24, 9, 6, 5, 22, 13, 30, 10, 7, 24, 9, 6, 5, 22, 13, 30, 10, 7]
6  9  [10, 7, 24, 9, 6, 5, 22, 13, 30, 10, 7, 24, 9, 6, 5, 22, 13, 30, 10]
7  9  [22, 13, 30, 10, 7, 24, 9, 6, 5, 22, 13, 30, 10, 7, 24, 9, 6, 5, 22]
8  9  [30, 10, 7, 24, 9, 6, 5, 22, 13, 30, 10, 7, 24, 9, 6, 5, 22, 13, 30]
9  9  [30, 10, 7, 24, 9, 6, 5, 22, 13, 30, 10, 7, 24, 9, 6, 5, 22, 13, 30]
10  9  [5, 22, 13, 30, 10, 7, 24, 9, 6, 5, 22, 13, 30, 10, 7, 24, 9, 6, 5]
11  2  [11, 28, 11, 28, 11, 28, 11, 28, 11, 28, 11, 28, 11, 28, 11, 28, 11, 28, 11]
12  9  [5, 22, 13, 30, 10, 7, 24, 9, 6, 5, 22, 13, 30, 10, 7, 24, 9, 6, 5]
13  9  [9, 6, 5, 22, 13, 30, 10, 7, 24, 9, 6, 5, 22, 13, 30, 10, 7, 24, 9]
14  9  [13, 30, 10, 7, 24, 9, 6, 5, 22, 13, 30, 10, 7, 24, 9, 6, 5, 22, 13]
15  9  [13, 30, 10, 7, 24, 9, 6, 5, 22, 13, 30, 10, 7, 24, 9, 6, 5, 22, 13]
16  9  [13, 30, 10, 7, 24, 9, 6, 5, 22, 13, 30, 10, 7, 24, 9, 6, 5, 22, 13]
17  9  [7, 24, 9, 6, 5, 22, 13, 30, 10, 7, 24, 9, 6, 5, 22, 13, 30, 10, 7]
18  9  [13, 30, 10, 7, 24, 9, 6, 5, 22, 13, 30, 10, 7, 24, 9, 6, 5, 22, 13]
19  9  [9, 6, 5, 22, 13, 30, 10, 7, 24, 9, 6, 5, 22, 13, 30, 10, 7, 24, 9]
20  9  [13, 30, 10, 7, 24, 9, 6, 5, 22, 13, 30, 10, 7, 24, 9, 6, 5, 22, 13]
21  9  [6, 5, 22, 13, 30, 10, 7, 24, 9, 6, 5, 22, 13, 30, 10, 7, 24, 9, 6]
22  9  [24, 9, 6, 5, 22, 13, 30, 10, 7, 24, 9, 6, 5, 22, 13, 30, 10, 7, 24]
23  2  [11, 28, 11, 28, 11, 28, 11, 28, 11, 28, 11, 28, 11, 28, 11, 28, 11, 28, 11]
24  9  [13, 30, 10, 7, 24, 9, 6, 5, 22, 13, 30, 10, 7, 24, 9, 6, 5, 22, 13]
25  9  [6, 5, 22, 13, 30, 10, 7, 24, 9, 6, 5, 22, 13, 30, 10, 7, 24, 9, 6]
26  9  [22, 13, 30, 10, 7, 24, 9, 6, 5, 22, 13, 30, 10, 7, 24, 9, 6, 5, 22]
27  9  [13, 30, 10, 7, 24, 9, 6, 5, 22, 13, 30, 10, 7, 24, 9, 6, 5, 22, 13]
28  2  [28, 11, 28, 11, 28, 11, 28, 11, 28, 11, 28, 11, 28, 11, 28, 11, 28, 11, 28]
29  9  [24, 9, 6, 5, 22, 13, 30, 10, 7, 24, 9, 6, 5, 22, 13, 30, 10, 7, 24]
30  9  [6, 5, 22, 13, 30, 10, 7, 24, 9, 6, 5, 22, 13, 30, 10, 7, 24, 9, 6]
31  2  [11, 28, 11, 28, 11, 28, 11, 28, 11, 28, 11, 28, 11, 28, 11, 28, 11, 28, 11]
32  9  [6, 5, 22, 13, 30, 10, 7, 24, 9, 6, 5, 22, 13, 30, 10, 7, 24, 9, 6]
33  9  [22, 13, 30, 10, 7, 24, 9, 6, 5, 22, 13, 30, 10, 7, 24, 9, 6, 5, 22]
34  9  [24, 9, 6, 5, 22, 13, 30, 10, 7, 24, 9, 6, 5, 22, 13, 30, 10, 7, 24]
35  9  [6, 5, 22, 13, 30, 10, 7, 24, 9, 6, 5, 22, 13, 30, 10, 7, 24, 9, 6]
36  9  [6, 5, 22, 13, 30, 10, 7, 24, 9, 6, 5, 22, 13, 30, 10, 7, 24, 9, 6]
37  2  [11, 28, 11, 28, 11, 28, 11, 28, 11, 28, 11, 28, 11, 28, 11, 28, 11, 28, 11]
38  9  [9, 6, 5, 22, 13, 30, 10, 7, 24, 9, 6, 5, 22, 13, 30, 10, 7, 24, 9]
39  9  [22, 13, 30, 10, 7, 24, 9, 6, 5, 22, 13, 30, 10, 7, 24, 9, 6, 5, 22]
40  2  [28, 11, 28, 11, 28, 11, 28, 11, 28, 11, 28, 11, 28, 11, 28, 11, 28, 11, 28]
41  2  [11, 28, 11, 28, 11, 28, 11, 28, 11, 28, 11, 28, 11, 28, 11, 28, 11, 28, 11]
42  9  [6, 5, 22, 13, 30, 10, 7, 24, 9, 6, 5, 22, 13, 30, 10, 7, 24, 9, 6]
43  9  [9, 6, 5, 22, 13, 30, 10, 7, 24, 9, 6, 5, 22, 13, 30, 10, 7, 24, 9]
44  9  [22, 13, 30, 10, 7, 24, 9, 6, 5, 22, 13, 30, 10, 7, 24, 9, 6, 5, 22]
45  2  [28, 11, 28, 11, 28, 11, 28, 11, 28, 11, 28, 11, 28, 11, 28, 11, 28, 11, 28]
46  9  [9, 6, 5, 22, 13, 30, 10, 7, 24, 9, 6, 5, 22, 13, 30, 10, 7, 24, 9]
47  9  [9, 6, 5, 22, 13, 30, 10, 7, 24, 9, 6, 5, 22, 13, 30, 10, 7, 24, 9]
48  2  [28, 11, 28, 11, 28, 11, 28, 11, 28, 11, 28, 11, 28, 11, 28, 11, 28, 11, 28]
49  9  [22, 13, 30, 10, 7, 24, 9, 6, 5, 22, 13, 30, 10, 7, 24, 9, 6, 5, 22]
50  9  [6, 5, 22, 13, 30, 10, 7, 24, 9, 6, 5, 22, 13, 30, 10, 7, 24, 9, 6]
51  9  [22, 13, 30, 10, 7, 24, 9, 6, 5, 22, 13, 30, 10, 7, 24, 9, 6, 5, 22]
52  9  [10, 7, 24, 9, 6, 5, 22, 13, 30, 10, 7, 24, 9, 6, 5, 22, 13, 30, 10]
53  9  [5, 22, 13, 30, 10, 7, 24, 9, 6, 5, 22, 13, 30, 10, 7, 24, 9, 6, 5]
54  2  [28, 11, 28, 11, 28, 11, 28, 11, 28, 11, 28, 11, 28, 11, 28, 11, 28, 11, 28]
55  9  [22, 13, 30, 10, 7, 24, 9, 6, 5, 22, 13, 30, 10, 7, 24, 9, 6, 5, 22]
56  9  [24, 9, 6, 5, 22, 13, 30, 10, 7, 24, 9, 6, 5, 22, 13, 30, 10, 7, 24]
57  9  [7, 24, 9, 6, 5, 22, 13, 30, 10, 7, 24, 9, 6, 5, 22, 13, 30, 10, 7]
58  2  [28, 11, 28, 11, 28, 11, 28, 11, 28, 11, 28, 11, 28, 11, 28, 11, 28, 11, 28]
59  2  [11, 28, 11, 28, 11, 28, 11, 28, 11, 28, 11, 28, 11, 28, 11, 28, 11, 28, 11]
60  9  [6, 5, 22, 13, 30, 10, 7, 24, 9, 6, 5, 22, 13, 30, 10, 7, 24, 9, 6]
61  9  [5, 22, 13, 30, 10, 7, 24, 9, 6, 5, 22, 13, 30, 10, 7, 24, 9, 6, 5]
62  9  [5, 22, 13, 30, 10, 7, 24, 9, 6, 5, 22, 13, 30, 10, 7, 24, 9, 6, 5]
63  9  [24, 9, 6, 5, 22, 13, 30, 10, 7, 24, 9, 6, 5, 22, 13, 30, 10, 7, 24]
64  9  [6, 5, 22, 13, 30, 10, 7, 24, 9, 6, 5, 22, 13, 30, 10, 7, 24, 9, 6]
65  9  [22, 13, 30, 10, 7, 24, 9, 6, 5, 22, 13, 30, 10, 7, 24, 9, 6, 5, 22]
66  9  [22, 13, 30, 10, 7, 24, 9, 6, 5, 22, 13, 30, 10, 7, 24, 9, 6, 5, 22]
67  9  [5, 22, 13, 30, 10, 7, 24, 9, 6, 5, 22, 13, 30, 10, 7, 24, 9, 6, 5]
68  9  [9, 6, 5, 22, 13, 30, 10, 7, 24, 9, 6, 5, 22, 13, 30, 10, 7, 24, 9]
69  9  [5, 22, 13, 30, 10, 7, 24, 9, 6, 5, 22, 13, 30, 10, 7, 24, 9, 6, 5]
70  9  [22, 13, 30, 10, 7, 24, 9, 6, 5, 22, 13, 30, 10, 7, 24, 9, 6, 5, 22]
71  9  [30, 10, 7, 24, 9, 6, 5, 22, 13, 30, 10, 7, 24, 9, 6, 5, 22, 13, 30]
72  9  [6, 5, 22, 13, 30, 10, 7, 24, 9, 6, 5, 22, 13, 30, 10, 7, 24, 9, 6]
73  9  [7, 24, 9, 6, 5, 22, 13, 30, 10, 7, 24, 9, 6, 5, 22, 13, 30, 10, 7]
74  9  [5, 22, 13, 30, 10, 7, 24, 9, 6, 5, 22, 13, 30, 10, 7, 24, 9, 6, 5]
75  9  [24, 9, 6, 5, 22, 13, 30, 10, 7, 24, 9, 6, 5, 22, 13, 30, 10, 7, 24]
76  2  [28, 11, 28, 11, 28, 11, 28, 11, 28, 11, 28, 11, 28, 11, 28, 11, 28, 11, 28]
77  9  [22, 13, 30, 10, 7, 24, 9, 6, 5, 22, 13, 30, 10, 7, 24, 9, 6, 5, 22]
78  9  [22, 13, 30, 10, 7, 24, 9, 6, 5, 22, 13, 30, 10, 7, 24, 9, 6, 5, 22]
79  9  [7, 24, 9, 6, 5, 22, 13, 30, 10, 7, 24, 9, 6, 5, 22, 13, 30, 10, 7]
80  9  [24, 9, 6, 5, 22, 13, 30, 10, 7, 24, 9, 6, 5, 22, 13, 30, 10, 7, 24]
81  9  [6, 5, 22, 13, 30, 10, 7, 24, 9, 6, 5, 22, 13, 30, 10, 7, 24, 9, 6]
82  9  [24, 9, 6, 5, 22, 13, 30, 10, 7, 24, 9, 6, 5, 22, 13, 30, 10, 7, 24]
83  9  [5, 22, 13, 30, 10, 7, 24, 9, 6, 5, 22, 13, 30, 10, 7, 24, 9, 6, 5]
84  9  [22, 13, 30, 10, 7, 24, 9, 6, 5, 22, 13, 30, 10, 7, 24, 9, 6, 5, 22]
85  9  [7, 24, 9, 6, 5, 22, 13, 30, 10, 7, 24, 9, 6, 5, 22, 13, 30, 10, 7]
86  2  [11, 28, 11, 28, 11, 28, 11, 28, 11, 28, 11, 28, 11, 28, 11, 28, 11, 28, 11]
87  9  [9, 6, 5, 22, 13, 30, 10, 7, 24, 9, 6, 5, 22, 13, 30, 10, 7, 24, 9]
88  9  [10, 7, 24, 9, 6, 5, 22, 13, 30, 10, 7, 24, 9, 6, 5, 22, 13, 30, 10]
89  9  [6, 5, 22, 13, 30, 10, 7, 24, 9, 6, 5, 22, 13, 30, 10, 7, 24, 9, 6]
90  9  [24, 9, 6, 5, 22, 13, 30, 10, 7, 24, 9, 6, 5, 22, 13, 30, 10, 7, 24]
91  9  [22, 13, 30, 10, 7, 24, 9, 6, 5, 22, 13, 30, 10, 7, 24, 9, 6, 5, 22]
92  9  [22, 13, 30, 10, 7, 24, 9, 6, 5, 22, 13, 30, 10, 7, 24, 9, 6, 5, 22]
93  9  [7, 24, 9, 6, 5, 22, 13, 30, 10, 7, 24, 9, 6, 5, 22, 13, 30, 10, 7]
94  9  [5, 22, 13, 30, 10, 7, 24, 9, 6, 5, 22, 13, 30, 10, 7, 24, 9, 6, 5]
95  9  [22, 13, 30, 10, 7, 24, 9, 6, 5, 22, 13, 30, 10, 7, 24, 9, 6, 5, 22]
96  9  [24, 9, 6, 5, 22, 13, 30, 10, 7, 24, 9, 6, 5, 22, 13, 30, 10, 7, 24]
97  9  [5, 22, 13, 30, 10, 7, 24, 9, 6, 5, 22, 13, 30, 10, 7, 24, 9, 6, 5]
98  9  [22, 13, 30, 10, 7, 24, 9, 6, 5, 22, 13, 30, 10, 7, 24, 9, 6, 5, 22]
99  9  [10, 7, 24, 9, 6, 5, 22, 13, 30, 10, 7, 24, 9, 6, 5, 22, 13, 30, 10]
100  9  [22, 13, 30, 10, 7, 24, 9, 6, 5, 22, 13, 30, 10, 7, 24, 9, 6, 5, 22]
101  9  [9, 6, 5, 22, 13, 30, 10, 7, 24, 9, 6, 5, 22, 13, 30, 10, 7, 24, 9]
102  9  [7, 24, 9, 6, 5, 22, 13, 30, 10, 7, 24, 9, 6, 5, 22, 13, 30, 10, 7]
103  9  [5, 22, 13, 30, 10, 7, 24, 9, 6, 5, 22, 13, 30, 10, 7, 24, 9, 6, 5]
104  9  [24, 9, 6, 5, 22, 13, 30, 10, 7, 24, 9, 6, 5, 22, 13, 30, 10, 7, 24]
