1  1  0 [1]
2  8  3 [14, 9, 6, 5, 76, 23, 94, 49]
3  8  5 [6, 5, 76, 23, 94, 49, 14, 9]
4  1  0 [4]
5  8  0 [5, 76, 23, 94, 49, 14, 9, 6]
6  8  0 [6, 5, 76, 23, 94, 49, 14, 9]
7  8  4 [6, 5, 76, 23, 94, 49, 14, 9]
8  8  1 [6, 5, 76, 23, 94, 49, 14, 9]
9  8  0 [9, 6, 5, 76, 23, 94, 49, 14]
10  8  5 [6, 5, 76, 23, 94, 49, 14, 9]
11  8  5 [9, 6, 5, 76, 23, 94, 49, 14]
12  8  5 [6, 5, 76, 23, 94, 49, 14, 9]
13  8  2 [14, 9, 6, 5, 76, 23, 94, 49]
14  8  0 [14, 9, 6, 5, 76, 23, 94, 49]
15  8  2 [6, 5, 76, 23, 94, 49, 14, 9]
16  8  2 [6, 5, 76, 23, 94, 49, 14, 9]
17  2  0 [17, 88]
18  8  2 [6, 5, 76, 23, 94, 49, 14, 9]
19  8  4 [14, 9, 6, 5, 76, 23, 94, 49]
20  8  1 [9, 6, 5, 76, 23, 94, 49, 14]
21  8  6 [6, 5, 76, 23, 94, 49, 14, 9]
22  8  3 [14, 9, 6, 5, 76, 23, 94, 49]
23  8  0 [23, 94, 49, 14, 9, 6, 5, 76]
24  8  1 [9, 6, 5, 76, 23, 94, 49, 14]
25  8  6 [6, 5, 76, 23, 94, 49, 14, 9]
26  8  3 [6, 5, 76, 23, 94, 49, 14, 9]
27  8  1 [9, 6, 5, 76, 23, 94, 49, 14]
28  8  6 [9, 6, 5, 76, 23, 94, 49, 14]
29  8  2 [14, 9, 6, 5, 76, 23, 94, 49]
30  8  6 [6, 5, 76, 23, 94, 49, 14, 9]
31  8  5 [14, 9, 6, 5, 76, 23, 94, 49]
32  8  6 [6, 5, 76, 23, 94, 49, 14, 9]
33  8  1 [14, 9, 6, 5, 76, 23, 94, 49]
34  8  5 [14, 9, 6, 5, 76, 23, 94, 49]
35  8  6 [6, 5, 76, 23, 94, 49, 14, 9]
36  8  6 [6, 5, 76, 23, 94, 49, 14, 9]
37  8  4 [14, 9, 6, 5, 76, 23, 94, 49]
38  8  7 [6, 5, 76, 23, 94, 49, 14, 9]
39  8  3 [6, 5, 76, 23, 94, 49, 14, 9]
40  8  6 [9, 6, 5, 76, 23, 94, 49, 14]
41  8  4 [6, 5, 76, 23, 94, 49, 14, 9]
42  8  6 [6, 5, 76, 23, 94, 49, 14, 9]
43  8  3 [9, 6, 5, 76, 23, 94, 49, 14]
44  8  3 [6, 5, 76, 23, 94, 49, 14, 9]
45  8  6 [9, 6, 5, 76, 23, 94, 49, 14]
46  8  7 [6, 5, 76, 23, 94, 49, 14, 9]
47  8  6 [6, 5, 76, 23, 94, 49, 14, 9]
48  8  6 [9, 6, 5, 76, 23, 94, 49, 14]
49  8  0 [49, 14, 9, 6, 5, 76, 23, 94]
50  8  6 [6, 5, 76, 23, 94, 49, 14, 9]
51  8  2 [9, 6, 5, 76, 23, 94, 49, 14]
52  2  1 [17, 88]
53  8  8 [6, 5, 76, 23, 94, 49, 14, 9]
54  8  6 [9, 6, 5, 76, 23, 94, 49, 14]
55  8  3 [6, 5, 76, 23, 94, 49, 14, 9]
56  8  3 [14, 9, 6, 5, 76, 23, 94, 49]
57  8  4 [14, 9, 6, 5, 76, 23, 94, 49]
58  8  6 [14, 9, 6, 5, 76, 23, 94, 49]
59  8  3 [9, 6, 5, 76, 23, 94, 49, 14]
60  8  6 [6, 5, 76, 23, 94, 49, 14, 9]
61  8  4 [6, 5, 76, 23, 94, 49, 14, 9]
62  8  2 [14, 9, 6, 5, 76, 23, 94, 49]
63  8  3 [14, 9, 6, 5, 76, 23, 94, 49]
64  8  6 [6, 5, 76, 23, 94, 49, 14, 9]
65  8  3 [6, 5, 76, 23, 94, 49, 14, 9]
66  8  3 [6, 5, 76, 23, 94, 49, 14, 9]
67  8  8 [9, 6, 5, 76, 23, 94, 49, 14]
68  8  7 [6, 5, 76, 23, 94, 49, 14, 9]
69  8  4 [6, 5, 76, 23, 94, 49, 14, 9]
70  8  1 [14, 9, 6, 5, 76, 23, 94, 49]
71  8  4 [14, 9, 6, 5, 76, 23, 94, 49]
72  8  6 [6, 5, 76, 23, 94, 49, 14, 9]
73  8  2 [14, 9, 6, 5, 76, 23, 94, 49]
74  8  4 [6, 5, 76, 23, 94, 49, 14, 9]
75  8  3 [14, 9, 6, 5, 76, 23, 94, 49]
76  8  0 [76, 23, 94, 49, 14, 9, 6, 5]
77  8  3 [6, 5, 76, 23, 94, 49, 14, 9]
78  8  3 [6, 5, 76, 23, 94, 49, 14, 9]
79  8  4 [6, 5, 76, 23, 94, 49, 14, 9]
80  8  3 [14, 9, 6, 5, 76, 23, 94, 49]
81  8  6 [6, 5, 76, 23, 94, 49, 14, 9]
82  8  4 [9, 6, 5, 76, 23, 94, 49, 14]
83  8  3 [9, 6, 5, 76, 23, 94, 49, 14]
84  8  1 [14, 9, 6, 5, 76, 23, 94, 49]
85  8  4 [14, 9, 6, 5, 76, 23, 94, 49]
86  8  7 [9, 6, 5, 76, 23, 94, 49, 14]
87  8  7 [6, 5, 76, 23, 94, 49, 14, 9]
88  2  0 [88, 17]
89  8  4 [6, 5, 76, 23, 94, 49, 14, 9]
90  8  3 [14, 9, 6, 5, 76, 23, 94, 49]
91  8  2 [9, 6, 5, 76, 23, 94, 49, 14]
92  8  2 [9, 6, 5, 76, 23, 94, 49, 14]
93  8  6 [14, 9, 6, 5, 76, 23, 94, 49]
94  8  0 [94, 49, 14, 9, 6, 5, 76, 23]
95  8  2 [9, 6, 5, 76, 23, 94, 49, 14]
96  8  3 [14, 9, 6, 5, 76, 23, 94, 49]
97  8  4 [6, 5, 76, 23, 94, 49, 14, 9]
98  8  3 [6, 5, 76, 23, 94, 49, 14, 9]
99  2  1 [17, 88]
100  8  1 [14, 9, 6, 5, 76, 23, 94, 49]
