1,1,0,[1]
2,5,8,[6, 5, 204, 24, 9]
3,5,18,[5, 204, 24, 9, 6]
4,1,0,[4]
5,5,4,[204, 24, 9, 6, 5]
6,5,4,[5, 204, 24, 9, 6]
7,5,9,[5, 204, 24, 9, 6]
8,5,5,[5, 204, 24, 9, 6]
9,5,4,[6, 5, 204, 24, 9]
10,5,10,[5, 204, 24, 9, 6]
11,5,10,[5, 204, 24, 9, 6]
12,5,10,[5, 204, 24, 9, 6]
13,4,3,[212, 57, 22, 13]
14,5,5,[6, 5, 204, 24, 9]
15,5,6,[5, 204, 24, 9, 6]
16,5,6,[5, 204, 24, 9, 6]
17,5,8,[5, 204, 24, 9, 6]
18,5,6,[5, 204, 24, 9, 6]
19,5,14,[5, 204, 24, 9, 6]
20,5,5,[6, 5, 204, 24, 9]
21,5,11,[5, 204, 24, 9, 6]
22,4,3,[13, 212, 57, 22]
23,5,13,[5, 204, 24, 9, 6]
24,5,4,[9, 6, 5, 204, 24]
25,5,11,[5, 204, 24, 9, 6]
26,5,7,[5, 204, 24, 9, 6]
27,5,5,[6, 5, 204, 24, 9]
28,5,11,[5, 204, 24, 9, 6]
29,5,9,[5, 204, 24, 9, 6]
30,5,11,[5, 204, 24, 9, 6]
31,5,13,[5, 204, 24, 9, 6]
32,5,11,[5, 204, 24, 9, 6]
33,5,6,[6, 5, 204, 24, 9]
34,5,15,[5, 204, 24, 9, 6]
35,5,11,[5, 204, 24, 9, 6]
36,5,11,[5, 204, 24, 9, 6]
37,4,6,[212, 57, 22, 13]
38,5,12,[5, 204, 24, 9, 6]
39,5,7,[5, 204, 24, 9, 6]
40,5,11,[5, 204, 24, 9, 6]
41,5,8,[5, 204, 24, 9, 6]
42,5,11,[5, 204, 24, 9, 6]
43,5,6,[9, 6, 5, 204, 24]
44,5,7,[5, 204, 24, 9, 6]
45,5,11,[5, 204, 24, 9, 6]
46,5,12,[5, 204, 24, 9, 6]
47,5,14,[5, 204, 24, 9, 6]
48,5,11,[5, 204, 24, 9, 6]
49,5,6,[6, 5, 204, 24, 9]
50,5,11,[5, 204, 24, 9, 6]
51,5,6,[6, 5, 204, 24, 9]
52,5,9,[5, 204, 24, 9, 6]
53,5,10,[5, 204, 24, 9, 6]
54,5,11,[5, 204, 24, 9, 6]
55,5,7,[5, 204, 24, 9, 6]
56,4,4,[212, 57, 22, 13]
57,4,3,[22, 13, 212, 57]
58,5,14,[5, 204, 24, 9, 6]
59,5,13,[5, 204, 24, 9, 6]
60,5,11,[5, 204, 24, 9, 6]
61,4,5,[13, 212, 57, 22]
62,5,7,[6, 5, 204, 24, 9]
63,4,4,[212, 57, 22, 13]
64,5,11,[5, 204, 24, 9, 6]
65,5,7,[5, 204, 24, 9, 6]
66,5,7,[5, 204, 24, 9, 6]
67,5,13,[5, 204, 24, 9, 6]
68,5,12,[5, 204, 24, 9, 6]
69,5,8,[5, 204, 24, 9, 6]
70,5,6,[6, 5, 204, 24, 9]
71,5,8,[5, 204, 24, 9, 6]
72,5,11,[5, 204, 24, 9, 6]
73,5,13,[5, 204, 24, 9, 6]
74,5,8,[5, 204, 24, 9, 6]
75,4,4,[212, 57, 22, 13]
76,5,14,[5, 204, 24, 9, 6]
77,5,7,[5, 204, 24, 9, 6]
78,5,7,[5, 204, 24, 9, 6]
79,5,14,[5, 204, 24, 9, 6]
80,4,4,[212, 57, 22, 13]
81,5,11,[5, 204, 24, 9, 6]
82,5,7,[9, 6, 5, 204, 24]
83,5,11,[5, 204, 24, 9, 6]
84,5,6,[6, 5, 204, 24, 9]
85,4,4,[13, 212, 57, 22]
86,5,12,[5, 204, 24, 9, 6]
87,5,12,[5, 204, 24, 9, 6]
88,5,9,[5, 204, 24, 9, 6]
89,5,8,[5, 204, 24, 9, 6]
90,4,4,[212, 57, 22, 13]
91,5,6,[6, 5, 204, 24, 9]
92,5,6,[6, 5, 204, 24, 9]
93,5,16,[5, 204, 24, 9, 6]
94,5,7,[6, 5, 204, 24, 9]
95,5,5,[9, 6, 5, 204, 24]
96,4,4,[212, 57, 22, 13]
97,5,8,[9, 6, 5, 204, 24]
98,5,7,[5, 204, 24, 9, 6]
99,5,9,[5, 204, 24, 9, 6]
100,5,6,[6, 5, 204, 24, 9]
101,5,10,[5, 204, 24, 9, 6]
102,4,4,[13, 212, 57, 22]
103,5,16,[5, 204, 24, 9, 6]
104,5,15,[5, 204, 24, 9, 6]
105,5,7,[5, 204, 24, 9, 6]
106,5,8,[5, 204, 24, 9, 6]
107,5,13,[5, 204, 24, 9, 6]
108,4,4,[212, 57, 22, 13]
109,4,5,[13, 212, 57, 22]
110,5,7,[5, 204, 24, 9, 6]
111,5,12,[5, 204, 24, 9, 6]
112,5,7,[5, 204, 24, 9, 6]
113,4,5,[13, 212, 57, 22]
114,5,5,[9, 6, 5, 204, 24]
115,5,12,[5, 204, 24, 9, 6]
116,5,7,[6, 5, 204, 24, 9]
117,5,15,[5, 204, 24, 9, 6]
118,4,6,[13, 212, 57, 22]
119,5,5,[9, 6, 5, 204, 24]
120,5,6,[6, 5, 204, 24, 9]
121,4,4,[13, 212, 57, 22]
122,4,5,[212, 57, 22, 13]
123,5,8,[5, 204, 24, 9, 6]
124,5,12,[5, 204, 24, 9, 6]
125,5,7,[5, 204, 24, 9, 6]
126,5,7,[5, 204, 24, 9, 6]
127,5,17,[5, 204, 24, 9, 6]
128,5,6,[6, 5, 204, 24, 9]
129,5,13,[5, 204, 24, 9, 6]
130,5,6,[6, 5, 204, 24, 9]
131,5,13,[5, 204, 24, 9, 6]
132,5,7,[5, 204, 24, 9, 6]
133,5,8,[5, 204, 24, 9, 6]
134,5,9,[5, 204, 24, 9, 6]
135,5,6,[6, 5, 204, 24, 9]
136,5,14,[5, 204, 24, 9, 6]
137,5,8,[5, 204, 24, 9, 6]
138,5,12,[5, 204, 24, 9, 6]
139,5,13,[5, 204, 24, 9, 6]
140,5,7,[5, 204, 24, 9, 6]
141,5,12,[5, 204, 24, 9, 6]
142,5,14,[5, 204, 24, 9, 6]
143,5,5,[9, 6, 5, 204, 24]
144,5,6,[6, 5, 204, 24, 9]
145,5,16,[5, 204, 24, 9, 6]
146,4,5,[212, 57, 22, 13]
147,5,9,[5, 204, 24, 9, 6]
148,5,9,[5, 204, 24, 9, 6]
149,5,13,[5, 204, 24, 9, 6]
150,5,7,[5, 204, 24, 9, 6]
151,5,16,[5, 204, 24, 9, 6]
152,5,12,[5, 204, 24, 9, 6]
153,5,14,[5, 204, 24, 9, 6]
154,5,6,[6, 5, 204, 24, 9]
155,5,12,[5, 204, 24, 9, 6]
156,5,6,[6, 5, 204, 24, 9]
157,5,18,[5, 204, 24, 9, 6]
158,5,12,[5, 204, 24, 9, 6]
159,4,5,[212, 57, 22, 13]
160,5,7,[5, 204, 24, 9, 6]
161,5,12,[5, 204, 24, 9, 6]
162,5,6,[6, 5, 204, 24, 9]
163,5,14,[5, 204, 24, 9, 6]
164,5,12,[5, 204, 24, 9, 6]
165,5,15,[5, 204, 24, 9, 6]
166,4,5,[13, 212, 57, 22]
167,5,9,[5, 204, 24, 9, 6]
168,5,7,[5, 204, 24, 9, 6]
169,5,8,[5, 204, 24, 9, 6]
170,5,5,[9, 6, 5, 204, 24]
171,5,12,[5, 204, 24, 9, 6]
172,5,15,[5, 204, 24, 9, 6]
173,5,14,[5, 204, 24, 9, 6]
174,5,16,[5, 204, 24, 9, 6]
175,5,9,[5, 204, 24, 9, 6]
176,5,15,[5, 204, 24, 9, 6]
177,5,8,[6, 5, 204, 24, 9]
178,5,7,[6, 5, 204, 24, 9]
179,5,8,[5, 204, 24, 9, 6]
180,5,7,[5, 204, 24, 9, 6]
181,5,13,[5, 204, 24, 9, 6]
182,4,4,[13, 212, 57, 22]
183,5,12,[5, 204, 24, 9, 6]
184,5,10,[5, 204, 24, 9, 6]
185,5,12,[5, 204, 24, 9, 6]
186,5,12,[5, 204, 24, 9, 6]
187,5,12,[5, 204, 24, 9, 6]
188,5,7,[6, 5, 204, 24, 9]
189,5,7,[5, 204, 24, 9, 6]
190,5,8,[5, 204, 24, 9, 6]
191,5,15,[5, 204, 24, 9, 6]
192,5,7,[5, 204, 24, 9, 6]
193,5,7,[6, 5, 204, 24, 9]
194,5,10,[5, 204, 24, 9, 6]
195,5,12,[5, 204, 24, 9, 6]
196,5,7,[5, 204, 24, 9, 6]
197,5,13,[5, 204, 24, 9, 6]
198,5,15,[5, 204, 24, 9, 6]
199,5,9,[6, 5, 204, 24, 9]
200,5,7,[5, 204, 24, 9, 6]
