1,1,0,[1]
2,4,8,[222, 42, 12, 7]
3,4,7,[226, 115, 28, 11]
4,1,0,[4]
5,5,4,[220, 20, 9, 6, 5]
6,5,4,[5, 220, 20, 9, 6]
7,4,3,[222, 42, 12, 7]
8,5,5,[5, 220, 20, 9, 6]
9,5,4,[6, 5, 220, 20, 9]
10,4,4,[222, 42, 12, 7]
11,4,3,[226, 115, 28, 11]
12,4,3,[7, 222, 42, 12]
13,5,9,[5, 220, 20, 9, 6]
14,5,5,[6, 5, 220, 20, 9]
15,5,6,[5, 220, 20, 9, 6]
16,5,6,[5, 220, 20, 9, 6]
17,4,6,[7, 222, 42, 12]
18,5,6,[5, 220, 20, 9, 6]
19,4,7,[222, 42, 12, 7]
20,5,4,[9, 6, 5, 220, 20]
21,4,5,[222, 42, 12, 7]
22,5,10,[5, 220, 20, 9, 6]
23,5,9,[5, 220, 20, 9, 6]
24,5,5,[6, 5, 220, 20, 9]
25,4,5,[222, 42, 12, 7]
26,5,7,[5, 220, 20, 9, 6]
27,5,5,[6, 5, 220, 20, 9]
28,4,3,[11, 226, 115, 28]
29,5,9,[5, 220, 20, 9, 6]
30,4,5,[222, 42, 12, 7]
31,4,8,[222, 42, 12, 7]
32,4,5,[222, 42, 12, 7]
33,5,6,[6, 5, 220, 20, 9]
34,4,8,[222, 42, 12, 7]
35,4,4,[7, 222, 42, 12]
36,4,5,[222, 42, 12, 7]
37,4,8,[7, 222, 42, 12]
38,4,6,[222, 42, 12, 7]
39,5,7,[5, 220, 20, 9, 6]
40,4,4,[226, 115, 28, 11]
41,5,8,[5, 220, 20, 9, 6]
42,4,3,[12, 7, 222, 42]
43,4,6,[226, 115, 28, 11]
44,5,7,[5, 220, 20, 9, 6]
45,4,4,[226, 115, 28, 11]
46,4,6,[222, 42, 12, 7]
47,5,10,[5, 220, 20, 9, 6]
48,4,4,[226, 115, 28, 11]
49,5,6,[6, 5, 220, 20, 9]
50,4,4,[7, 222, 42, 12]
51,5,5,[9, 6, 5, 220, 20]
52,4,7,[7, 222, 42, 12]
53,5,11,[5, 220, 20, 9, 6]
54,4,4,[226, 115, 28, 11]
55,5,7,[5, 220, 20, 9, 6]
56,5,10,[5, 220, 20, 9, 6]
57,5,11,[5, 220, 20, 9, 6]
58,4,9,[222, 42, 12, 7]
59,4,8,[7, 222, 42, 12]
60,4,4,[7, 222, 42, 12]
61,4,7,[222, 42, 12, 7]
62,5,7,[6, 5, 220, 20, 9]
63,5,10,[5, 220, 20, 9, 6]
64,4,4,[7, 222, 42, 12]
65,5,7,[5, 220, 20, 9, 6]
66,5,7,[5, 220, 20, 9, 6]
67,4,9,[7, 222, 42, 12]
68,4,6,[222, 42, 12, 7]
69,5,8,[5, 220, 20, 9, 6]
70,5,6,[6, 5, 220, 20, 9]
71,5,9,[5, 220, 20, 9, 6]
72,4,4,[7, 222, 42, 12]
73,5,8,[5, 220, 20, 9, 6]
74,5,8,[5, 220, 20, 9, 6]
75,5,10,[5, 220, 20, 9, 6]
76,5,10,[5, 220, 20, 9, 6]
77,5,7,[5, 220, 20, 9, 6]
78,5,7,[5, 220, 20, 9, 6]
79,4,9,[222, 42, 12, 7]
80,5,10,[5, 220, 20, 9, 6]
81,4,4,[7, 222, 42, 12]
82,4,7,[226, 115, 28, 11]
83,5,11,[5, 220, 20, 9, 6]
84,5,6,[6, 5, 220, 20, 9]
85,5,11,[5, 220, 20, 9, 6]
86,4,5,[226, 115, 28, 11]
87,4,6,[222, 42, 12, 7]
88,4,7,[7, 222, 42, 12]
89,5,7,[6, 5, 220, 20, 9]
90,5,10,[5, 220, 20, 9, 6]
91,5,5,[9, 6, 5, 220, 20]
92,5,6,[6, 5, 220, 20, 9]
93,4,9,[222, 42, 12, 7]
94,5,7,[6, 5, 220, 20, 9]
95,5,6,[6, 5, 220, 20, 9]
96,5,10,[5, 220, 20, 9, 6]
97,5,12,[5, 220, 20, 9, 6]
98,5,7,[5, 220, 20, 9, 6]
99,4,7,[7, 222, 42, 12]
100,5,6,[6, 5, 220, 20, 9]
101,5,13,[5, 220, 20, 9, 6]
102,5,11,[5, 220, 20, 9, 6]
103,4,11,[222, 42, 12, 7]
104,4,8,[222, 42, 12, 7]
105,5,7,[5, 220, 20, 9, 6]
106,5,8,[5, 220, 20, 9, 6]
107,4,7,[222, 42, 12, 7]
108,5,10,[5, 220, 20, 9, 6]
109,5,8,[5, 220, 20, 9, 6]
110,5,7,[5, 220, 20, 9, 6]
111,4,5,[226, 115, 28, 11]
112,5,7,[5, 220, 20, 9, 6]
113,5,12,[5, 220, 20, 9, 6]
114,5,6,[6, 5, 220, 20, 9]
115,4,3,[28, 11, 226, 115]
116,5,7,[6, 5, 220, 20, 9]
117,4,8,[222, 42, 12, 7]
118,4,8,[222, 42, 12, 7]
119,5,6,[6, 5, 220, 20, 9]
120,5,6,[6, 5, 220, 20, 9]
121,5,11,[5, 220, 20, 9, 6]
122,5,11,[5, 220, 20, 9, 6]
123,5,8,[5, 220, 20, 9, 6]
124,4,5,[7, 222, 42, 12]
125,5,7,[5, 220, 20, 9, 6]
126,5,7,[5, 220, 20, 9, 6]
127,5,7,[6, 5, 220, 20, 9]
128,5,6,[6, 5, 220, 20, 9]
129,4,7,[222, 42, 12, 7]
130,5,5,[9, 6, 5, 220, 20]
131,4,9,[7, 222, 42, 12]
132,5,7,[5, 220, 20, 9, 6]
133,5,8,[5, 220, 20, 9, 6]
134,5,9,[5, 220, 20, 9, 6]
135,5,6,[6, 5, 220, 20, 9]
136,5,10,[5, 220, 20, 9, 6]
137,4,7,[222, 42, 12, 7]
138,4,4,[11, 226, 115, 28]
139,4,6,[7, 222, 42, 12]
140,5,7,[5, 220, 20, 9, 6]
141,4,5,[7, 222, 42, 12]
142,5,9,[5, 220, 20, 9, 6]
143,5,6,[6, 5, 220, 20, 9]
144,5,6,[6, 5, 220, 20, 9]
145,4,9,[222, 42, 12, 7]
146,5,11,[5, 220, 20, 9, 6]
147,4,7,[7, 222, 42, 12]
148,5,9,[5, 220, 20, 9, 6]
149,5,7,[6, 5, 220, 20, 9]
150,5,7,[5, 220, 20, 9, 6]
151,5,9,[5, 220, 20, 9, 6]
152,4,6,[222, 42, 12, 7]
153,5,10,[5, 220, 20, 9, 6]
154,5,5,[9, 6, 5, 220, 20]
155,4,6,[222, 42, 12, 7]
156,5,5,[9, 6, 5, 220, 20]
157,4,8,[222, 42, 12, 7]
158,4,5,[7, 222, 42, 12]
159,5,11,[5, 220, 20, 9, 6]
160,5,7,[5, 220, 20, 9, 6]
161,4,6,[222, 42, 12, 7]
162,5,6,[6, 5, 220, 20, 9]
163,5,8,[5, 220, 20, 9, 6]
164,4,5,[226, 115, 28, 11]
165,4,8,[222, 42, 12, 7]
166,5,12,[5, 220, 20, 9, 6]
167,5,11,[5, 220, 20, 9, 6]
168,5,7,[5, 220, 20, 9, 6]
169,5,8,[5, 220, 20, 9, 6]
170,5,6,[6, 5, 220, 20, 9]
171,4,6,[222, 42, 12, 7]
172,5,11,[5, 220, 20, 9, 6]
173,5,15,[5, 220, 20, 9, 6]
174,4,9,[222, 42, 12, 7]
175,4,7,[7, 222, 42, 12]
176,4,8,[222, 42, 12, 7]
177,5,8,[6, 5, 220, 20, 9]
178,5,6,[9, 6, 5, 220, 20]
179,4,12,[222, 42, 12, 7]
180,5,7,[5, 220, 20, 9, 6]
181,4,7,[222, 42, 12, 7]
182,5,11,[5, 220, 20, 9, 6]
183,4,5,[7, 222, 42, 12]
184,5,10,[5, 220, 20, 9, 6]
185,4,4,[12, 7, 222, 42]
186,4,6,[222, 42, 12, 7]
187,4,4,[11, 226, 115, 28]
188,5,6,[9, 6, 5, 220, 20]
189,5,7,[5, 220, 20, 9, 6]
190,5,8,[5, 220, 20, 9, 6]
191,4,8,[222, 42, 12, 7]
192,5,7,[5, 220, 20, 9, 6]
193,5,9,[5, 220, 20, 9, 6]
194,4,8,[7, 222, 42, 12]
195,4,6,[222, 42, 12, 7]
196,5,7,[5, 220, 20, 9, 6]
197,4,9,[222, 42, 12, 7]
198,4,8,[222, 42, 12, 7]
199,4,10,[222, 42, 12, 7]
200,5,7,[5, 220, 20, 9, 6]
