1,1,0,[1],[0]
2,5,4,[5, 6, 8, 18, 77],[1, 0, 0, 0, 0]
3,3,2,[13, 22, 85],[1, 0, 0]
4,1,0,[4],[0]
5,5,0,[5, 6, 8, 18, 77],[1, 0, 0, 0, 0]
6,5,0,[5, 6, 8, 18, 77],[1, 0, 0, 0, 0]
7,7,0,[7, 12, 64, 79, 151, 223, 295],[1, 0, 0, 1, 1, 1, 0]
8,5,0,[5, 6, 8, 18, 77],[1, 0, 0, 0, 0]
9,5,1,[5, 6, 8, 18, 77],[1, 0, 0, 0, 0]
10,7,1,[7, 12, 64, 79, 151, 223, 295],[1, 0, 0, 1, 1, 1, 0]
11,7,5,[7, 12, 64, 79, 151, 223, 295],[1, 0, 0, 1, 1, 1, 0]
12,7,0,[7, 12, 64, 79, 151, 223, 295],[1, 0, 0, 1, 1, 1, 0]
13,3,0,[13, 22, 85],[1, 0, 0]
14,5,2,[5, 6, 8, 18, 77],[1, 0, 0, 0, 0]
15,5,1,[5, 6, 8, 18, 77],[1, 0, 0, 0, 0]
16,5,1,[5, 6, 8, 18, 77],[1, 0, 0, 0, 0]
17,7,5,[7, 12, 64, 79, 151, 223, 295],[1, 0, 0, 1, 1, 1, 0]
18,5,0,[5, 6, 8, 18, 77],[1, 0, 0, 0, 0]
19,5,4,[5, 6, 8, 18, 77],[1, 0, 0, 0, 0]
20,5,2,[5, 6, 8, 18, 77],[1, 0, 0, 0, 0]
21,7,2,[7, 12, 64, 79, 151, 223, 295],[1, 0, 0, 1, 1, 1, 0]
22,3,0,[13, 22, 85],[1, 0, 0]
23,5,4,[5, 6, 8, 18, 77],[1, 0, 0, 0, 0]
24,5,2,[5, 6, 8, 18, 77],[1, 0, 0, 0, 0]
25,7,2,[7, 12, 64, 79, 151, 223, 295],[1, 0, 0, 1, 1, 1, 0]
26,5,2,[5, 6, 8, 18, 77],[1, 0, 0, 0, 0]
27,5,2,[5, 6, 8, 18, 77],[1, 0, 0, 0, 0]
28,7,6,[7, 12, 64, 79, 151, 223, 295],[1, 0, 0, 1, 1, 1, 0]
29,5,8,[5, 6, 8, 18, 77],[1, 0, 0, 0, 0]
30,7,2,[7, 12, 64, 79, 151, 223, 295],[1, 0, 0, 1, 1, 1, 0]
31,7,8,[7, 12, 64, 79, 151, 223, 295],[1, 0, 0, 1, 1, 1, 0]
32,7,2,[7, 12, 64, 79, 151, 223, 295],[1, 0, 0, 1, 1, 1, 0]
33,5,3,[5, 6, 8, 18, 77],[1, 0, 0, 0, 0]
34,5,5,[5, 6, 8, 18, 77],[1, 0, 0, 0, 0]
35,7,1,[7, 12, 64, 79, 151, 223, 295],[1, 0, 0, 1, 1, 1, 0]
36,7,2,[7, 12, 64, 79, 151, 223, 295],[1, 0, 0, 1, 1, 1, 0]
37,5,9,[5, 6, 8, 18, 77],[1, 0, 0, 0, 0]
38,7,3,[7, 12, 64, 79, 151, 223, 295],[1, 0, 0, 1, 1, 1, 0]
39,5,2,[5, 6, 8, 18, 77],[1, 0, 0, 0, 0]
40,7,6,[7, 12, 64, 79, 151, 223, 295],[1, 0, 0, 1, 1, 1, 0]
41,7,4,[7, 12, 64, 79, 151, 223, 295],[1, 0, 0, 1, 1, 1, 0]
42,7,1,[7, 12, 64, 79, 151, 223, 295],[1, 0, 0, 1, 1, 1, 0]
43,7,8,[7, 12, 64, 79, 151, 223, 295],[1, 0, 0, 1, 1, 1, 0]
44,5,2,[5, 6, 8, 18, 77],[1, 0, 0, 0, 0]
45,7,6,[7, 12, 64, 79, 151, 223, 295],[1, 0, 0, 1, 1, 1, 0]
46,7,3,[7, 12, 64, 79, 151, 223, 295],[1, 0, 0, 1, 1, 1, 0]
47,5,4,[5, 6, 8, 18, 77],[1, 0, 0, 0, 0]
48,7,6,[7, 12, 64, 79, 151, 223, 295],[1, 0, 0, 1, 1, 1, 0]
49,5,3,[5, 6, 8, 18, 77],[1, 0, 0, 0, 0]
50,7,1,[7, 12, 64, 79, 151, 223, 295],[1, 0, 0, 1, 1, 1, 0]
51,5,3,[5, 6, 8, 18, 77],[1, 0, 0, 0, 0]
52,7,6,[7, 12, 64, 79, 151, 223, 295],[1, 0, 0, 1, 1, 1, 0]
53,5,3,[5, 6, 8, 18, 77],[1, 0, 0, 0, 0]
54,7,6,[7, 12, 64, 79, 151, 223, 295],[1, 0, 0, 1, 1, 1, 0]
55,5,2,[5, 6, 8, 18, 77],[1, 0, 0, 0, 0]
56,3,1,[13, 22, 85],[1, 0, 0]
57,3,1,[13, 22, 85],[1, 0, 0]
58,7,9,[7, 12, 64, 79, 151, 223, 295],[1, 0, 0, 1, 1, 1, 0]
59,7,5,[7, 12, 64, 79, 151, 223, 295],[1, 0, 0, 1, 1, 1, 0]
60,7,1,[7, 12, 64, 79, 151, 223, 295],[1, 0, 0, 1, 1, 1, 0]
61,5,4,[5, 6, 8, 18, 77],[1, 0, 0, 0, 0]
62,5,4,[5, 6, 8, 18, 77],[1, 0, 0, 0, 0]
63,3,1,[13, 22, 85],[1, 0, 0]
64,7,0,[7, 12, 64, 79, 151, 223, 295],[1, 0, 0, 1, 1, 1, 0]
65,5,1,[5, 6, 8, 18, 77],[1, 0, 0, 0, 0]
66,5,2,[5, 6, 8, 18, 77],[1, 0, 0, 0, 0]
67,5,10,[5, 6, 8, 18, 77],[1, 0, 0, 0, 0]
68,7,3,[7, 12, 64, 79, 151, 223, 295],[1, 0, 0, 1, 1, 1, 0]
69,5,3,[5, 6, 8, 18, 77],[1, 0, 0, 0, 0]
70,5,3,[5, 6, 8, 18, 77],[1, 0, 0, 0, 0]
71,5,4,[5, 6, 8, 18, 77],[1, 0, 0, 0, 0]
72,7,1,[7, 12, 64, 79, 151, 223, 295],[1, 0, 0, 1, 1, 1, 0]
73,5,7,[5, 6, 8, 18, 77],[1, 0, 0, 0, 0]
74,5,3,[5, 6, 8, 18, 77],[1, 0, 0, 0, 0]
75,3,1,[13, 22, 85],[1, 0, 0]
76,5,5,[5, 6, 8, 18, 77],[1, 0, 0, 0, 0]
77,5,0,[5, 6, 8, 18, 77],[1, 0, 0, 0, 0]
78,5,1,[5, 6, 8, 18, 77],[1, 0, 0, 0, 0]
79,7,0,[7, 12, 64, 79, 151, 223, 295],[1, 0, 0, 1, 1, 1, 0]
80,3,1,[13, 22, 85],[1, 0, 0]
81,7,1,[7, 12, 64, 79, 151, 223, 295],[1, 0, 0, 1, 1, 1, 0]
82,7,9,[7, 12, 64, 79, 151, 223, 295],[1, 0, 0, 1, 1, 1, 0]
83,7,4,[7, 12, 64, 79, 151, 223, 295],[1, 0, 0, 1, 1, 1, 0]
84,5,3,[5, 6, 8, 18, 77],[1, 0, 0, 0, 0]
85,3,0,[13, 22, 85],[1, 0, 0]
86,7,7,[7, 12, 64, 79, 151, 223, 295],[1, 0, 0, 1, 1, 1, 0]
87,7,3,[7, 12, 64, 79, 151, 223, 295],[1, 0, 0, 1, 1, 1, 0]
88,7,6,[7, 12, 64, 79, 151, 223, 295],[1, 0, 0, 1, 1, 1, 0]
89,7,4,[7, 12, 64, 79, 151, 223, 295],[1, 0, 0, 1, 1, 1, 0]
90,3,1,[13, 22, 85],[1, 0, 0]
91,5,3,[5, 6, 8, 18, 77],[1, 0, 0, 0, 0]
92,5,3,[5, 6, 8, 18, 77],[1, 0, 0, 0, 0]
93,5,6,[5, 6, 8, 18, 77],[1, 0, 0, 0, 0]
94,5,4,[5, 6, 8, 18, 77],[1, 0, 0, 0, 0]
95,5,3,[5, 6, 8, 18, 77],[1, 0, 0, 0, 0]
96,3,1,[13, 22, 85],[1, 0, 0]
97,5,4,[5, 6, 8, 18, 77],[1, 0, 0, 0, 0]
98,5,2,[5, 6, 8, 18, 77],[1, 0, 0, 0, 0]
99,7,6,[7, 12, 64, 79, 151, 223, 295],[1, 0, 0, 1, 1, 1, 0]
100,5,3,[5, 6, 8, 18, 77],[1, 0, 0, 0, 0]
