1,1,0,[1]
2,8,10,[6, 5, 122, 63, 13, 130, 20, 9]
3,8,10,[6, 5, 122, 63, 13, 130, 20, 9]
4,1,0,[4]
5,8,7,[122, 63, 13, 130, 20, 9, 6, 5]
6,8,7,[5, 122, 63, 13, 130, 20, 9, 6]
7,4,3,[124, 35, 12, 7]
8,8,8,[5, 122, 63, 13, 130, 20, 9, 6]
9,8,7,[6, 5, 122, 63, 13, 130, 20, 9]
10,4,4,[124, 35, 12, 7]
11,8,10,[6, 5, 122, 63, 13, 130, 20, 9]
12,4,3,[7, 124, 35, 12]
13,8,7,[130, 20, 9, 6, 5, 122, 63, 13]
14,8,8,[6, 5, 122, 63, 13, 130, 20, 9]
15,8,9,[5, 122, 63, 13, 130, 20, 9, 6]
16,8,9,[5, 122, 63, 13, 130, 20, 9, 6]
17,8,13,[5, 122, 63, 13, 130, 20, 9, 6]
18,8,9,[5, 122, 63, 13, 130, 20, 9, 6]
19,8,13,[5, 122, 63, 13, 130, 20, 9, 6]
20,8,7,[9, 6, 5, 122, 63, 13, 130, 20]
21,4,5,[124, 35, 12, 7]
22,8,8,[130, 20, 9, 6, 5, 122, 63, 13]
23,8,11,[5, 122, 63, 13, 130, 20, 9, 6]
24,8,8,[6, 5, 122, 63, 13, 130, 20, 9]
25,4,5,[124, 35, 12, 7]
26,8,10,[5, 122, 63, 13, 130, 20, 9, 6]
27,8,8,[6, 5, 122, 63, 13, 130, 20, 9]
28,8,11,[6, 5, 122, 63, 13, 130, 20, 9]
29,8,10,[130, 20, 9, 6, 5, 122, 63, 13]
30,4,5,[124, 35, 12, 7]
31,4,8,[7, 124, 35, 12]
32,4,5,[124, 35, 12, 7]
33,8,9,[6, 5, 122, 63, 13, 130, 20, 9]
34,8,14,[5, 122, 63, 13, 130, 20, 9, 6]
35,4,3,[12, 7, 124, 35]
36,4,5,[124, 35, 12, 7]
37,8,9,[9, 6, 5, 122, 63, 13, 130, 20]
38,4,6,[124, 35, 12, 7]
39,8,10,[5, 122, 63, 13, 130, 20, 9, 6]
40,8,11,[6, 5, 122, 63, 13, 130, 20, 9]
41,4,6,[7, 124, 35, 12]
42,4,4,[7, 124, 35, 12]
43,8,11,[5, 122, 63, 13, 130, 20, 9, 6]
44,8,10,[5, 122, 63, 13, 130, 20, 9, 6]
45,8,11,[6, 5, 122, 63, 13, 130, 20, 9]
46,4,6,[124, 35, 12, 7]
47,8,13,[6, 5, 122, 63, 13, 130, 20, 9]
48,8,11,[6, 5, 122, 63, 13, 130, 20, 9]
49,8,9,[6, 5, 122, 63, 13, 130, 20, 9]
50,4,4,[7, 124, 35, 12]
51,8,8,[9, 6, 5, 122, 63, 13, 130, 20]
52,8,14,[5, 122, 63, 13, 130, 20, 9, 6]
53,8,10,[6, 5, 122, 63, 13, 130, 20, 9]
54,8,11,[6, 5, 122, 63, 13, 130, 20, 9]
55,8,10,[5, 122, 63, 13, 130, 20, 9, 6]
56,8,8,[130, 20, 9, 6, 5, 122, 63, 13]
57,8,9,[130, 20, 9, 6, 5, 122, 63, 13]
58,4,9,[7, 124, 35, 12]
59,8,15,[5, 122, 63, 13, 130, 20, 9, 6]
60,4,4,[7, 124, 35, 12]
61,8,10,[9, 6, 5, 122, 63, 13, 130, 20]
62,8,10,[6, 5, 122, 63, 13, 130, 20, 9]
63,8,7,[13, 130, 20, 9, 6, 5, 122, 63]
64,4,4,[7, 124, 35, 12]
65,8,10,[5, 122, 63, 13, 130, 20, 9, 6]
66,8,10,[5, 122, 63, 13, 130, 20, 9, 6]
67,8,12,[130, 20, 9, 6, 5, 122, 63, 13]
68,4,6,[124, 35, 12, 7]
69,8,11,[5, 122, 63, 13, 130, 20, 9, 6]
70,8,9,[6, 5, 122, 63, 13, 130, 20, 9]
71,8,10,[9, 6, 5, 122, 63, 13, 130, 20]
72,4,4,[7, 124, 35, 12]
73,8,12,[5, 122, 63, 13, 130, 20, 9, 6]
74,8,11,[5, 122, 63, 13, 130, 20, 9, 6]
75,8,8,[130, 20, 9, 6, 5, 122, 63, 13]
76,8,12,[5, 122, 63, 13, 130, 20, 9, 6]
77,8,10,[5, 122, 63, 13, 130, 20, 9, 6]
78,8,10,[5, 122, 63, 13, 130, 20, 9, 6]
79,8,11,[5, 122, 63, 13, 130, 20, 9, 6]
80,8,8,[130, 20, 9, 6, 5, 122, 63, 13]
81,4,4,[7, 124, 35, 12]
82,8,12,[5, 122, 63, 13, 130, 20, 9, 6]
83,8,11,[5, 122, 63, 13, 130, 20, 9, 6]
84,8,9,[6, 5, 122, 63, 13, 130, 20, 9]
85,8,9,[130, 20, 9, 6, 5, 122, 63, 13]
86,8,12,[6, 5, 122, 63, 13, 130, 20, 9]
87,4,6,[124, 35, 12, 7]
88,8,14,[5, 122, 63, 13, 130, 20, 9, 6]
89,8,12,[5, 122, 63, 13, 130, 20, 9, 6]
90,8,8,[130, 20, 9, 6, 5, 122, 63, 13]
91,8,8,[9, 6, 5, 122, 63, 13, 130, 20]
92,8,9,[6, 5, 122, 63, 13, 130, 20, 9]
93,8,15,[5, 122, 63, 13, 130, 20, 9, 6]
94,8,10,[6, 5, 122, 63, 13, 130, 20, 9]
95,8,9,[6, 5, 122, 63, 13, 130, 20, 9]
96,8,8,[130, 20, 9, 6, 5, 122, 63, 13]
97,8,16,[6, 5, 122, 63, 13, 130, 20, 9]
98,8,10,[5, 122, 63, 13, 130, 20, 9, 6]
99,8,14,[5, 122, 63, 13, 130, 20, 9, 6]
100,8,9,[6, 5, 122, 63, 13, 130, 20, 9]
101,8,14,[6, 5, 122, 63, 13, 130, 20, 9]
102,8,9,[130, 20, 9, 6, 5, 122, 63, 13]
103,8,9,[9, 6, 5, 122, 63, 13, 130, 20]
104,8,14,[5, 122, 63, 13, 130, 20, 9, 6]
105,8,10,[5, 122, 63, 13, 130, 20, 9, 6]
106,8,11,[5, 122, 63, 13, 130, 20, 9, 6]
107,8,15,[5, 122, 63, 13, 130, 20, 9, 6]
108,8,8,[130, 20, 9, 6, 5, 122, 63, 13]
109,8,14,[6, 5, 122, 63, 13, 130, 20, 9]
110,8,10,[5, 122, 63, 13, 130, 20, 9, 6]
111,8,12,[6, 5, 122, 63, 13, 130, 20, 9]
112,8,10,[5, 122, 63, 13, 130, 20, 9, 6]
113,4,7,[124, 35, 12, 7]
114,8,9,[6, 5, 122, 63, 13, 130, 20, 9]
115,8,12,[6, 5, 122, 63, 13, 130, 20, 9]
116,8,10,[6, 5, 122, 63, 13, 130, 20, 9]
117,8,14,[5, 122, 63, 13, 130, 20, 9, 6]
118,8,11,[9, 6, 5, 122, 63, 13, 130, 20]
119,8,9,[6, 5, 122, 63, 13, 130, 20, 9]
120,8,9,[6, 5, 122, 63, 13, 130, 20, 9]
121,8,9,[130, 20, 9, 6, 5, 122, 63, 13]
122,8,7,[63, 13, 130, 20, 9, 6, 5, 122]
123,8,11,[5, 122, 63, 13, 130, 20, 9, 6]
124,4,3,[35, 12, 7, 124]
125,8,10,[5, 122, 63, 13, 130, 20, 9, 6]
126,8,10,[5, 122, 63, 13, 130, 20, 9, 6]
127,8,12,[5, 122, 63, 13, 130, 20, 9, 6]
128,8,9,[6, 5, 122, 63, 13, 130, 20, 9]
129,4,7,[124, 35, 12, 7]
130,8,7,[20, 9, 6, 5, 122, 63, 13, 130]
131,8,11,[9, 6, 5, 122, 63, 13, 130, 20]
132,8,10,[5, 122, 63, 13, 130, 20, 9, 6]
133,8,11,[5, 122, 63, 13, 130, 20, 9, 6]
134,8,12,[5, 122, 63, 13, 130, 20, 9, 6]
135,8,9,[6, 5, 122, 63, 13, 130, 20, 9]
136,8,12,[5, 122, 63, 13, 130, 20, 9, 6]
137,4,9,[124, 35, 12, 7]
138,8,12,[6, 5, 122, 63, 13, 130, 20, 9]
139,8,11,[5, 122, 63, 13, 130, 20, 9, 6]
140,8,10,[5, 122, 63, 13, 130, 20, 9, 6]
141,4,5,[7, 124, 35, 12]
142,8,13,[5, 122, 63, 13, 130, 20, 9, 6]
143,8,9,[6, 5, 122, 63, 13, 130, 20, 9]
144,8,9,[6, 5, 122, 63, 13, 130, 20, 9]
145,8,15,[5, 122, 63, 13, 130, 20, 9, 6]
146,8,9,[130, 20, 9, 6, 5, 122, 63, 13]
147,8,14,[5, 122, 63, 13, 130, 20, 9, 6]
148,4,7,[7, 124, 35, 12]
149,8,13,[6, 5, 122, 63, 13, 130, 20, 9]
150,8,10,[5, 122, 63, 13, 130, 20, 9, 6]
151,8,12,[9, 6, 5, 122, 63, 13, 130, 20]
152,4,6,[124, 35, 12, 7]
153,8,12,[5, 122, 63, 13, 130, 20, 9, 6]
154,8,8,[9, 6, 5, 122, 63, 13, 130, 20]
155,4,6,[124, 35, 12, 7]
156,8,8,[9, 6, 5, 122, 63, 13, 130, 20]
157,8,13,[5, 122, 63, 13, 130, 20, 9, 6]
158,4,5,[7, 124, 35, 12]
159,8,9,[130, 20, 9, 6, 5, 122, 63, 13]
160,8,10,[5, 122, 63, 13, 130, 20, 9, 6]
161,4,6,[124, 35, 12, 7]
162,8,9,[6, 5, 122, 63, 13, 130, 20, 9]
163,8,11,[5, 122, 63, 13, 130, 20, 9, 6]
164,8,12,[6, 5, 122, 63, 13, 130, 20, 9]
165,8,14,[5, 122, 63, 13, 130, 20, 9, 6]
166,8,10,[130, 20, 9, 6, 5, 122, 63, 13]
167,8,10,[130, 20, 9, 6, 5, 122, 63, 13]
168,8,10,[5, 122, 63, 13, 130, 20, 9, 6]
169,8,11,[5, 122, 63, 13, 130, 20, 9, 6]
170,8,9,[6, 5, 122, 63, 13, 130, 20, 9]
171,4,6,[124, 35, 12, 7]
172,8,14,[6, 5, 122, 63, 13, 130, 20, 9]
173,4,7,[124, 35, 12, 7]
174,8,15,[5, 122, 63, 13, 130, 20, 9, 6]
175,8,14,[5, 122, 63, 13, 130, 20, 9, 6]
176,8,14,[5, 122, 63, 13, 130, 20, 9, 6]
177,8,11,[6, 5, 122, 63, 13, 130, 20, 9]
178,8,9,[9, 6, 5, 122, 63, 13, 130, 20]
179,8,13,[5, 122, 63, 13, 130, 20, 9, 6]
180,8,10,[5, 122, 63, 13, 130, 20, 9, 6]
181,8,14,[9, 6, 5, 122, 63, 13, 130, 20]
182,8,9,[130, 20, 9, 6, 5, 122, 63, 13]
183,4,5,[7, 124, 35, 12]
184,8,11,[130, 20, 9, 6, 5, 122, 63, 13]
185,4,5,[7, 124, 35, 12]
186,4,6,[124, 35, 12, 7]
187,8,12,[6, 5, 122, 63, 13, 130, 20, 9]
188,8,9,[9, 6, 5, 122, 63, 13, 130, 20]
189,8,10,[5, 122, 63, 13, 130, 20, 9, 6]
190,8,11,[5, 122, 63, 13, 130, 20, 9, 6]
191,8,10,[130, 20, 9, 6, 5, 122, 63, 13]
192,8,10,[5, 122, 63, 13, 130, 20, 9, 6]
193,4,8,[124, 35, 12, 7]
194,8,15,[5, 122, 63, 13, 130, 20, 9, 6]
195,4,6,[124, 35, 12, 7]
196,8,10,[5, 122, 63, 13, 130, 20, 9, 6]
197,8,11,[130, 20, 9, 6, 5, 122, 63, 13]
198,8,14,[5, 122, 63, 13, 130, 20, 9, 6]
199,8,13,[5, 122, 63, 13, 130, 20, 9, 6]
200,8,10,[5, 122, 63, 13, 130, 20, 9, 6]
