1  1  [1]
2  9  [24, 9, 6, 5, 22, 13, 30, 10, 7]
3  9  [22, 13, 30, 10, 7, 24, 9, 6, 5]
4  1  [4]
5  9  [7, 24, 9, 6, 5, 22, 13, 30, 10]
6  9  [10, 7, 24, 9, 6, 5, 22, 13, 30]
7  9  [22, 13, 30, 10, 7, 24, 9, 6, 5]
8  9  [30, 10, 7, 24, 9, 6, 5, 22, 13]
9  9  [30, 10, 7, 24, 9, 6, 5, 22, 13]
10  9  [5, 22, 13, 30, 10, 7, 24, 9, 6]
11  2  [11, 28]
12  9  [5, 22, 13, 30, 10, 7, 24, 9, 6]
13  9  [9, 6, 5, 22, 13, 30, 10, 7, 24]
14  9  [13, 30, 10, 7, 24, 9, 6, 5, 22]
15  9  [13, 30, 10, 7, 24, 9, 6, 5, 22]
16  9  [13, 30, 10, 7, 24, 9, 6, 5, 22]
17  9  [7, 24, 9, 6, 5, 22, 13, 30, 10]
18  9  [13, 30, 10, 7, 24, 9, 6, 5, 22]
19  9  [9, 6, 5, 22, 13, 30, 10, 7, 24]
20  9  [13, 30, 10, 7, 24, 9, 6, 5, 22]
21  9  [6, 5, 22, 13, 30, 10, 7, 24, 9]
22  9  [24, 9, 6, 5, 22, 13, 30, 10, 7]
23  2  [11, 28]
24  9  [13, 30, 10, 7, 24, 9, 6, 5, 22]
25  9  [6, 5, 22, 13, 30, 10, 7, 24, 9]
26  9  [22, 13, 30, 10, 7, 24, 9, 6, 5]
27  9  [13, 30, 10, 7, 24, 9, 6, 5, 22]
28  2  [28, 11]
29  9  [24, 9, 6, 5, 22, 13, 30, 10, 7]
30  9  [6, 5, 22, 13, 30, 10, 7, 24, 9]
31  2  [11, 28]
32  9  [6, 5, 22, 13, 30, 10, 7, 24, 9]
33  9  [22, 13, 30, 10, 7, 24, 9, 6, 5]
34  9  [24, 9, 6, 5, 22, 13, 30, 10, 7]
35  9  [6, 5, 22, 13, 30, 10, 7, 24, 9]
36  9  [6, 5, 22, 13, 30, 10, 7, 24, 9]
37  2  [11, 28]
38  9  [9, 6, 5, 22, 13, 30, 10, 7, 24]
39  9  [22, 13, 30, 10, 7, 24, 9, 6, 5]
40  2  [28, 11]
41  2  [11, 28]
42  9  [6, 5, 22, 13, 30, 10, 7, 24, 9]
43  9  [9, 6, 5, 22, 13, 30, 10, 7, 24]
44  9  [22, 13, 30, 10, 7, 24, 9, 6, 5]
45  2  [28, 11]
46  9  [9, 6, 5, 22, 13, 30, 10, 7, 24]
47  9  [9, 6, 5, 22, 13, 30, 10, 7, 24]
48  2  [28, 11]
49  9  [22, 13, 30, 10, 7, 24, 9, 6, 5]
50  9  [6, 5, 22, 13, 30, 10, 7, 24, 9]
51  9  [22, 13, 30, 10, 7, 24, 9, 6, 5]
52  9  [10, 7, 24, 9, 6, 5, 22, 13, 30]
53  9  [5, 22, 13, 30, 10, 7, 24, 9, 6]
54  2  [28, 11]
55  9  [22, 13, 30, 10, 7, 24, 9, 6, 5]
56  9  [24, 9, 6, 5, 22, 13, 30, 10, 7]
57  9  [7, 24, 9, 6, 5, 22, 13, 30, 10]
58  2  [28, 11]
59  2  [11, 28]
60  9  [6, 5, 22, 13, 30, 10, 7, 24, 9]
61  9  [5, 22, 13, 30, 10, 7, 24, 9, 6]
62  9  [5, 22, 13, 30, 10, 7, 24, 9, 6]
63  9  [24, 9, 6, 5, 22, 13, 30, 10, 7]
64  9  [6, 5, 22, 13, 30, 10, 7, 24, 9]
65  9  [22, 13, 30, 10, 7, 24, 9, 6, 5]
66  9  [22, 13, 30, 10, 7, 24, 9, 6, 5]
67  9  [5, 22, 13, 30, 10, 7, 24, 9, 6]
68  9  [9, 6, 5, 22, 13, 30, 10, 7, 24]
69  9  [5, 22, 13, 30, 10, 7, 24, 9, 6]
70  9  [22, 13, 30, 10, 7, 24, 9, 6, 5]
71  9  [30, 10, 7, 24, 9, 6, 5, 22, 13]
72  9  [6, 5, 22, 13, 30, 10, 7, 24, 9]
73  9  [7, 24, 9, 6, 5, 22, 13, 30, 10]
74  9  [5, 22, 13, 30, 10, 7, 24, 9, 6]
75  9  [24, 9, 6, 5, 22, 13, 30, 10, 7]
76  2  [28, 11]
77  9  [22, 13, 30, 10, 7, 24, 9, 6, 5]
78  9  [22, 13, 30, 10, 7, 24, 9, 6, 5]
79  9  [7, 24, 9, 6, 5, 22, 13, 30, 10]
80  9  [24, 9, 6, 5, 22, 13, 30, 10, 7]
81  9  [6, 5, 22, 13, 30, 10, 7, 24, 9]
82  9  [24, 9, 6, 5, 22, 13, 30, 10, 7]
83  9  [5, 22, 13, 30, 10, 7, 24, 9, 6]
84  9  [22, 13, 30, 10, 7, 24, 9, 6, 5]
85  9  [7, 24, 9, 6, 5, 22, 13, 30, 10]
86  2  [11, 28]
87  9  [9, 6, 5, 22, 13, 30, 10, 7, 24]
88  9  [10, 7, 24, 9, 6, 5, 22, 13, 30]
89  9  [6, 5, 22, 13, 30, 10, 7, 24, 9]
90  9  [24, 9, 6, 5, 22, 13, 30, 10, 7]
91  9  [22, 13, 30, 10, 7, 24, 9, 6, 5]
92  9  [22, 13, 30, 10, 7, 24, 9, 6, 5]
93  9  [7, 24, 9, 6, 5, 22, 13, 30, 10]
94  9  [5, 22, 13, 30, 10, 7, 24, 9, 6]
95  9  [22, 13, 30, 10, 7, 24, 9, 6, 5]
96  9  [24, 9, 6, 5, 22, 13, 30, 10, 7]
97  9  [5, 22, 13, 30, 10, 7, 24, 9, 6]
98  9  [22, 13, 30, 10, 7, 24, 9, 6, 5]
99  9  [10, 7, 24, 9, 6, 5, 22, 13, 30]
100  9  [22, 13, 30, 10, 7, 24, 9, 6, 5]
101  9  [9, 6, 5, 22, 13, 30, 10, 7, 24]
102  9  [7, 24, 9, 6, 5, 22, 13, 30, 10]
103  9  [5, 22, 13, 30, 10, 7, 24, 9, 6]
104  9  [24, 9, 6, 5, 22, 13, 30, 10, 7]
