1  1  [1]
2  5  [255, 25, 10, 7, 131]
3  5  [7, 131, 255, 25, 10]
4  1  [4]
5  5  [255, 25, 10, 7, 131]
6  5  [131, 255, 25, 10, 7]
7  5  [255, 25, 10, 7, 131]
8  5  [7, 131, 255, 25, 10]
9  5  [7, 131, 255, 25, 10]
10  5  [131, 255, 25, 10, 7]
11  5  [255, 25, 10, 7, 131]
12  5  [131, 255, 25, 10, 7]
13  5  [255, 25, 10, 7, 131]
14  5  [10, 7, 131, 255, 25]
15  5  [10, 7, 131, 255, 25]
16  5  [10, 7, 131, 255, 25]
17  5  [25, 10, 7, 131, 255]
18  5  [10, 7, 131, 255, 25]
19  5  [255, 25, 10, 7, 131]
20  5  [10, 7, 131, 255, 25]
21  5  [7, 131, 255, 25, 10]
22  5  [131, 255, 25, 10, 7]
23  5  [131, 255, 25, 10, 7]
24  5  [10, 7, 131, 255, 25]
25  5  [7, 131, 255, 25, 10]
26  5  [25, 10, 7, 131, 255]
27  5  [10, 7, 131, 255, 25]
28  5  [131, 255, 25, 10, 7]
29  5  [10, 7, 131, 255, 25]
30  5  [7, 131, 255, 25, 10]
31  5  [25, 10, 7, 131, 255]
32  5  [7, 131, 255, 25, 10]
33  5  [25, 10, 7, 131, 255]
34  5  [131, 255, 25, 10, 7]
35  5  [7, 131, 255, 25, 10]
36  5  [7, 131, 255, 25, 10]
37  5  [25, 10, 7, 131, 255]
38  5  [10, 7, 131, 255, 25]
39  5  [25, 10, 7, 131, 255]
40  5  [131, 255, 25, 10, 7]
41  5  [7, 131, 255, 25, 10]
42  5  [7, 131, 255, 25, 10]
43  5  [7, 131, 255, 25, 10]
44  5  [25, 10, 7, 131, 255]
45  5  [131, 255, 25, 10, 7]
46  5  [10, 7, 131, 255, 25]
47  5  [25, 10, 7, 131, 255]
48  5  [131, 255, 25, 10, 7]
49  5  [25, 10, 7, 131, 255]
50  5  [7, 131, 255, 25, 10]
51  5  [25, 10, 7, 131, 255]
52  5  [255, 25, 10, 7, 131]
53  5  [7, 131, 255, 25, 10]
54  5  [131, 255, 25, 10, 7]
55  5  [25, 10, 7, 131, 255]
56  5  [131, 255, 25, 10, 7]
57  5  [7, 131, 255, 25, 10]
58  5  [255, 25, 10, 7, 131]
59  5  [25, 10, 7, 131, 255]
60  5  [7, 131, 255, 25, 10]
61  5  [25, 10, 7, 131, 255]
62  5  [255, 25, 10, 7, 131]
63  5  [131, 255, 25, 10, 7]
64  5  [7, 131, 255, 25, 10]
65  5  [25, 10, 7, 131, 255]
66  5  [25, 10, 7, 131, 255]
67  5  [131, 255, 25, 10, 7]
68  5  [10, 7, 131, 255, 25]
69  5  [255, 25, 10, 7, 131]
70  5  [25, 10, 7, 131, 255]
71  5  [25, 10, 7, 131, 255]
72  5  [7, 131, 255, 25, 10]
73  5  [7, 131, 255, 25, 10]
74  5  [255, 25, 10, 7, 131]
75  5  [131, 255, 25, 10, 7]
76  5  [7, 131, 255, 25, 10]
77  5  [25, 10, 7, 131, 255]
78  5  [25, 10, 7, 131, 255]
79  5  [25, 10, 7, 131, 255]
80  5  [131, 255, 25, 10, 7]
81  5  [7, 131, 255, 25, 10]
82  5  [10, 7, 131, 255, 25]
83  5  [255, 25, 10, 7, 131]
84  5  [25, 10, 7, 131, 255]
85  5  [7, 131, 255, 25, 10]
86  5  [7, 131, 255, 25, 10]
87  5  [10, 7, 131, 255, 25]
88  5  [255, 25, 10, 7, 131]
89  5  [7, 131, 255, 25, 10]
90  5  [131, 255, 25, 10, 7]
91  5  [25, 10, 7, 131, 255]
92  5  [25, 10, 7, 131, 255]
93  5  [7, 131, 255, 25, 10]
94  5  [255, 25, 10, 7, 131]
95  5  [25, 10, 7, 131, 255]
96  5  [131, 255, 25, 10, 7]
97  5  [25, 10, 7, 131, 255]
98  5  [25, 10, 7, 131, 255]
99  5  [255, 25, 10, 7, 131]
100  5  [25, 10, 7, 131, 255]
101  5  [255, 25, 10, 7, 131]
102  5  [7, 131, 255, 25, 10]
103  5  [25, 10, 7, 131, 255]
104  5  [131, 255, 25, 10, 7]
