1,1,0,[1],[0]
2,8,3,[7, 10, 36, 83, 109, 214, 290, 316],[1, 0, 0, 1, 1, 0, 0, 0]
3,2,2,[17, 224],[1, 0]
4,1,0,[4],[0]
5,9,0,[5, 6, 9, 13, 20, 22, 57, 212, 220],[1, 0, 0, 1, 0, 0, 0, 0, 0]
6,9,0,[5, 6, 9, 13, 20, 22, 57, 212, 220],[1, 0, 0, 1, 0, 0, 0, 0, 0]
7,8,0,[7, 10, 36, 83, 109, 214, 290, 316],[1, 0, 0, 1, 1, 0, 0, 0]
8,9,1,[5, 6, 9, 13, 20, 22, 57, 212, 220],[1, 0, 0, 1, 0, 0, 0, 0, 0]
9,9,0,[5, 6, 9, 13, 20, 22, 57, 212, 220],[1, 0, 0, 1, 0, 0, 0, 0, 0]
10,8,0,[7, 10, 36, 83, 109, 214, 290, 316],[1, 0, 0, 1, 1, 0, 0, 0]
11,4,0,[11, 40, 111, 218],[1, 0, 0, 0]
12,8,1,[7, 10, 36, 83, 109, 214, 290, 316],[1, 0, 0, 1, 1, 0, 0, 0]
13,9,0,[5, 6, 9, 13, 20, 22, 57, 212, 220],[1, 0, 0, 1, 0, 0, 0, 0, 0]
14,9,1,[5, 6, 9, 13, 20, 22, 57, 212, 220],[1, 0, 0, 1, 0, 0, 0, 0, 0]
15,9,2,[5, 6, 9, 13, 20, 22, 57, 212, 220],[1, 0, 0, 1, 0, 0, 0, 0, 0]
16,9,2,[5, 6, 9, 13, 20, 22, 57, 212, 220],[1, 0, 0, 1, 0, 0, 0, 0, 0]
17,2,0,[17, 224],[1, 0]
18,9,2,[5, 6, 9, 13, 20, 22, 57, 212, 220],[1, 0, 0, 1, 0, 0, 0, 0, 0]
19,4,4,[11, 40, 111, 218],[1, 0, 0, 0]
20,9,0,[5, 6, 9, 13, 20, 22, 57, 212, 220],[1, 0, 0, 1, 0, 0, 0, 0, 0]
21,8,1,[7, 10, 36, 83, 109, 214, 290, 316],[1, 0, 0, 1, 1, 0, 0, 0]
22,9,0,[5, 6, 9, 13, 20, 22, 57, 212, 220],[1, 0, 0, 1, 0, 0, 0, 0, 0]
23,8,3,[7, 10, 36, 83, 109, 214, 290, 316],[1, 0, 0, 1, 1, 0, 0, 0]
24,9,1,[5, 6, 9, 13, 20, 22, 57, 212, 220],[1, 0, 0, 1, 0, 0, 0, 0, 0]
25,8,1,[7, 10, 36, 83, 109, 214, 290, 316],[1, 0, 0, 1, 1, 0, 0, 0]
26,9,3,[5, 6, 9, 13, 20, 22, 57, 212, 220],[1, 0, 0, 1, 0, 0, 0, 0, 0]
27,9,1,[5, 6, 9, 13, 20, 22, 57, 212, 220],[1, 0, 0, 1, 0, 0, 0, 0, 0]
28,4,1,[11, 40, 111, 218],[1, 0, 0, 0]
29,9,3,[5, 6, 9, 13, 20, 22, 57, 212, 220],[1, 0, 0, 1, 0, 0, 0, 0, 0]
30,8,1,[7, 10, 36, 83, 109, 214, 290, 316],[1, 0, 0, 1, 1, 0, 0, 0]
31,9,5,[5, 6, 9, 13, 20, 22, 57, 212, 220],[1, 0, 0, 1, 0, 0, 0, 0, 0]
32,8,1,[7, 10, 36, 83, 109, 214, 290, 316],[1, 0, 0, 1, 1, 0, 0, 0]
33,9,2,[5, 6, 9, 13, 20, 22, 57, 212, 220],[1, 0, 0, 1, 0, 0, 0, 0, 0]
34,4,5,[11, 40, 111, 218],[1, 0, 0, 0]
35,8,2,[7, 10, 36, 83, 109, 214, 290, 316],[1, 0, 0, 1, 1, 0, 0, 0]
36,8,0,[7, 10, 36, 83, 109, 214, 290, 316],[1, 0, 0, 1, 1, 0, 0, 0]
37,9,5,[5, 6, 9, 13, 20, 22, 57, 212, 220],[1, 0, 0, 1, 0, 0, 0, 0, 0]
38,8,2,[7, 10, 36, 83, 109, 214, 290, 316],[1, 0, 0, 1, 1, 0, 0, 0]
39,9,3,[5, 6, 9, 13, 20, 22, 57, 212, 220],[1, 0, 0, 1, 0, 0, 0, 0, 0]
40,4,0,[11, 40, 111, 218],[1, 0, 0, 0]
41,9,7,[5, 6, 9, 13, 20, 22, 57, 212, 220],[1, 0, 0, 1, 0, 0, 0, 0, 0]
42,8,2,[7, 10, 36, 83, 109, 214, 290, 316],[1, 0, 0, 1, 1, 0, 0, 0]
43,2,2,[17, 224],[1, 0]
44,9,3,[5, 6, 9, 13, 20, 22, 57, 212, 220],[1, 0, 0, 1, 0, 0, 0, 0, 0]
45,4,1,[11, 40, 111, 218],[1, 0, 0, 0]
46,8,2,[7, 10, 36, 83, 109, 214, 290, 316],[1, 0, 0, 1, 1, 0, 0, 0]
47,8,5,[7, 10, 36, 83, 109, 214, 290, 316],[1, 0, 0, 1, 1, 0, 0, 0]
48,4,1,[11, 40, 111, 218],[1, 0, 0, 0]
49,9,2,[5, 6, 9, 13, 20, 22, 57, 212, 220],[1, 0, 0, 1, 0, 0, 0, 0, 0]
50,8,2,[7, 10, 36, 83, 109, 214, 290, 316],[1, 0, 0, 1, 1, 0, 0, 0]
51,9,1,[5, 6, 9, 13, 20, 22, 57, 212, 220],[1, 0, 0, 1, 0, 0, 0, 0, 0]
52,2,1,[17, 224],[1, 0]
53,9,2,[5, 6, 9, 13, 20, 22, 57, 212, 220],[1, 0, 0, 1, 0, 0, 0, 0, 0]
54,4,1,[11, 40, 111, 218],[1, 0, 0, 0]
55,9,3,[5, 6, 9, 13, 20, 22, 57, 212, 220],[1, 0, 0, 1, 0, 0, 0, 0, 0]
56,9,1,[5, 6, 9, 13, 20, 22, 57, 212, 220],[1, 0, 0, 1, 0, 0, 0, 0, 0]
57,9,0,[5, 6, 9, 13, 20, 22, 57, 212, 220],[1, 0, 0, 1, 0, 0, 0, 0, 0]
58,9,6,[5, 6, 9, 13, 20, 22, 57, 212, 220],[1, 0, 0, 1, 0, 0, 0, 0, 0]
59,4,3,[11, 40, 111, 218],[1, 0, 0, 0]
60,8,2,[7, 10, 36, 83, 109, 214, 290, 316],[1, 0, 0, 1, 1, 0, 0, 0]
61,8,7,[7, 10, 36, 83, 109, 214, 290, 316],[1, 0, 0, 1, 1, 0, 0, 0]
62,9,3,[5, 6, 9, 13, 20, 22, 57, 212, 220],[1, 0, 0, 1, 0, 0, 0, 0, 0]
63,9,1,[5, 6, 9, 13, 20, 22, 57, 212, 220],[1, 0, 0, 1, 0, 0, 0, 0, 0]
64,8,2,[7, 10, 36, 83, 109, 214, 290, 316],[1, 0, 0, 1, 1, 0, 0, 0]
65,9,3,[5, 6, 9, 13, 20, 22, 57, 212, 220],[1, 0, 0, 1, 0, 0, 0, 0, 0]
66,9,3,[5, 6, 9, 13, 20, 22, 57, 212, 220],[1, 0, 0, 1, 0, 0, 0, 0, 0]
67,2,5,[17, 224],[1, 0]
68,8,2,[7, 10, 36, 83, 109, 214, 290, 316],[1, 0, 0, 1, 1, 0, 0, 0]
69,9,4,[5, 6, 9, 13, 20, 22, 57, 212, 220],[1, 0, 0, 1, 0, 0, 0, 0, 0]
70,9,2,[5, 6, 9, 13, 20, 22, 57, 212, 220],[1, 0, 0, 1, 0, 0, 0, 0, 0]
71,8,5,[7, 10, 36, 83, 109, 214, 290, 316],[1, 0, 0, 1, 1, 0, 0, 0]
72,8,2,[7, 10, 36, 83, 109, 214, 290, 316],[1, 0, 0, 1, 1, 0, 0, 0]
73,9,4,[5, 6, 9, 13, 20, 22, 57, 212, 220],[1, 0, 0, 1, 0, 0, 0, 0, 0]
74,9,4,[5, 6, 9, 13, 20, 22, 57, 212, 220],[1, 0, 0, 1, 0, 0, 0, 0, 0]
75,9,1,[5, 6, 9, 13, 20, 22, 57, 212, 220],[1, 0, 0, 1, 0, 0, 0, 0, 0]
76,8,4,[7, 10, 36, 83, 109, 214, 290, 316],[1, 0, 0, 1, 1, 0, 0, 0]
77,9,3,[5, 6, 9, 13, 20, 22, 57, 212, 220],[1, 0, 0, 1, 0, 0, 0, 0, 0]
78,9,3,[5, 6, 9, 13, 20, 22, 57, 212, 220],[1, 0, 0, 1, 0, 0, 0, 0, 0]
79,9,5,[5, 6, 9, 13, 20, 22, 57, 212, 220],[1, 0, 0, 1, 0, 0, 0, 0, 0]
80,9,1,[5, 6, 9, 13, 20, 22, 57, 212, 220],[1, 0, 0, 1, 0, 0, 0, 0, 0]
81,8,2,[7, 10, 36, 83, 109, 214, 290, 316],[1, 0, 0, 1, 1, 0, 0, 0]
82,2,3,[17, 224],[1, 0]
83,8,0,[7, 10, 36, 83, 109, 214, 290, 316],[1, 0, 0, 1, 1, 0, 0, 0]
84,9,2,[5, 6, 9, 13, 20, 22, 57, 212, 220],[1, 0, 0, 1, 0, 0, 0, 0, 0]
85,9,1,[5, 6, 9, 13, 20, 22, 57, 212, 220],[1, 0, 0, 1, 0, 0, 0, 0, 0]
86,4,2,[11, 40, 111, 218],[1, 0, 0, 0]
87,8,2,[7, 10, 36, 83, 109, 214, 290, 316],[1, 0, 0, 1, 1, 0, 0, 0]
88,2,1,[17, 224],[1, 0]
89,2,4,[17, 224],[1, 0]
90,9,1,[5, 6, 9, 13, 20, 22, 57, 212, 220],[1, 0, 0, 1, 0, 0, 0, 0, 0]
91,9,1,[5, 6, 9, 13, 20, 22, 57, 212, 220],[1, 0, 0, 1, 0, 0, 0, 0, 0]
92,9,2,[5, 6, 9, 13, 20, 22, 57, 212, 220],[1, 0, 0, 1, 0, 0, 0, 0, 0]
93,4,6,[11, 40, 111, 218],[1, 0, 0, 0]
94,9,3,[5, 6, 9, 13, 20, 22, 57, 212, 220],[1, 0, 0, 1, 0, 0, 0, 0, 0]
95,9,2,[5, 6, 9, 13, 20, 22, 57, 212, 220],[1, 0, 0, 1, 0, 0, 0, 0, 0]
96,9,1,[5, 6, 9, 13, 20, 22, 57, 212, 220],[1, 0, 0, 1, 0, 0, 0, 0, 0]
97,9,3,[5, 6, 9, 13, 20, 22, 57, 212, 220],[1, 0, 0, 1, 0, 0, 0, 0, 0]
98,9,3,[5, 6, 9, 13, 20, 22, 57, 212, 220],[1, 0, 0, 1, 0, 0, 0, 0, 0]
99,2,1,[17, 224],[1, 0]
100,9,2,[5, 6, 9, 13, 20, 22, 57, 212, 220],[1, 0, 0, 1, 0, 0, 0, 0, 0]
