1  1  0 [1]
2  10  6 [6, 5, 111, 40, 11, 117, 19, 125, 15, 8]
3  10  4 [11, 117, 19, 125, 15, 8, 6, 5, 111, 40]
4  1  0 [4]
5  10  0 [5, 111, 40, 11, 117, 19, 125, 15, 8, 6]
6  10  0 [6, 5, 111, 40, 11, 117, 19, 125, 15, 8]
7  9  0 [7, 113, 219, 76, 23, 129, 46, 25, 10]
8  10  0 [8, 6, 5, 111, 40, 11, 117, 19, 125, 15]
9  10  1 [6, 5, 111, 40, 11, 117, 19, 125, 15, 8]
10  9  0 [10, 7, 113, 219, 76, 23, 129, 46, 25]
11  10  0 [11, 117, 19, 125, 15, 8, 6, 5, 111, 40]
12  9  1 [7, 113, 219, 76, 23, 129, 46, 25, 10]
13  10  4 [6, 5, 111, 40, 11, 117, 19, 125, 15, 8]
14  10  2 [6, 5, 111, 40, 11, 117, 19, 125, 15, 8]
15  10  0 [15, 8, 6, 5, 111, 40, 11, 117, 19, 125]
16  10  1 [8, 6, 5, 111, 40, 11, 117, 19, 125, 15]
17  10  3 [15, 8, 6, 5, 111, 40, 11, 117, 19, 125]
18  10  1 [8, 6, 5, 111, 40, 11, 117, 19, 125, 15]
19  10  0 [19, 125, 15, 8, 6, 5, 111, 40, 11, 117]
20  10  2 [6, 5, 111, 40, 11, 117, 19, 125, 15, 8]
21  9  1 [10, 7, 113, 219, 76, 23, 129, 46, 25]
22  10  5 [6, 5, 111, 40, 11, 117, 19, 125, 15, 8]
23  9  0 [23, 129, 46, 25, 10, 7, 113, 219, 76]
24  10  2 [6, 5, 111, 40, 11, 117, 19, 125, 15, 8]
25  9  0 [25, 10, 7, 113, 219, 76, 23, 129, 46]
26  10  1 [15, 8, 6, 5, 111, 40, 11, 117, 19, 125]
27  10  2 [6, 5, 111, 40, 11, 117, 19, 125, 15, 8]
28  10  1 [11, 117, 19, 125, 15, 8, 6, 5, 111, 40]
29  10  4 [6, 5, 111, 40, 11, 117, 19, 125, 15, 8]
30  9  1 [10, 7, 113, 219, 76, 23, 129, 46, 25]
31  10  3 [15, 8, 6, 5, 111, 40, 11, 117, 19, 125]
32  9  1 [10, 7, 113, 219, 76, 23, 129, 46, 25]
33  10  3 [6, 5, 111, 40, 11, 117, 19, 125, 15, 8]
34  10  1 [19, 125, 15, 8, 6, 5, 111, 40, 11, 117]
35  9  2 [7, 113, 219, 76, 23, 129, 46, 25, 10]
36  9  1 [10, 7, 113, 219, 76, 23, 129, 46, 25]
37  10  4 [6, 5, 111, 40, 11, 117, 19, 125, 15, 8]
38  9  2 [10, 7, 113, 219, 76, 23, 129, 46, 25]
39  10  2 [8, 6, 5, 111, 40, 11, 117, 19, 125, 15]
40  10  0 [40, 11, 117, 19, 125, 15, 8, 6, 5, 111]
41  10  5 [15, 8, 6, 5, 111, 40, 11, 117, 19, 125]
42  9  2 [7, 113, 219, 76, 23, 129, 46, 25, 10]
43  9  3 [25, 10, 7, 113, 219, 76, 23, 129, 46]
44  10  1 [15, 8, 6, 5, 111, 40, 11, 117, 19, 125]
45  10  1 [11, 117, 19, 125, 15, 8, 6, 5, 111, 40]
46  9  0 [46, 25, 10, 7, 113, 219, 76, 23, 129]
47  9  2 [23, 129, 46, 25, 10, 7, 113, 219, 76]
48  10  1 [11, 117, 19, 125, 15, 8, 6, 5, 111, 40]
49  10  3 [6, 5, 111, 40, 11, 117, 19, 125, 15, 8]
50  9  2 [7, 113, 219, 76, 23, 129, 46, 25, 10]
51  10  3 [6, 5, 111, 40, 11, 117, 19, 125, 15, 8]
52  10  4 [15, 8, 6, 5, 111, 40, 11, 117, 19, 125]
53  10  7 [6, 5, 111, 40, 11, 117, 19, 125, 15, 8]
54  10  1 [11, 117, 19, 125, 15, 8, 6, 5, 111, 40]
55  10  2 [8, 6, 5, 111, 40, 11, 117, 19, 125, 15]
56  10  5 [6, 5, 111, 40, 11, 117, 19, 125, 15, 8]
57  10  6 [6, 5, 111, 40, 11, 117, 19, 125, 15, 8]
58  10  4 [15, 8, 6, 5, 111, 40, 11, 117, 19, 125]
59  10  2 [19, 125, 15, 8, 6, 5, 111, 40, 11, 117]
60  9  2 [7, 113, 219, 76, 23, 129, 46, 25, 10]
61  9  3 [23, 129, 46, 25, 10, 7, 113, 219, 76]
62  10  4 [6, 5, 111, 40, 11, 117, 19, 125, 15, 8]
63  10  5 [6, 5, 111, 40, 11, 117, 19, 125, 15, 8]
64  9  2 [7, 113, 219, 76, 23, 129, 46, 25, 10]
65  10  2 [8, 6, 5, 111, 40, 11, 117, 19, 125, 15]
66  10  2 [8, 6, 5, 111, 40, 11, 117, 19, 125, 15]
67  10  7 [6, 5, 111, 40, 11, 117, 19, 125, 15, 8]
68  9  2 [10, 7, 113, 219, 76, 23, 129, 46, 25]
69  10  2 [15, 8, 6, 5, 111, 40, 11, 117, 19, 125]
70  10  3 [6, 5, 111, 40, 11, 117, 19, 125, 15, 8]
71  10  6 [6, 5, 111, 40, 11, 117, 19, 125, 15, 8]
72  9  2 [7, 113, 219, 76, 23, 129, 46, 25, 10]
73  10  5 [6, 5, 111, 40, 11, 117, 19, 125, 15, 8]
74  10  3 [8, 6, 5, 111, 40, 11, 117, 19, 125, 15]
75  10  5 [6, 5, 111, 40, 11, 117, 19, 125, 15, 8]
76  9  0 [76, 23, 129, 46, 25, 10, 7, 113, 219]
77  10  2 [8, 6, 5, 111, 40, 11, 117, 19, 125, 15]
78  10  2 [8, 6, 5, 111, 40, 11, 117, 19, 125, 15]
79  9  4 [7, 113, 219, 76, 23, 129, 46, 25, 10]
80  10  5 [6, 5, 111, 40, 11, 117, 19, 125, 15, 8]
81  9  2 [7, 113, 219, 76, 23, 129, 46, 25, 10]
82  9  4 [25, 10, 7, 113, 219, 76, 23, 129, 46]
83  10  3 [8, 6, 5, 111, 40, 11, 117, 19, 125, 15]
84  10  3 [6, 5, 111, 40, 11, 117, 19, 125, 15, 8]
85  10  6 [6, 5, 111, 40, 11, 117, 19, 125, 15, 8]
86  10  2 [11, 117, 19, 125, 15, 8, 6, 5, 111, 40]
87  9  2 [10, 7, 113, 219, 76, 23, 129, 46, 25]
88  10  4 [15, 8, 6, 5, 111, 40, 11, 117, 19, 125]
89  9  3 [10, 7, 113, 219, 76, 23, 129, 46, 25]
90  10  5 [6, 5, 111, 40, 11, 117, 19, 125, 15, 8]
91  10  3 [6, 5, 111, 40, 11, 117, 19, 125, 15, 8]
92  10  3 [6, 5, 111, 40, 11, 117, 19, 125, 15, 8]
93  10  2 [19, 125, 15, 8, 6, 5, 111, 40, 11, 117]
94  10  4 [6, 5, 111, 40, 11, 117, 19, 125, 15, 8]
95  10  3 [6, 5, 111, 40, 11, 117, 19, 125, 15, 8]
96  10  5 [6, 5, 111, 40, 11, 117, 19, 125, 15, 8]
97  9  3 [10, 7, 113, 219, 76, 23, 129, 46, 25]
98  10  2 [8, 6, 5, 111, 40, 11, 117, 19, 125, 15]
99  10  4 [15, 8, 6, 5, 111, 40, 11, 117, 19, 125]
100  10  3 [6, 5, 111, 40, 11, 117, 19, 125, 15, 8]
