1,1,0,[1],[0]
2,7,12,[7, 10, 13, 30, 56, 946, 952],[1, 0, 1, 0, 0, 0, 0]
3,10,5,[5, 6, 8, 16, 55, 67, 106, 505, 944, 1006],[1, 0, 0, 0, 0, 1, 0, 0, 0, 0]
4,1,0,[4],[0]
5,10,0,[5, 6, 8, 16, 55, 67, 106, 505, 944, 1006],[1, 0, 0, 0, 0, 1, 0, 0, 0, 0]
6,10,0,[5, 6, 8, 16, 55, 67, 106, 505, 944, 1006],[1, 0, 0, 0, 0, 1, 0, 0, 0, 0]
7,7,0,[7, 10, 13, 30, 56, 946, 952],[1, 0, 1, 0, 0, 0, 0]
8,10,0,[5, 6, 8, 16, 55, 67, 106, 505, 944, 1006],[1, 0, 0, 0, 0, 1, 0, 0, 0, 0]
9,10,1,[5, 6, 8, 16, 55, 67, 106, 505, 944, 1006],[1, 0, 0, 0, 0, 1, 0, 0, 0, 0]
10,7,0,[7, 10, 13, 30, 56, 946, 952],[1, 0, 1, 0, 0, 0, 0]
11,7,10,[7, 10, 13, 30, 56, 946, 952],[1, 0, 1, 0, 0, 0, 0]
12,7,1,[7, 10, 13, 30, 56, 946, 952],[1, 0, 1, 0, 0, 0, 0]
13,7,0,[7, 10, 13, 30, 56, 946, 952],[1, 0, 1, 0, 0, 0, 0]
14,10,2,[5, 6, 8, 16, 55, 67, 106, 505, 944, 1006],[1, 0, 0, 0, 0, 1, 0, 0, 0, 0]
15,10,1,[5, 6, 8, 16, 55, 67, 106, 505, 944, 1006],[1, 0, 0, 0, 0, 1, 0, 0, 0, 0]
16,10,0,[5, 6, 8, 16, 55, 67, 106, 505, 944, 1006],[1, 0, 0, 0, 0, 1, 0, 0, 0, 0]
17,10,4,[5, 6, 8, 16, 55, 67, 106, 505, 944, 1006],[1, 0, 0, 0, 0, 1, 0, 0, 0, 0]
18,10,1,[5, 6, 8, 16, 55, 67, 106, 505, 944, 1006],[1, 0, 0, 0, 0, 1, 0, 0, 0, 0]
19,7,5,[7, 10, 13, 30, 56, 946, 952],[1, 0, 1, 0, 0, 0, 0]
20,10,2,[5, 6, 8, 16, 55, 67, 106, 505, 944, 1006],[1, 0, 0, 0, 0, 1, 0, 0, 0, 0]
21,7,1,[7, 10, 13, 30, 56, 946, 952],[1, 0, 1, 0, 0, 0, 0]
22,7,1,[7, 10, 13, 30, 56, 946, 952],[1, 0, 1, 0, 0, 0, 0]
23,10,7,[5, 6, 8, 16, 55, 67, 106, 505, 944, 1006],[1, 0, 0, 0, 0, 1, 0, 0, 0, 0]
24,10,2,[5, 6, 8, 16, 55, 67, 106, 505, 944, 1006],[1, 0, 0, 0, 0, 1, 0, 0, 0, 0]
25,7,1,[7, 10, 13, 30, 56, 946, 952],[1, 0, 1, 0, 0, 0, 0]
26,10,2,[5, 6, 8, 16, 55, 67, 106, 505, 944, 1006],[1, 0, 0, 0, 0, 1, 0, 0, 0, 0]
27,10,2,[5, 6, 8, 16, 55, 67, 106, 505, 944, 1006],[1, 0, 0, 0, 0, 1, 0, 0, 0, 0]
28,7,11,[7, 10, 13, 30, 56, 946, 952],[1, 0, 1, 0, 0, 0, 0]
29,7,13,[7, 10, 13, 30, 56, 946, 952],[1, 0, 1, 0, 0, 0, 0]
30,7,0,[7, 10, 13, 30, 56, 946, 952],[1, 0, 1, 0, 0, 0, 0]
31,7,8,[7, 10, 13, 30, 56, 946, 952],[1, 0, 1, 0, 0, 0, 0]
32,7,1,[7, 10, 13, 30, 56, 946, 952],[1, 0, 1, 0, 0, 0, 0]
33,10,3,[5, 6, 8, 16, 55, 67, 106, 505, 944, 1006],[1, 0, 0, 0, 0, 1, 0, 0, 0, 0]
34,7,6,[7, 10, 13, 30, 56, 946, 952],[1, 0, 1, 0, 0, 0, 0]
35,7,2,[7, 10, 13, 30, 56, 946, 952],[1, 0, 1, 0, 0, 0, 0]
36,7,1,[7, 10, 13, 30, 56, 946, 952],[1, 0, 1, 0, 0, 0, 0]
37,10,5,[5, 6, 8, 16, 55, 67, 106, 505, 944, 1006],[1, 0, 0, 0, 0, 1, 0, 0, 0, 0]
38,7,2,[7, 10, 13, 30, 56, 946, 952],[1, 0, 1, 0, 0, 0, 0]
39,10,1,[5, 6, 8, 16, 55, 67, 106, 505, 944, 1006],[1, 0, 0, 0, 0, 1, 0, 0, 0, 0]
40,7,11,[7, 10, 13, 30, 56, 946, 952],[1, 0, 1, 0, 0, 0, 0]
41,10,9,[5, 6, 8, 16, 55, 67, 106, 505, 944, 1006],[1, 0, 0, 0, 0, 1, 0, 0, 0, 0]
42,7,2,[7, 10, 13, 30, 56, 946, 952],[1, 0, 1, 0, 0, 0, 0]
43,7,5,[7, 10, 13, 30, 56, 946, 952],[1, 0, 1, 0, 0, 0, 0]
44,10,2,[5, 6, 8, 16, 55, 67, 106, 505, 944, 1006],[1, 0, 0, 0, 0, 1, 0, 0, 0, 0]
45,7,11,[7, 10, 13, 30, 56, 946, 952],[1, 0, 1, 0, 0, 0, 0]
46,7,2,[7, 10, 13, 30, 56, 946, 952],[1, 0, 1, 0, 0, 0, 0]
47,7,13,[7, 10, 13, 30, 56, 946, 952],[1, 0, 1, 0, 0, 0, 0]
48,7,11,[7, 10, 13, 30, 56, 946, 952],[1, 0, 1, 0, 0, 0, 0]
49,10,3,[5, 6, 8, 16, 55, 67, 106, 505, 944, 1006],[1, 0, 0, 0, 0, 1, 0, 0, 0, 0]
50,7,2,[7, 10, 13, 30, 56, 946, 952],[1, 0, 1, 0, 0, 0, 0]
51,10,3,[5, 6, 8, 16, 55, 67, 106, 505, 944, 1006],[1, 0, 0, 0, 0, 1, 0, 0, 0, 0]
52,10,5,[5, 6, 8, 16, 55, 67, 106, 505, 944, 1006],[1, 0, 0, 0, 0, 1, 0, 0, 0, 0]
53,10,11,[5, 6, 8, 16, 55, 67, 106, 505, 944, 1006],[1, 0, 0, 0, 0, 1, 0, 0, 0, 0]
54,7,11,[7, 10, 13, 30, 56, 946, 952],[1, 0, 1, 0, 0, 0, 0]
55,10,0,[5, 6, 8, 16, 55, 67, 106, 505, 944, 1006],[1, 0, 0, 0, 0, 1, 0, 0, 0, 0]
56,7,0,[7, 10, 13, 30, 56, 946, 952],[1, 0, 1, 0, 0, 0, 0]
57,7,2,[7, 10, 13, 30, 56, 946, 952],[1, 0, 1, 0, 0, 0, 0]
58,7,9,[7, 10, 13, 30, 56, 946, 952],[1, 0, 1, 0, 0, 0, 0]
59,10,6,[5, 6, 8, 16, 55, 67, 106, 505, 944, 1006],[1, 0, 0, 0, 0, 1, 0, 0, 0, 0]
60,7,2,[7, 10, 13, 30, 56, 946, 952],[1, 0, 1, 0, 0, 0, 0]
61,7,3,[7, 10, 13, 30, 56, 946, 952],[1, 0, 1, 0, 0, 0, 0]
62,10,4,[5, 6, 8, 16, 55, 67, 106, 505, 944, 1006],[1, 0, 0, 0, 0, 1, 0, 0, 0, 0]
63,7,1,[7, 10, 13, 30, 56, 946, 952],[1, 0, 1, 0, 0, 0, 0]
64,7,2,[7, 10, 13, 30, 56, 946, 952],[1, 0, 1, 0, 0, 0, 0]
65,10,2,[5, 6, 8, 16, 55, 67, 106, 505, 944, 1006],[1, 0, 0, 0, 0, 1, 0, 0, 0, 0]
66,10,1,[5, 6, 8, 16, 55, 67, 106, 505, 944, 1006],[1, 0, 0, 0, 0, 1, 0, 0, 0, 0]
67,10,0,[5, 6, 8, 16, 55, 67, 106, 505, 944, 1006],[1, 0, 0, 0, 0, 1, 0, 0, 0, 0]
68,7,2,[7, 10, 13, 30, 56, 946, 952],[1, 0, 1, 0, 0, 0, 0]
69,10,3,[5, 6, 8, 16, 55, 67, 106, 505, 944, 1006],[1, 0, 0, 0, 0, 1, 0, 0, 0, 0]
70,10,3,[5, 6, 8, 16, 55, 67, 106, 505, 944, 1006],[1, 0, 0, 0, 0, 1, 0, 0, 0, 0]
71,7,3,[7, 10, 13, 30, 56, 946, 952],[1, 0, 1, 0, 0, 0, 0]
72,7,2,[7, 10, 13, 30, 56, 946, 952],[1, 0, 1, 0, 0, 0, 0]
73,7,4,[7, 10, 13, 30, 56, 946, 952],[1, 0, 1, 0, 0, 0, 0]
74,10,2,[5, 6, 8, 16, 55, 67, 106, 505, 944, 1006],[1, 0, 0, 0, 0, 1, 0, 0, 0, 0]
75,7,1,[7, 10, 13, 30, 56, 946, 952],[1, 0, 1, 0, 0, 0, 0]
76,10,8,[5, 6, 8, 16, 55, 67, 106, 505, 944, 1006],[1, 0, 0, 0, 0, 1, 0, 0, 0, 0]
77,10,2,[5, 6, 8, 16, 55, 67, 106, 505, 944, 1006],[1, 0, 0, 0, 0, 1, 0, 0, 0, 0]
78,10,2,[5, 6, 8, 16, 55, 67, 106, 505, 944, 1006],[1, 0, 0, 0, 0, 1, 0, 0, 0, 0]
79,7,4,[7, 10, 13, 30, 56, 946, 952],[1, 0, 1, 0, 0, 0, 0]
80,7,1,[7, 10, 13, 30, 56, 946, 952],[1, 0, 1, 0, 0, 0, 0]
81,7,2,[7, 10, 13, 30, 56, 946, 952],[1, 0, 1, 0, 0, 0, 0]
82,7,6,[7, 10, 13, 30, 56, 946, 952],[1, 0, 1, 0, 0, 0, 0]
83,7,8,[7, 10, 13, 30, 56, 946, 952],[1, 0, 1, 0, 0, 0, 0]
84,10,3,[5, 6, 8, 16, 55, 67, 106, 505, 944, 1006],[1, 0, 0, 0, 0, 1, 0, 0, 0, 0]
85,7,2,[7, 10, 13, 30, 56, 946, 952],[1, 0, 1, 0, 0, 0, 0]
86,7,12,[7, 10, 13, 30, 56, 946, 952],[1, 0, 1, 0, 0, 0, 0]
87,7,2,[7, 10, 13, 30, 56, 946, 952],[1, 0, 1, 0, 0, 0, 0]
88,10,5,[5, 6, 8, 16, 55, 67, 106, 505, 944, 1006],[1, 0, 0, 0, 0, 1, 0, 0, 0, 0]
89,7,5,[7, 10, 13, 30, 56, 946, 952],[1, 0, 1, 0, 0, 0, 0]
90,7,1,[7, 10, 13, 30, 56, 946, 952],[1, 0, 1, 0, 0, 0, 0]
91,10,3,[5, 6, 8, 16, 55, 67, 106, 505, 944, 1006],[1, 0, 0, 0, 0, 1, 0, 0, 0, 0]
92,10,3,[5, 6, 8, 16, 55, 67, 106, 505, 944, 1006],[1, 0, 0, 0, 0, 1, 0, 0, 0, 0]
93,7,7,[7, 10, 13, 30, 56, 946, 952],[1, 0, 1, 0, 0, 0, 0]
94,10,4,[5, 6, 8, 16, 55, 67, 106, 505, 944, 1006],[1, 0, 0, 0, 0, 1, 0, 0, 0, 0]
95,10,3,[5, 6, 8, 16, 55, 67, 106, 505, 944, 1006],[1, 0, 0, 0, 0, 1, 0, 0, 0, 0]
96,7,1,[7, 10, 13, 30, 56, 946, 952],[1, 0, 1, 0, 0, 0, 0]
97,7,13,[7, 10, 13, 30, 56, 946, 952],[1, 0, 1, 0, 0, 0, 0]
98,10,1,[5, 6, 8, 16, 55, 67, 106, 505, 944, 1006],[1, 0, 0, 0, 0, 1, 0, 0, 0, 0]
99,10,5,[5, 6, 8, 16, 55, 67, 106, 505, 944, 1006],[1, 0, 0, 0, 0, 1, 0, 0, 0, 0]
100,10,3,[5, 6, 8, 16, 55, 67, 106, 505, 944, 1006],[1, 0, 0, 0, 0, 1, 0, 0, 0, 0]
