1,1,0,[1],[0]
2,5,5,[5, 6, 8, 18, 65],[1, 0, 0, 0, 0]
3,5,7,[5, 6, 8, 18, 65],[1, 0, 0, 0, 0]
4,1,0,[4],[0]
5,5,0,[5, 6, 8, 18, 65],[1, 0, 0, 0, 0]
6,5,0,[5, 6, 8, 18, 65],[1, 0, 0, 0, 0]
7,14,0,[7, 11, 12, 28, 60, 67, 71, 127, 131, 187, 191, 251, 311, 371],[1, 1, 0, 0, 0, 1, 1, 1, 1, 0, 1, 1, 1, 0]
8,5,0,[5, 6, 8, 18, 65],[1, 0, 0, 0, 0]
9,5,1,[5, 6, 8, 18, 65],[1, 0, 0, 0, 0]
10,14,1,[7, 11, 12, 28, 60, 67, 71, 127, 131, 187, 191, 251, 311, 371],[1, 1, 0, 0, 0, 1, 1, 1, 1, 0, 1, 1, 1, 0]
11,14,0,[7, 11, 12, 28, 60, 67, 71, 127, 131, 187, 191, 251, 311, 371],[1, 1, 0, 0, 0, 1, 1, 1, 1, 0, 1, 1, 1, 0]
12,14,0,[7, 11, 12, 28, 60, 67, 71, 127, 131, 187, 191, 251, 311, 371],[1, 1, 0, 0, 0, 1, 1, 1, 1, 0, 1, 1, 1, 0]
13,5,5,[5, 6, 8, 18, 65],[1, 0, 0, 0, 0]
14,5,2,[5, 6, 8, 18, 65],[1, 0, 0, 0, 0]
15,5,1,[5, 6, 8, 18, 65],[1, 0, 0, 0, 0]
16,5,1,[5, 6, 8, 18, 65],[1, 0, 0, 0, 0]
17,5,2,[5, 6, 8, 18, 65],[1, 0, 0, 0, 0]
18,5,0,[5, 6, 8, 18, 65],[1, 0, 0, 0, 0]
19,5,7,[5, 6, 8, 18, 65],[1, 0, 0, 0, 0]
20,5,2,[5, 6, 8, 18, 65],[1, 0, 0, 0, 0]
21,14,2,[7, 11, 12, 28, 60, 67, 71, 127, 131, 187, 191, 251, 311, 371],[1, 1, 0, 0, 0, 1, 1, 1, 1, 0, 1, 1, 1, 0]
22,5,6,[5, 6, 8, 18, 65],[1, 0, 0, 0, 0]
23,5,5,[5, 6, 8, 18, 65],[1, 0, 0, 0, 0]
24,5,2,[5, 6, 8, 18, 65],[1, 0, 0, 0, 0]
25,14,2,[7, 11, 12, 28, 60, 67, 71, 127, 131, 187, 191, 251, 311, 371],[1, 1, 0, 0, 0, 1, 1, 1, 1, 0, 1, 1, 1, 0]
26,5,2,[5, 6, 8, 18, 65],[1, 0, 0, 0, 0]
27,5,2,[5, 6, 8, 18, 65],[1, 0, 0, 0, 0]
28,14,0,[7, 11, 12, 28, 60, 67, 71, 127, 131, 187, 191, 251, 311, 371],[1, 1, 0, 0, 0, 1, 1, 1, 1, 0, 1, 1, 1, 0]
29,14,6,[7, 11, 12, 28, 60, 67, 71, 127, 131, 187, 191, 251, 311, 371],[1, 1, 0, 0, 0, 1, 1, 1, 1, 0, 1, 1, 1, 0]
30,14,2,[7, 11, 12, 28, 60, 67, 71, 127, 131, 187, 191, 251, 311, 371],[1, 1, 0, 0, 0, 1, 1, 1, 1, 0, 1, 1, 1, 0]
31,5,4,[5, 6, 8, 18, 65],[1, 0, 0, 0, 0]
32,14,2,[7, 11, 12, 28, 60, 67, 71, 127, 131, 187, 191, 251, 311, 371],[1, 1, 0, 0, 0, 1, 1, 1, 1, 0, 1, 1, 1, 0]
33,5,3,[5, 6, 8, 18, 65],[1, 0, 0, 0, 0]
34,5,8,[5, 6, 8, 18, 65],[1, 0, 0, 0, 0]
35,14,1,[7, 11, 12, 28, 60, 67, 71, 127, 131, 187, 191, 251, 311, 371],[1, 1, 0, 0, 0, 1, 1, 1, 1, 0, 1, 1, 1, 0]
36,14,2,[7, 11, 12, 28, 60, 67, 71, 127, 131, 187, 191, 251, 311, 371],[1, 1, 0, 0, 0, 1, 1, 1, 1, 0, 1, 1, 1, 0]
37,14,7,[7, 11, 12, 28, 60, 67, 71, 127, 131, 187, 191, 251, 311, 371],[1, 1, 0, 0, 0, 1, 1, 1, 1, 0, 1, 1, 1, 0]
38,14,3,[7, 11, 12, 28, 60, 67, 71, 127, 131, 187, 191, 251, 311, 371],[1, 1, 0, 0, 0, 1, 1, 1, 1, 0, 1, 1, 1, 0]
39,5,2,[5, 6, 8, 18, 65],[1, 0, 0, 0, 0]
40,14,1,[7, 11, 12, 28, 60, 67, 71, 127, 131, 187, 191, 251, 311, 371],[1, 1, 0, 0, 0, 1, 1, 1, 1, 0, 1, 1, 1, 0]
41,14,5,[7, 11, 12, 28, 60, 67, 71, 127, 131, 187, 191, 251, 311, 371],[1, 1, 0, 0, 0, 1, 1, 1, 1, 0, 1, 1, 1, 0]
42,14,1,[7, 11, 12, 28, 60, 67, 71, 127, 131, 187, 191, 251, 311, 371],[1, 1, 0, 0, 0, 1, 1, 1, 1, 0, 1, 1, 1, 0]
43,14,8,[7, 11, 12, 28, 60, 67, 71, 127, 131, 187, 191, 251, 311, 371],[1, 1, 0, 0, 0, 1, 1, 1, 1, 0, 1, 1, 1, 0]
44,5,2,[5, 6, 8, 18, 65],[1, 0, 0, 0, 0]
45,14,1,[7, 11, 12, 28, 60, 67, 71, 127, 131, 187, 191, 251, 311, 371],[1, 1, 0, 0, 0, 1, 1, 1, 1, 0, 1, 1, 1, 0]
46,14,3,[7, 11, 12, 28, 60, 67, 71, 127, 131, 187, 191, 251, 311, 371],[1, 1, 0, 0, 0, 1, 1, 1, 1, 0, 1, 1, 1, 0]
47,14,6,[7, 11, 12, 28, 60, 67, 71, 127, 131, 187, 191, 251, 311, 371],[1, 1, 0, 0, 0, 1, 1, 1, 1, 0, 1, 1, 1, 0]
48,14,1,[7, 11, 12, 28, 60, 67, 71, 127, 131, 187, 191, 251, 311, 371],[1, 1, 0, 0, 0, 1, 1, 1, 1, 0, 1, 1, 1, 0]
49,5,3,[5, 6, 8, 18, 65],[1, 0, 0, 0, 0]
50,14,1,[7, 11, 12, 28, 60, 67, 71, 127, 131, 187, 191, 251, 311, 371],[1, 1, 0, 0, 0, 1, 1, 1, 1, 0, 1, 1, 1, 0]
51,5,3,[5, 6, 8, 18, 65],[1, 0, 0, 0, 0]
52,5,3,[5, 6, 8, 18, 65],[1, 0, 0, 0, 0]
53,5,9,[5, 6, 8, 18, 65],[1, 0, 0, 0, 0]
54,14,1,[7, 11, 12, 28, 60, 67, 71, 127, 131, 187, 191, 251, 311, 371],[1, 1, 0, 0, 0, 1, 1, 1, 1, 0, 1, 1, 1, 0]
55,5,2,[5, 6, 8, 18, 65],[1, 0, 0, 0, 0]
56,5,6,[5, 6, 8, 18, 65],[1, 0, 0, 0, 0]
57,5,7,[5, 6, 8, 18, 65],[1, 0, 0, 0, 0]
58,5,5,[5, 6, 8, 18, 65],[1, 0, 0, 0, 0]
59,5,4,[5, 6, 8, 18, 65],[1, 0, 0, 0, 0]
60,14,0,[7, 11, 12, 28, 60, 67, 71, 127, 131, 187, 191, 251, 311, 371],[1, 1, 0, 0, 0, 1, 1, 1, 1, 0, 1, 1, 1, 0]
61,5,8,[5, 6, 8, 18, 65],[1, 0, 0, 0, 0]
62,5,4,[5, 6, 8, 18, 65],[1, 0, 0, 0, 0]
63,5,6,[5, 6, 8, 18, 65],[1, 0, 0, 0, 0]
64,14,1,[7, 11, 12, 28, 60, 67, 71, 127, 131, 187, 191, 251, 311, 371],[1, 1, 0, 0, 0, 1, 1, 1, 1, 0, 1, 1, 1, 0]
65,5,0,[5, 6, 8, 18, 65],[1, 0, 0, 0, 0]
66,5,2,[5, 6, 8, 18, 65],[1, 0, 0, 0, 0]
67,14,0,[7, 11, 12, 28, 60, 67, 71, 127, 131, 187, 191, 251, 311, 371],[1, 1, 0, 0, 0, 1, 1, 1, 1, 0, 1, 1, 1, 0]
68,14,3,[7, 11, 12, 28, 60, 67, 71, 127, 131, 187, 191, 251, 311, 371],[1, 1, 0, 0, 0, 1, 1, 1, 1, 0, 1, 1, 1, 0]
69,5,3,[5, 6, 8, 18, 65],[1, 0, 0, 0, 0]
70,5,3,[5, 6, 8, 18, 65],[1, 0, 0, 0, 0]
71,14,0,[7, 11, 12, 28, 60, 67, 71, 127, 131, 187, 191, 251, 311, 371],[1, 1, 0, 0, 0, 1, 1, 1, 1, 0, 1, 1, 1, 0]
72,14,1,[7, 11, 12, 28, 60, 67, 71, 127, 131, 187, 191, 251, 311, 371],[1, 1, 0, 0, 0, 1, 1, 1, 1, 0, 1, 1, 1, 0]
73,5,4,[5, 6, 8, 18, 65],[1, 0, 0, 0, 0]
74,5,3,[5, 6, 8, 18, 65],[1, 0, 0, 0, 0]
75,5,6,[5, 6, 8, 18, 65],[1, 0, 0, 0, 0]
76,5,6,[5, 6, 8, 18, 65],[1, 0, 0, 0, 0]
77,5,1,[5, 6, 8, 18, 65],[1, 0, 0, 0, 0]
78,5,1,[5, 6, 8, 18, 65],[1, 0, 0, 0, 0]
79,5,6,[5, 6, 8, 18, 65],[1, 0, 0, 0, 0]
80,5,6,[5, 6, 8, 18, 65],[1, 0, 0, 0, 0]
81,14,1,[7, 11, 12, 28, 60, 67, 71, 127, 131, 187, 191, 251, 311, 371],[1, 1, 0, 0, 0, 1, 1, 1, 1, 0, 1, 1, 1, 0]
82,14,9,[7, 11, 12, 28, 60, 67, 71, 127, 131, 187, 191, 251, 311, 371],[1, 1, 0, 0, 0, 1, 1, 1, 1, 0, 1, 1, 1, 0]
83,5,4,[5, 6, 8, 18, 65],[1, 0, 0, 0, 0]
84,5,3,[5, 6, 8, 18, 65],[1, 0, 0, 0, 0]
85,5,7,[5, 6, 8, 18, 65],[1, 0, 0, 0, 0]
86,14,2,[7, 11, 12, 28, 60, 67, 71, 127, 131, 187, 191, 251, 311, 371],[1, 1, 0, 0, 0, 1, 1, 1, 1, 0, 1, 1, 1, 0]
87,14,3,[7, 11, 12, 28, 60, 67, 71, 127, 131, 187, 191, 251, 311, 371],[1, 1, 0, 0, 0, 1, 1, 1, 1, 0, 1, 1, 1, 0]
88,5,3,[5, 6, 8, 18, 65],[1, 0, 0, 0, 0]
89,14,5,[7, 11, 12, 28, 60, 67, 71, 127, 131, 187, 191, 251, 311, 371],[1, 1, 0, 0, 0, 1, 1, 1, 1, 0, 1, 1, 1, 0]
90,5,6,[5, 6, 8, 18, 65],[1, 0, 0, 0, 0]
91,5,3,[5, 6, 8, 18, 65],[1, 0, 0, 0, 0]
92,5,3,[5, 6, 8, 18, 65],[1, 0, 0, 0, 0]
93,5,9,[5, 6, 8, 18, 65],[1, 0, 0, 0, 0]
94,5,4,[5, 6, 8, 18, 65],[1, 0, 0, 0, 0]
95,5,3,[5, 6, 8, 18, 65],[1, 0, 0, 0, 0]
96,5,6,[5, 6, 8, 18, 65],[1, 0, 0, 0, 0]
97,14,6,[7, 11, 12, 28, 60, 67, 71, 127, 131, 187, 191, 251, 311, 371],[1, 1, 0, 0, 0, 1, 1, 1, 1, 0, 1, 1, 1, 0]
98,5,2,[5, 6, 8, 18, 65],[1, 0, 0, 0, 0]
99,5,3,[5, 6, 8, 18, 65],[1, 0, 0, 0, 0]
100,5,3,[5, 6, 8, 18, 65],[1, 0, 0, 0, 0]
