1  1  0 [1]
2  14  4 [6, 5, 52, 17, 64, 12, 7, 54, 11, 58, 31, 78, 18, 8]
3  14  2 [12, 7, 54, 11, 58, 31, 78, 18, 8, 6, 5, 52, 17, 64]
4  1  0 [4]
5  14  0 [5, 52, 17, 64, 12, 7, 54, 11, 58, 31, 78, 18, 8, 6]
6  14  0 [6, 5, 52, 17, 64, 12, 7, 54, 11, 58, 31, 78, 18, 8]
7  14  0 [7, 54, 11, 58, 31, 78, 18, 8, 6, 5, 52, 17, 64, 12]
8  14  0 [8, 6, 5, 52, 17, 64, 12, 7, 54, 11, 58, 31, 78, 18]
9  14  1 [6, 5, 52, 17, 64, 12, 7, 54, 11, 58, 31, 78, 18, 8]
10  14  1 [7, 54, 11, 58, 31, 78, 18, 8, 6, 5, 52, 17, 64, 12]
11  14  0 [11, 58, 31, 78, 18, 8, 6, 5, 52, 17, 64, 12, 7, 54]
12  14  0 [12, 7, 54, 11, 58, 31, 78, 18, 8, 6, 5, 52, 17, 64]
13  14  2 [12, 7, 54, 11, 58, 31, 78, 18, 8, 6, 5, 52, 17, 64]
14  14  2 [6, 5, 52, 17, 64, 12, 7, 54, 11, 58, 31, 78, 18, 8]
15  14  1 [8, 6, 5, 52, 17, 64, 12, 7, 54, 11, 58, 31, 78, 18]
16  14  1 [8, 6, 5, 52, 17, 64, 12, 7, 54, 11, 58, 31, 78, 18]
17  14  0 [17, 64, 12, 7, 54, 11, 58, 31, 78, 18, 8, 6, 5, 52]
18  14  0 [18, 8, 6, 5, 52, 17, 64, 12, 7, 54, 11, 58, 31, 78]
19  14  3 [8, 6, 5, 52, 17, 64, 12, 7, 54, 11, 58, 31, 78, 18]
20  14  2 [6, 5, 52, 17, 64, 12, 7, 54, 11, 58, 31, 78, 18, 8]
21  14  2 [7, 54, 11, 58, 31, 78, 18, 8, 6, 5, 52, 17, 64, 12]
22  14  3 [12, 7, 54, 11, 58, 31, 78, 18, 8, 6, 5, 52, 17, 64]
23  14  4 [6, 5, 52, 17, 64, 12, 7, 54, 11, 58, 31, 78, 18, 8]
24  14  2 [6, 5, 52, 17, 64, 12, 7, 54, 11, 58, 31, 78, 18, 8]
25  14  2 [7, 54, 11, 58, 31, 78, 18, 8, 6, 5, 52, 17, 64, 12]
26  14  2 [8, 6, 5, 52, 17, 64, 12, 7, 54, 11, 58, 31, 78, 18]
27  14  2 [6, 5, 52, 17, 64, 12, 7, 54, 11, 58, 31, 78, 18, 8]
28  14  1 [11, 58, 31, 78, 18, 8, 6, 5, 52, 17, 64, 12, 7, 54]
29  14  6 [6, 5, 52, 17, 64, 12, 7, 54, 11, 58, 31, 78, 18, 8]
30  14  2 [7, 54, 11, 58, 31, 78, 18, 8, 6, 5, 52, 17, 64, 12]
31  14  0 [31, 78, 18, 8, 6, 5, 52, 17, 64, 12, 7, 54, 11, 58]
32  14  2 [7, 54, 11, 58, 31, 78, 18, 8, 6, 5, 52, 17, 64, 12]
33  14  3 [6, 5, 52, 17, 64, 12, 7, 54, 11, 58, 31, 78, 18, 8]
34  14  4 [8, 6, 5, 52, 17, 64, 12, 7, 54, 11, 58, 31, 78, 18]
35  14  1 [12, 7, 54, 11, 58, 31, 78, 18, 8, 6, 5, 52, 17, 64]
36  14  2 [7, 54, 11, 58, 31, 78, 18, 8, 6, 5, 52, 17, 64, 12]
37  14  4 [6, 5, 52, 17, 64, 12, 7, 54, 11, 58, 31, 78, 18, 8]
38  14  3 [7, 54, 11, 58, 31, 78, 18, 8, 6, 5, 52, 17, 64, 12]
39  14  2 [8, 6, 5, 52, 17, 64, 12, 7, 54, 11, 58, 31, 78, 18]
40  14  1 [11, 58, 31, 78, 18, 8, 6, 5, 52, 17, 64, 12, 7, 54]
41  14  2 [17, 64, 12, 7, 54, 11, 58, 31, 78, 18, 8, 6, 5, 52]
42  14  1 [12, 7, 54, 11, 58, 31, 78, 18, 8, 6, 5, 52, 17, 64]
43  14  4 [12, 7, 54, 11, 58, 31, 78, 18, 8, 6, 5, 52, 17, 64]
44  14  2 [8, 6, 5, 52, 17, 64, 12, 7, 54, 11, 58, 31, 78, 18]
45  14  1 [11, 58, 31, 78, 18, 8, 6, 5, 52, 17, 64, 12, 7, 54]
46  14  3 [7, 54, 11, 58, 31, 78, 18, 8, 6, 5, 52, 17, 64, 12]
47  14  5 [6, 5, 52, 17, 64, 12, 7, 54, 11, 58, 31, 78, 18, 8]
48  14  1 [11, 58, 31, 78, 18, 8, 6, 5, 52, 17, 64, 12, 7, 54]
49  14  3 [6, 5, 52, 17, 64, 12, 7, 54, 11, 58, 31, 78, 18, 8]
50  14  1 [12, 7, 54, 11, 58, 31, 78, 18, 8, 6, 5, 52, 17, 64]
51  14  3 [6, 5, 52, 17, 64, 12, 7, 54, 11, 58, 31, 78, 18, 8]
52  14  0 [52, 17, 64, 12, 7, 54, 11, 58, 31, 78, 18, 8, 6, 5]
53  14  4 [6, 5, 52, 17, 64, 12, 7, 54, 11, 58, 31, 78, 18, 8]
54  14  0 [54, 11, 58, 31, 78, 18, 8, 6, 5, 52, 17, 64, 12, 7]
55  14  2 [8, 6, 5, 52, 17, 64, 12, 7, 54, 11, 58, 31, 78, 18]
56  14  3 [12, 7, 54, 11, 58, 31, 78, 18, 8, 6, 5, 52, 17, 64]
57  14  4 [12, 7, 54, 11, 58, 31, 78, 18, 8, 6, 5, 52, 17, 64]
58  14  0 [58, 31, 78, 18, 8, 6, 5, 52, 17, 64, 12, 7, 54, 11]
59  14  4 [8, 6, 5, 52, 17, 64, 12, 7, 54, 11, 58, 31, 78, 18]
60  14  1 [12, 7, 54, 11, 58, 31, 78, 18, 8, 6, 5, 52, 17, 64]
61  14  4 [12, 7, 54, 11, 58, 31, 78, 18, 8, 6, 5, 52, 17, 64]
62  14  4 [6, 5, 52, 17, 64, 12, 7, 54, 11, 58, 31, 78, 18, 8]
63  14  3 [12, 7, 54, 11, 58, 31, 78, 18, 8, 6, 5, 52, 17, 64]
64  14  0 [64, 12, 7, 54, 11, 58, 31, 78, 18, 8, 6, 5, 52, 17]
65  14  1 [18, 8, 6, 5, 52, 17, 64, 12, 7, 54, 11, 58, 31, 78]
66  14  2 [8, 6, 5, 52, 17, 64, 12, 7, 54, 11, 58, 31, 78, 18]
67  14  4 [6, 5, 52, 17, 64, 12, 7, 54, 11, 58, 31, 78, 18, 8]
68  14  3 [7, 54, 11, 58, 31, 78, 18, 8, 6, 5, 52, 17, 64, 12]
69  14  3 [8, 6, 5, 52, 17, 64, 12, 7, 54, 11, 58, 31, 78, 18]
70  14  3 [6, 5, 52, 17, 64, 12, 7, 54, 11, 58, 31, 78, 18, 8]
71  14  6 [12, 7, 54, 11, 58, 31, 78, 18, 8, 6, 5, 52, 17, 64]
72  14  1 [12, 7, 54, 11, 58, 31, 78, 18, 8, 6, 5, 52, 17, 64]
73  14  4 [6, 5, 52, 17, 64, 12, 7, 54, 11, 58, 31, 78, 18, 8]
74  14  3 [8, 6, 5, 52, 17, 64, 12, 7, 54, 11, 58, 31, 78, 18]
75  14  3 [12, 7, 54, 11, 58, 31, 78, 18, 8, 6, 5, 52, 17, 64]
76  14  5 [6, 5, 52, 17, 64, 12, 7, 54, 11, 58, 31, 78, 18, 8]
77  14  1 [18, 8, 6, 5, 52, 17, 64, 12, 7, 54, 11, 58, 31, 78]
78  14  0 [78, 18, 8, 6, 5, 52, 17, 64, 12, 7, 54, 11, 58, 31]
79  14  3 [8, 6, 5, 52, 17, 64, 12, 7, 54, 11, 58, 31, 78, 18]
80  14  3 [12, 7, 54, 11, 58, 31, 78, 18, 8, 6, 5, 52, 17, 64]
81  14  1 [12, 7, 54, 11, 58, 31, 78, 18, 8, 6, 5, 52, 17, 64]
82  14  5 [12, 7, 54, 11, 58, 31, 78, 18, 8, 6, 5, 52, 17, 64]
83  14  4 [6, 5, 52, 17, 64, 12, 7, 54, 11, 58, 31, 78, 18, 8]
84  14  3 [6, 5, 52, 17, 64, 12, 7, 54, 11, 58, 31, 78, 18, 8]
85  14  4 [12, 7, 54, 11, 58, 31, 78, 18, 8, 6, 5, 52, 17, 64]
86  14  2 [11, 58, 31, 78, 18, 8, 6, 5, 52, 17, 64, 12, 7, 54]
87  14  3 [7, 54, 11, 58, 31, 78, 18, 8, 6, 5, 52, 17, 64, 12]
88  14  1 [17, 64, 12, 7, 54, 11, 58, 31, 78, 18, 8, 6, 5, 52]
89  14  6 [6, 5, 52, 17, 64, 12, 7, 54, 11, 58, 31, 78, 18, 8]
90  14  3 [12, 7, 54, 11, 58, 31, 78, 18, 8, 6, 5, 52, 17, 64]
91  14  3 [6, 5, 52, 17, 64, 12, 7, 54, 11, 58, 31, 78, 18, 8]
92  14  3 [6, 5, 52, 17, 64, 12, 7, 54, 11, 58, 31, 78, 18, 8]
93  14  5 [8, 6, 5, 52, 17, 64, 12, 7, 54, 11, 58, 31, 78, 18]
94  14  4 [6, 5, 52, 17, 64, 12, 7, 54, 11, 58, 31, 78, 18, 8]
95  14  3 [6, 5, 52, 17, 64, 12, 7, 54, 11, 58, 31, 78, 18, 8]
96  14  3 [12, 7, 54, 11, 58, 31, 78, 18, 8, 6, 5, 52, 17, 64]
97  14  4 [6, 5, 52, 17, 64, 12, 7, 54, 11, 58, 31, 78, 18, 8]
98  14  2 [8, 6, 5, 52, 17, 64, 12, 7, 54, 11, 58, 31, 78, 18]
99  14  1 [17, 64, 12, 7, 54, 11, 58, 31, 78, 18, 8, 6, 5, 52]
100  14  3 [6, 5, 52, 17, 64, 12, 7, 54, 11, 58, 31, 78, 18, 8]
