1,1,0,[1]
2,5,13,[6, 5, 105, 15, 8]
3,8,11,[7, 107, 207, 29, 129, 46, 25, 10]
4,1,0,[4]
5,5,4,[105, 15, 8, 6, 5]
6,5,4,[5, 105, 15, 8, 6]
7,8,7,[107, 207, 29, 129, 46, 25, 10, 7]
8,5,4,[6, 5, 105, 15, 8]
9,5,5,[5, 105, 15, 8, 6]
10,8,7,[7, 107, 207, 29, 129, 46, 25, 10]
11,3,2,[111, 40, 11]
12,8,8,[107, 207, 29, 129, 46, 25, 10, 7]
13,5,10,[6, 5, 105, 15, 8]
14,5,6,[5, 105, 15, 8, 6]
15,5,4,[8, 6, 5, 105, 15]
16,5,5,[6, 5, 105, 15, 8]
17,5,10,[5, 105, 15, 8, 6]
18,5,5,[6, 5, 105, 15, 8]
19,5,8,[5, 105, 15, 8, 6]
20,5,6,[5, 105, 15, 8, 6]
21,8,8,[7, 107, 207, 29, 129, 46, 25, 10]
22,5,11,[6, 5, 105, 15, 8]
23,5,7,[8, 6, 5, 105, 15]
24,5,6,[5, 105, 15, 8, 6]
25,8,7,[10, 7, 107, 207, 29, 129, 46, 25]
26,5,5,[8, 6, 5, 105, 15]
27,5,6,[5, 105, 15, 8, 6]
28,3,3,[111, 40, 11]
29,8,7,[129, 46, 25, 10, 7, 107, 207, 29]
30,8,8,[7, 107, 207, 29, 129, 46, 25, 10]
31,8,11,[7, 107, 207, 29, 129, 46, 25, 10]
32,8,8,[7, 107, 207, 29, 129, 46, 25, 10]
33,5,7,[5, 105, 15, 8, 6]
34,5,9,[5, 105, 15, 8, 6]
35,8,9,[107, 207, 29, 129, 46, 25, 10, 7]
36,8,8,[7, 107, 207, 29, 129, 46, 25, 10]
37,5,12,[5, 105, 15, 8, 6]
38,8,9,[7, 107, 207, 29, 129, 46, 25, 10]
39,5,6,[6, 5, 105, 15, 8]
40,3,2,[11, 111, 40]
41,8,11,[107, 207, 29, 129, 46, 25, 10, 7]
42,8,9,[107, 207, 29, 129, 46, 25, 10, 7]
43,5,8,[5, 105, 15, 8, 6]
44,5,5,[8, 6, 5, 105, 15]
45,3,3,[111, 40, 11]
46,8,7,[25, 10, 7, 107, 207, 29, 129, 46]
47,5,12,[5, 105, 15, 8, 6]
48,3,3,[111, 40, 11]
49,5,7,[5, 105, 15, 8, 6]
50,8,9,[107, 207, 29, 129, 46, 25, 10, 7]
51,5,7,[5, 105, 15, 8, 6]
52,5,11,[5, 105, 15, 8, 6]
53,5,9,[8, 6, 5, 105, 15]
54,3,3,[111, 40, 11]
55,5,6,[6, 5, 105, 15, 8]
56,5,11,[6, 5, 105, 15, 8]
57,5,12,[6, 5, 105, 15, 8]
58,8,12,[7, 107, 207, 29, 129, 46, 25, 10]
59,5,13,[6, 5, 105, 15, 8]
60,8,9,[107, 207, 29, 129, 46, 25, 10, 7]
61,8,10,[7, 107, 207, 29, 129, 46, 25, 10]
62,5,8,[5, 105, 15, 8, 6]
63,5,11,[6, 5, 105, 15, 8]
64,8,9,[107, 207, 29, 129, 46, 25, 10, 7]
65,5,6,[6, 5, 105, 15, 8]
66,5,6,[6, 5, 105, 15, 8]
67,5,10,[5, 105, 15, 8, 6]
68,8,9,[7, 107, 207, 29, 129, 46, 25, 10]
69,5,6,[8, 6, 5, 105, 15]
70,5,7,[5, 105, 15, 8, 6]
71,8,9,[10, 7, 107, 207, 29, 129, 46, 25]
72,8,9,[107, 207, 29, 129, 46, 25, 10, 7]
73,5,10,[8, 6, 5, 105, 15]
74,5,7,[6, 5, 105, 15, 8]
75,5,11,[6, 5, 105, 15, 8]
76,5,8,[8, 6, 5, 105, 15]
77,5,6,[6, 5, 105, 15, 8]
78,5,6,[6, 5, 105, 15, 8]
79,5,15,[5, 105, 15, 8, 6]
80,5,11,[6, 5, 105, 15, 8]
81,8,9,[107, 207, 29, 129, 46, 25, 10, 7]
82,5,9,[5, 105, 15, 8, 6]
83,8,11,[107, 207, 29, 129, 46, 25, 10, 7]
84,5,7,[5, 105, 15, 8, 6]
85,5,12,[6, 5, 105, 15, 8]
86,3,4,[111, 40, 11]
87,8,9,[7, 107, 207, 29, 129, 46, 25, 10]
88,5,11,[5, 105, 15, 8, 6]
89,5,7,[6, 5, 105, 15, 8]
90,5,11,[6, 5, 105, 15, 8]
91,5,7,[5, 105, 15, 8, 6]
92,5,7,[5, 105, 15, 8, 6]
93,5,10,[5, 105, 15, 8, 6]
94,5,8,[5, 105, 15, 8, 6]
95,5,7,[5, 105, 15, 8, 6]
96,5,11,[6, 5, 105, 15, 8]
97,5,9,[5, 105, 15, 8, 6]
98,5,6,[6, 5, 105, 15, 8]
99,5,11,[5, 105, 15, 8, 6]
100,5,7,[5, 105, 15, 8, 6]
101,5,9,[5, 105, 15, 8, 6]
102,5,12,[6, 5, 105, 15, 8]
103,8,10,[7, 107, 207, 29, 129, 46, 25, 10]
104,5,9,[5, 105, 15, 8, 6]
105,5,4,[15, 8, 6, 5, 105]
106,5,7,[6, 5, 105, 15, 8]
107,8,7,[207, 29, 129, 46, 25, 10, 7, 107]
108,5,11,[6, 5, 105, 15, 8]
109,8,10,[7, 107, 207, 29, 129, 46, 25, 10]
110,5,6,[6, 5, 105, 15, 8]
111,3,2,[40, 11, 111]
112,5,5,[8, 6, 5, 105, 15]
113,5,9,[6, 5, 105, 15, 8]
114,5,7,[5, 105, 15, 8, 6]
115,3,4,[111, 40, 11]
116,5,8,[5, 105, 15, 8, 6]
117,5,9,[5, 105, 15, 8, 6]
118,8,11,[7, 107, 207, 29, 129, 46, 25, 10]
119,5,7,[5, 105, 15, 8, 6]
120,5,7,[5, 105, 15, 8, 6]
121,5,12,[6, 5, 105, 15, 8]
122,5,12,[6, 5, 105, 15, 8]
123,5,6,[8, 6, 5, 105, 15]
124,8,10,[107, 207, 29, 129, 46, 25, 10, 7]
125,5,5,[8, 6, 5, 105, 15]
126,5,5,[8, 6, 5, 105, 15]
127,5,8,[8, 6, 5, 105, 15]
128,5,7,[5, 105, 15, 8, 6]
129,8,7,[46, 25, 10, 7, 107, 207, 29, 129]
130,5,7,[5, 105, 15, 8, 6]
131,8,10,[7, 107, 207, 29, 129, 46, 25, 10]
132,5,6,[6, 5, 105, 15, 8]
133,5,6,[8, 6, 5, 105, 15]
134,5,7,[8, 6, 5, 105, 15]
135,5,7,[5, 105, 15, 8, 6]
136,5,8,[8, 6, 5, 105, 15]
137,5,11,[5, 105, 15, 8, 6]
138,3,4,[111, 40, 11]
139,5,11,[5, 105, 15, 8, 6]
140,5,6,[6, 5, 105, 15, 8]
141,8,10,[107, 207, 29, 129, 46, 25, 10, 7]
142,5,11,[8, 6, 5, 105, 15]
143,5,7,[5, 105, 15, 8, 6]
144,5,7,[5, 105, 15, 8, 6]
145,5,10,[5, 105, 15, 8, 6]
146,5,12,[6, 5, 105, 15, 8]
147,5,11,[5, 105, 15, 8, 6]
148,8,12,[107, 207, 29, 129, 46, 25, 10, 7]
149,3,6,[111, 40, 11]
150,5,5,[8, 6, 5, 105, 15]
151,5,14,[6, 5, 105, 15, 8]
152,8,8,[10, 7, 107, 207, 29, 129, 46, 25]
153,5,8,[8, 6, 5, 105, 15]
154,5,7,[5, 105, 15, 8, 6]
155,8,9,[7, 107, 207, 29, 129, 46, 25, 10]
156,5,7,[5, 105, 15, 8, 6]
157,5,9,[5, 105, 15, 8, 6]
158,8,10,[107, 207, 29, 129, 46, 25, 10, 7]
159,5,12,[6, 5, 105, 15, 8]
160,5,5,[8, 6, 5, 105, 15]
161,8,9,[7, 107, 207, 29, 129, 46, 25, 10]
162,5,7,[5, 105, 15, 8, 6]
163,8,10,[10, 7, 107, 207, 29, 129, 46, 25]
164,3,4,[111, 40, 11]
165,5,9,[5, 105, 15, 8, 6]
166,5,13,[6, 5, 105, 15, 8]
167,5,9,[5, 105, 15, 8, 6]
168,5,6,[6, 5, 105, 15, 8]
169,5,6,[8, 6, 5, 105, 15]
170,5,7,[5, 105, 15, 8, 6]
171,8,8,[10, 7, 107, 207, 29, 129, 46, 25]
172,5,13,[5, 105, 15, 8, 6]
173,5,9,[8, 6, 5, 105, 15]
174,5,10,[5, 105, 15, 8, 6]
175,5,11,[5, 105, 15, 8, 6]
176,5,9,[5, 105, 15, 8, 6]
177,5,9,[5, 105, 15, 8, 6]
178,5,8,[5, 105, 15, 8, 6]
179,5,14,[5, 105, 15, 8, 6]
180,5,5,[8, 6, 5, 105, 15]
181,5,10,[5, 105, 15, 8, 6]
182,5,12,[6, 5, 105, 15, 8]
183,8,10,[107, 207, 29, 129, 46, 25, 10, 7]
184,8,8,[129, 46, 25, 10, 7, 107, 207, 29]
185,8,10,[107, 207, 29, 129, 46, 25, 10, 7]
186,8,9,[7, 107, 207, 29, 129, 46, 25, 10]
187,3,4,[111, 40, 11]
188,5,8,[5, 105, 15, 8, 6]
189,5,6,[6, 5, 105, 15, 8]
190,5,6,[8, 6, 5, 105, 15]
191,5,9,[5, 105, 15, 8, 6]
192,5,5,[8, 6, 5, 105, 15]
193,5,10,[8, 6, 5, 105, 15]
194,5,12,[5, 105, 15, 8, 6]
195,8,9,[7, 107, 207, 29, 129, 46, 25, 10]
196,5,6,[6, 5, 105, 15, 8]
197,5,8,[5, 105, 15, 8, 6]
198,5,9,[5, 105, 15, 8, 6]
199,8,10,[7, 107, 207, 29, 129, 46, 25, 10]
200,5,6,[6, 5, 105, 15, 8]
