1,1,0,[1]
2,6,9,[6, 5, 181, 357, 27, 9]
3,6,14,[5, 181, 357, 27, 9, 6]
4,1,0,[4]
5,6,5,[181, 357, 27, 9, 6, 5]
6,6,5,[5, 181, 357, 27, 9, 6]
7,4,3,[183, 64, 12, 7]
8,6,6,[5, 181, 357, 27, 9, 6]
9,6,5,[6, 5, 181, 357, 27, 9]
10,4,4,[183, 64, 12, 7]
11,3,2,[187, 28, 11]
12,4,3,[7, 183, 64, 12]
13,6,9,[5, 181, 357, 27, 9, 6]
14,6,6,[6, 5, 181, 357, 27, 9]
15,6,7,[5, 181, 357, 27, 9, 6]
16,6,7,[5, 181, 357, 27, 9, 6]
17,4,14,[183, 64, 12, 7]
18,6,7,[5, 181, 357, 27, 9, 6]
19,4,7,[183, 64, 12, 7]
20,6,6,[6, 5, 181, 357, 27, 9]
21,4,5,[183, 64, 12, 7]
22,6,10,[5, 181, 357, 27, 9, 6]
23,6,10,[5, 181, 357, 27, 9, 6]
24,6,6,[6, 5, 181, 357, 27, 9]
25,4,5,[183, 64, 12, 7]
26,6,8,[5, 181, 357, 27, 9, 6]
27,6,5,[9, 6, 5, 181, 357, 27]
28,3,2,[11, 187, 28]
29,4,8,[183, 64, 12, 7]
30,4,5,[183, 64, 12, 7]
31,4,10,[183, 64, 12, 7]
32,4,5,[183, 64, 12, 7]
33,6,7,[6, 5, 181, 357, 27, 9]
34,4,8,[183, 64, 12, 7]
35,4,4,[7, 183, 64, 12]
36,4,5,[183, 64, 12, 7]
37,6,11,[5, 181, 357, 27, 9, 6]
38,4,6,[183, 64, 12, 7]
39,6,8,[5, 181, 357, 27, 9, 6]
40,3,3,[187, 28, 11]
41,4,8,[183, 64, 12, 7]
42,4,4,[7, 183, 64, 12]
43,6,13,[5, 181, 357, 27, 9, 6]
44,6,8,[5, 181, 357, 27, 9, 6]
45,3,3,[187, 28, 11]
46,4,6,[183, 64, 12, 7]
47,4,11,[183, 64, 12, 7]
48,3,3,[187, 28, 11]
49,6,7,[6, 5, 181, 357, 27, 9]
50,4,4,[7, 183, 64, 12]
51,6,7,[6, 5, 181, 357, 27, 9]
52,4,15,[183, 64, 12, 7]
53,4,17,[183, 64, 12, 7]
54,3,3,[187, 28, 11]
55,6,8,[5, 181, 357, 27, 9, 6]
56,6,10,[5, 181, 357, 27, 9, 6]
57,6,11,[5, 181, 357, 27, 9, 6]
58,4,11,[183, 64, 12, 7]
59,4,17,[183, 64, 12, 7]
60,4,4,[7, 183, 64, 12]
61,6,16,[5, 181, 357, 27, 9, 6]
62,6,8,[6, 5, 181, 357, 27, 9]
63,6,10,[5, 181, 357, 27, 9, 6]
64,4,3,[12, 7, 183, 64]
65,6,8,[5, 181, 357, 27, 9, 6]
66,6,8,[5, 181, 357, 27, 9, 6]
67,6,9,[5, 181, 357, 27, 9, 6]
68,4,6,[183, 64, 12, 7]
69,6,9,[5, 181, 357, 27, 9, 6]
70,6,7,[6, 5, 181, 357, 27, 9]
71,4,7,[183, 64, 12, 7]
72,4,4,[7, 183, 64, 12]
73,3,6,[187, 28, 11]
74,6,9,[5, 181, 357, 27, 9, 6]
75,6,10,[5, 181, 357, 27, 9, 6]
76,6,11,[5, 181, 357, 27, 9, 6]
77,6,8,[5, 181, 357, 27, 9, 6]
78,6,8,[5, 181, 357, 27, 9, 6]
79,4,7,[183, 64, 12, 7]
80,6,10,[5, 181, 357, 27, 9, 6]
81,4,4,[7, 183, 64, 12]
82,6,14,[5, 181, 357, 27, 9, 6]
83,6,10,[5, 181, 357, 27, 9, 6]
84,6,7,[6, 5, 181, 357, 27, 9]
85,6,11,[5, 181, 357, 27, 9, 6]
86,3,4,[187, 28, 11]
87,4,6,[183, 64, 12, 7]
88,4,15,[183, 64, 12, 7]
89,4,13,[183, 64, 12, 7]
90,6,10,[5, 181, 357, 27, 9, 6]
91,6,7,[6, 5, 181, 357, 27, 9]
92,6,6,[9, 6, 5, 181, 357, 27]
93,4,9,[183, 64, 12, 7]
94,6,8,[6, 5, 181, 357, 27, 9]
95,6,7,[6, 5, 181, 357, 27, 9]
96,6,10,[5, 181, 357, 27, 9, 6]
97,6,12,[5, 181, 357, 27, 9, 6]
98,6,8,[5, 181, 357, 27, 9, 6]
99,4,15,[183, 64, 12, 7]
100,6,7,[6, 5, 181, 357, 27, 9]
101,6,10,[6, 5, 181, 357, 27, 9]
102,6,11,[5, 181, 357, 27, 9, 6]
103,6,13,[5, 181, 357, 27, 9, 6]
104,4,8,[183, 64, 12, 7]
105,6,8,[5, 181, 357, 27, 9, 6]
106,6,9,[5, 181, 357, 27, 9, 6]
107,6,11,[5, 181, 357, 27, 9, 6]
108,6,10,[5, 181, 357, 27, 9, 6]
109,6,7,[9, 6, 5, 181, 357, 27]
110,6,8,[5, 181, 357, 27, 9, 6]
111,3,4,[187, 28, 11]
112,6,8,[5, 181, 357, 27, 9, 6]
113,4,10,[183, 64, 12, 7]
114,6,7,[6, 5, 181, 357, 27, 9]
115,3,3,[11, 187, 28]
116,6,8,[6, 5, 181, 357, 27, 9]
117,4,8,[183, 64, 12, 7]
118,6,17,[5, 181, 357, 27, 9, 6]
119,6,7,[6, 5, 181, 357, 27, 9]
120,6,7,[6, 5, 181, 357, 27, 9]
121,6,11,[5, 181, 357, 27, 9, 6]
122,6,11,[5, 181, 357, 27, 9, 6]
123,6,9,[5, 181, 357, 27, 9, 6]
124,4,5,[7, 183, 64, 12]
125,6,8,[5, 181, 357, 27, 9, 6]
126,6,8,[5, 181, 357, 27, 9, 6]
127,4,10,[183, 64, 12, 7]
128,6,7,[6, 5, 181, 357, 27, 9]
129,4,7,[183, 64, 12, 7]
130,6,7,[6, 5, 181, 357, 27, 9]
131,6,10,[6, 5, 181, 357, 27, 9]
132,6,8,[5, 181, 357, 27, 9, 6]
133,6,9,[5, 181, 357, 27, 9, 6]
134,6,10,[5, 181, 357, 27, 9, 6]
135,6,7,[6, 5, 181, 357, 27, 9]
136,6,11,[5, 181, 357, 27, 9, 6]
137,6,15,[5, 181, 357, 27, 9, 6]
138,3,3,[11, 187, 28]
139,6,9,[5, 181, 357, 27, 9, 6]
140,6,8,[5, 181, 357, 27, 9, 6]
141,4,5,[7, 183, 64, 12]
142,3,7,[187, 28, 11]
143,6,7,[6, 5, 181, 357, 27, 9]
144,6,7,[6, 5, 181, 357, 27, 9]
145,4,9,[183, 64, 12, 7]
146,6,11,[5, 181, 357, 27, 9, 6]
147,4,15,[183, 64, 12, 7]
148,4,9,[183, 64, 12, 7]
149,6,12,[5, 181, 357, 27, 9, 6]
150,6,8,[5, 181, 357, 27, 9, 6]
151,6,10,[5, 181, 357, 27, 9, 6]
152,4,6,[183, 64, 12, 7]
153,6,11,[5, 181, 357, 27, 9, 6]
154,6,7,[6, 5, 181, 357, 27, 9]
155,4,6,[183, 64, 12, 7]
156,6,7,[6, 5, 181, 357, 27, 9]
157,6,15,[5, 181, 357, 27, 9, 6]
158,4,5,[7, 183, 64, 12]
159,6,11,[5, 181, 357, 27, 9, 6]
160,6,8,[5, 181, 357, 27, 9, 6]
161,4,6,[183, 64, 12, 7]
162,6,7,[6, 5, 181, 357, 27, 9]
163,6,10,[6, 5, 181, 357, 27, 9]
164,3,4,[187, 28, 11]
165,4,8,[183, 64, 12, 7]
166,6,12,[5, 181, 357, 27, 9, 6]
167,4,7,[183, 64, 12, 7]
168,6,8,[5, 181, 357, 27, 9, 6]
169,6,9,[5, 181, 357, 27, 9, 6]
170,6,7,[6, 5, 181, 357, 27, 9]
171,4,6,[183, 64, 12, 7]
172,4,12,[183, 64, 12, 7]
173,6,9,[6, 5, 181, 357, 27, 9]
174,4,9,[183, 64, 12, 7]
175,4,15,[183, 64, 12, 7]
176,4,8,[183, 64, 12, 7]
177,6,9,[6, 5, 181, 357, 27, 9]
178,6,8,[6, 5, 181, 357, 27, 9]
179,6,13,[5, 181, 357, 27, 9, 6]
180,6,8,[5, 181, 357, 27, 9, 6]
181,6,5,[357, 27, 9, 6, 5, 181]
182,6,11,[5, 181, 357, 27, 9, 6]
183,4,3,[64, 12, 7, 183]
184,4,9,[183, 64, 12, 7]
185,4,5,[7, 183, 64, 12]
186,4,6,[183, 64, 12, 7]
187,3,2,[28, 11, 187]
188,6,8,[6, 5, 181, 357, 27, 9]
189,6,8,[5, 181, 357, 27, 9, 6]
190,6,9,[5, 181, 357, 27, 9, 6]
191,4,12,[183, 64, 12, 7]
192,6,8,[5, 181, 357, 27, 9, 6]
193,4,13,[183, 64, 12, 7]
194,4,16,[183, 64, 12, 7]
195,4,6,[183, 64, 12, 7]
196,6,8,[5, 181, 357, 27, 9, 6]
197,6,12,[5, 181, 357, 27, 9, 6]
198,4,8,[183, 64, 12, 7]
199,6,9,[5, 181, 357, 27, 9, 6]
200,6,8,[5, 181, 357, 27, 9, 6]
