1  1  [1]
2  6  [5, 116, 33, 14, 9, 6]
3  6  [14, 9, 6, 5, 116, 33]
4  1  [4]
5  6  [33, 14, 9, 6, 5, 116]
6  6  [116, 33, 14, 9, 6, 5]
7  8  [7, 118, 61, 172, 47, 158, 81, 12]
8  6  [5, 116, 33, 14, 9, 6]
9  6  [5, 116, 33, 14, 9, 6]
10  8  [12, 7, 118, 61, 172, 47, 158, 81]
11  8  [118, 61, 172, 47, 158, 81, 12, 7]
12  8  [12, 7, 118, 61, 172, 47, 158, 81]
13  8  [47, 158, 81, 12, 7, 118, 61, 172]
14  6  [6, 5, 116, 33, 14, 9]
15  6  [6, 5, 116, 33, 14, 9]
16  6  [6, 5, 116, 33, 14, 9]
17  6  [14, 9, 6, 5, 116, 33]
18  6  [6, 5, 116, 33, 14, 9]
19  6  [14, 9, 6, 5, 116, 33]
20  6  [6, 5, 116, 33, 14, 9]
21  8  [81, 12, 7, 118, 61, 172, 47, 158]
22  8  [172, 47, 158, 81, 12, 7, 118, 61]
23  6  [116, 33, 14, 9, 6, 5]
24  6  [6, 5, 116, 33, 14, 9]
25  8  [81, 12, 7, 118, 61, 172, 47, 158]
26  6  [9, 6, 5, 116, 33, 14]
27  6  [6, 5, 116, 33, 14, 9]
28  8  [7, 118, 61, 172, 47, 158, 81, 12]
29  6  [14, 9, 6, 5, 116, 33]
30  8  [81, 12, 7, 118, 61, 172, 47, 158]
31  6  [6, 5, 116, 33, 14, 9]
32  8  [81, 12, 7, 118, 61, 172, 47, 158]
33  6  [9, 6, 5, 116, 33, 14]
34  6  [33, 14, 9, 6, 5, 116]
35  8  [81, 12, 7, 118, 61, 172, 47, 158]
36  8  [81, 12, 7, 118, 61, 172, 47, 158]
37  8  [61, 172, 47, 158, 81, 12, 7, 118]
38  8  [158, 81, 12, 7, 118, 61, 172, 47]
39  6  [9, 6, 5, 116, 33, 14]
40  8  [7, 118, 61, 172, 47, 158, 81, 12]
41  8  [47, 158, 81, 12, 7, 118, 61, 172]
42  8  [81, 12, 7, 118, 61, 172, 47, 158]
43  6  [14, 9, 6, 5, 116, 33]
44  6  [9, 6, 5, 116, 33, 14]
45  8  [7, 118, 61, 172, 47, 158, 81, 12]
46  8  [158, 81, 12, 7, 118, 61, 172, 47]
47  8  [47, 158, 81, 12, 7, 118, 61, 172]
48  8  [7, 118, 61, 172, 47, 158, 81, 12]
49  6  [9, 6, 5, 116, 33, 14]
50  8  [81, 12, 7, 118, 61, 172, 47, 158]
51  6  [9, 6, 5, 116, 33, 14]
52  6  [33, 14, 9, 6, 5, 116]
53  8  [81, 12, 7, 118, 61, 172, 47, 158]
54  8  [7, 118, 61, 172, 47, 158, 81, 12]
55  6  [9, 6, 5, 116, 33, 14]
56  8  [172, 47, 158, 81, 12, 7, 118, 61]
57  8  [61, 172, 47, 158, 81, 12, 7, 118]
58  6  [9, 6, 5, 116, 33, 14]
59  6  [14, 9, 6, 5, 116, 33]
60  8  [81, 12, 7, 118, 61, 172, 47, 158]
61  8  [61, 172, 47, 158, 81, 12, 7, 118]
62  6  [14, 9, 6, 5, 116, 33]
63  8  [172, 47, 158, 81, 12, 7, 118, 61]
64  8  [81, 12, 7, 118, 61, 172, 47, 158]
65  6  [9, 6, 5, 116, 33, 14]
66  6  [9, 6, 5, 116, 33, 14]
67  6  [33, 14, 9, 6, 5, 116]
68  8  [158, 81, 12, 7, 118, 61, 172, 47]
69  6  [14, 9, 6, 5, 116, 33]
70  6  [9, 6, 5, 116, 33, 14]
71  8  [118, 61, 172, 47, 158, 81, 12, 7]
72  8  [81, 12, 7, 118, 61, 172, 47, 158]
73  6  [116, 33, 14, 9, 6, 5]
74  6  [14, 9, 6, 5, 116, 33]
75  8  [172, 47, 158, 81, 12, 7, 118, 61]
76  6  [5, 116, 33, 14, 9, 6]
77  6  [9, 6, 5, 116, 33, 14]
78  6  [9, 6, 5, 116, 33, 14]
79  6  [33, 14, 9, 6, 5, 116]
80  8  [172, 47, 158, 81, 12, 7, 118, 61]
81  8  [81, 12, 7, 118, 61, 172, 47, 158]
82  6  [33, 14, 9, 6, 5, 116]
83  6  [5, 116, 33, 14, 9, 6]
84  6  [9, 6, 5, 116, 33, 14]
85  8  [61, 172, 47, 158, 81, 12, 7, 118]
86  8  [12, 7, 118, 61, 172, 47, 158, 81]
87  8  [158, 81, 12, 7, 118, 61, 172, 47]
88  6  [33, 14, 9, 6, 5, 116]
89  6  [14, 9, 6, 5, 116, 33]
90  8  [172, 47, 158, 81, 12, 7, 118, 61]
91  6  [9, 6, 5, 116, 33, 14]
92  6  [9, 6, 5, 116, 33, 14]
93  6  [116, 33, 14, 9, 6, 5]
94  6  [14, 9, 6, 5, 116, 33]
95  6  [9, 6, 5, 116, 33, 14]
96  8  [172, 47, 158, 81, 12, 7, 118, 61]
97  8  [47, 158, 81, 12, 7, 118, 61, 172]
98  6  [9, 6, 5, 116, 33, 14]
99  6  [33, 14, 9, 6, 5, 116]
100  6  [9, 6, 5, 116, 33, 14]
101  8  [7, 118, 61, 172, 47, 158, 81, 12]
102  8  [61, 172, 47, 158, 81, 12, 7, 118]
103  6  [116, 33, 14, 9, 6, 5]
104  6  [33, 14, 9, 6, 5, 116]
