1  1  0 [1]
2  6  3 [33, 14, 9, 6, 5, 62]
3  3  2 [12, 7, 64]
4  1  0 [4]
5  6  0 [5, 62, 33, 14, 9, 6]
6  6  0 [6, 5, 62, 33, 14, 9]
7  3  0 [7, 64, 12]
8  6  1 [6, 5, 62, 33, 14, 9]
9  6  0 [9, 6, 5, 62, 33, 14]
10  3  1 [7, 64, 12]
11  3  4 [7, 64, 12]
12  3  0 [12, 7, 64]
13  6  2 [14, 9, 6, 5, 62, 33]
14  6  0 [14, 9, 6, 5, 62, 33]
15  6  2 [6, 5, 62, 33, 14, 9]
16  6  2 [6, 5, 62, 33, 14, 9]
17  6  5 [6, 5, 62, 33, 14, 9]
18  6  2 [6, 5, 62, 33, 14, 9]
19  6  6 [14, 9, 6, 5, 62, 33]
20  6  1 [9, 6, 5, 62, 33, 14]
21  3  2 [7, 64, 12]
22  6  3 [14, 9, 6, 5, 62, 33]
23  6  4 [14, 9, 6, 5, 62, 33]
24  6  1 [9, 6, 5, 62, 33, 14]
25  3  2 [7, 64, 12]
26  6  3 [6, 5, 62, 33, 14, 9]
27  6  1 [9, 6, 5, 62, 33, 14]
28  3  5 [7, 64, 12]
29  3  7 [7, 64, 12]
30  3  2 [7, 64, 12]
31  6  7 [6, 5, 62, 33, 14, 9]
32  3  2 [7, 64, 12]
33  6  0 [33, 14, 9, 6, 5, 62]
34  6  7 [14, 9, 6, 5, 62, 33]
35  3  1 [12, 7, 64]
36  3  2 [7, 64, 12]
37  6  3 [14, 9, 6, 5, 62, 33]
38  3  3 [7, 64, 12]
39  6  3 [6, 5, 62, 33, 14, 9]
40  3  5 [7, 64, 12]
41  6  4 [6, 5, 62, 33, 14, 9]
42  3  1 [12, 7, 64]
43  6  2 [14, 9, 6, 5, 62, 33]
44  6  3 [6, 5, 62, 33, 14, 9]
45  3  5 [7, 64, 12]
46  3  3 [7, 64, 12]
47  6  8 [14, 9, 6, 5, 62, 33]
48  3  5 [7, 64, 12]
49  6  1 [14, 9, 6, 5, 62, 33]
50  3  1 [12, 7, 64]
51  6  2 [9, 6, 5, 62, 33, 14]
52  6  6 [6, 5, 62, 33, 14, 9]
53  6  4 [6, 5, 62, 33, 14, 9]
54  3  5 [7, 64, 12]
55  6  3 [6, 5, 62, 33, 14, 9]
56  6  3 [14, 9, 6, 5, 62, 33]
57  6  4 [14, 9, 6, 5, 62, 33]
58  6  8 [6, 5, 62, 33, 14, 9]
59  6  2 [33, 14, 9, 6, 5, 62]
60  3  1 [12, 7, 64]
61  2  0 [61, 118]
62  6  0 [62, 33, 14, 9, 6, 5]
63  6  3 [14, 9, 6, 5, 62, 33]
64  3  0 [64, 12, 7]
65  6  3 [6, 5, 62, 33, 14, 9]
66  6  3 [6, 5, 62, 33, 14, 9]
67  3  3 [12, 7, 64]
68  3  3 [7, 64, 12]
69  6  4 [6, 5, 62, 33, 14, 9]
70  6  1 [14, 9, 6, 5, 62, 33]
71  6  2 [14, 9, 6, 5, 62, 33]
72  3  1 [12, 7, 64]
73  6  3 [9, 6, 5, 62, 33, 14]
74  6  4 [6, 5, 62, 33, 14, 9]
75  6  3 [14, 9, 6, 5, 62, 33]
76  6  5 [14, 9, 6, 5, 62, 33]
77  6  3 [6, 5, 62, 33, 14, 9]
78  6  3 [6, 5, 62, 33, 14, 9]
79  6  6 [14, 9, 6, 5, 62, 33]
80  6  3 [14, 9, 6, 5, 62, 33]
81  3  1 [12, 7, 64]
82  6  3 [14, 9, 6, 5, 62, 33]
83  6  4 [6, 5, 62, 33, 14, 9]
84  6  1 [14, 9, 6, 5, 62, 33]
85  6  4 [14, 9, 6, 5, 62, 33]
86  3  6 [7, 64, 12]
87  3  3 [7, 64, 12]
88  6  6 [6, 5, 62, 33, 14, 9]
89  6  5 [14, 9, 6, 5, 62, 33]
90  6  3 [14, 9, 6, 5, 62, 33]
91  6  2 [9, 6, 5, 62, 33, 14]
92  6  2 [9, 6, 5, 62, 33, 14]
93  6  8 [14, 9, 6, 5, 62, 33]
94  6  2 [14, 9, 6, 5, 62, 33]
95  6  2 [9, 6, 5, 62, 33, 14]
96  6  3 [14, 9, 6, 5, 62, 33]
97  6  3 [9, 6, 5, 62, 33, 14]
98  6  3 [6, 5, 62, 33, 14, 9]
99  6  6 [6, 5, 62, 33, 14, 9]
100  6  1 [14, 9, 6, 5, 62, 33]
