1  1  [1]
2  7  [7, 146, 75, 13, 152, 25, 10]
3  7  [146, 75, 13, 152, 25, 10, 7]
4  1  [4]
5  5  [14, 9, 6, 5, 144]
6  5  [144, 14, 9, 6, 5]
7  7  [152, 25, 10, 7, 146, 75, 13]
8  5  [5, 144, 14, 9, 6]
9  5  [5, 144, 14, 9, 6]
10  7  [13, 152, 25, 10, 7, 146, 75]
11  5  [14, 9, 6, 5, 144]
12  7  [13, 152, 25, 10, 7, 146, 75]
13  7  [7, 146, 75, 13, 152, 25, 10]
14  5  [6, 5, 144, 14, 9]
15  5  [6, 5, 144, 14, 9]
16  5  [6, 5, 144, 14, 9]
17  5  [14, 9, 6, 5, 144]
18  5  [6, 5, 144, 14, 9]
19  7  [7, 146, 75, 13, 152, 25, 10]
20  5  [6, 5, 144, 14, 9]
21  7  [75, 13, 152, 25, 10, 7, 146]
22  7  [10, 7, 146, 75, 13, 152, 25]
23  5  [14, 9, 6, 5, 144]
24  5  [6, 5, 144, 14, 9]
25  7  [75, 13, 152, 25, 10, 7, 146]
26  5  [9, 6, 5, 144, 14]
27  5  [6, 5, 144, 14, 9]
28  5  [144, 14, 9, 6, 5]
29  5  [14, 9, 6, 5, 144]
30  7  [75, 13, 152, 25, 10, 7, 146]
31  5  [14, 9, 6, 5, 144]
32  7  [75, 13, 152, 25, 10, 7, 146]
33  5  [9, 6, 5, 144, 14]
34  7  [10, 7, 146, 75, 13, 152, 25]
35  7  [75, 13, 152, 25, 10, 7, 146]
36  7  [75, 13, 152, 25, 10, 7, 146]
37  7  [25, 10, 7, 146, 75, 13, 152]
38  7  [146, 75, 13, 152, 25, 10, 7]
39  5  [9, 6, 5, 144, 14]
40  5  [144, 14, 9, 6, 5]
41  5  [14, 9, 6, 5, 144]
42  7  [75, 13, 152, 25, 10, 7, 146]
43  7  [152, 25, 10, 7, 146, 75, 13]
44  5  [9, 6, 5, 144, 14]
45  5  [144, 14, 9, 6, 5]
46  7  [146, 75, 13, 152, 25, 10, 7]
47  7  [7, 146, 75, 13, 152, 25, 10]
48  5  [144, 14, 9, 6, 5]
49  5  [9, 6, 5, 144, 14]
50  7  [75, 13, 152, 25, 10, 7, 146]
51  5  [9, 6, 5, 144, 14]
52  5  [144, 14, 9, 6, 5]
53  5  [14, 9, 6, 5, 144]
54  5  [144, 14, 9, 6, 5]
55  5  [9, 6, 5, 144, 14]
56  7  [10, 7, 146, 75, 13, 152, 25]
57  7  [25, 10, 7, 146, 75, 13, 152]
58  5  [144, 14, 9, 6, 5]
59  7  [25, 10, 7, 146, 75, 13, 152]
60  7  [75, 13, 152, 25, 10, 7, 146]
61  5  [14, 9, 6, 5, 144]
62  5  [14, 9, 6, 5, 144]
63  7  [10, 7, 146, 75, 13, 152, 25]
64  7  [75, 13, 152, 25, 10, 7, 146]
65  5  [9, 6, 5, 144, 14]
66  5  [9, 6, 5, 144, 14]
67  5  [144, 14, 9, 6, 5]
68  7  [146, 75, 13, 152, 25, 10, 7]
69  5  [14, 9, 6, 5, 144]
70  5  [9, 6, 5, 144, 14]
71  5  [5, 144, 14, 9, 6]
72  7  [75, 13, 152, 25, 10, 7, 146]
73  7  [13, 152, 25, 10, 7, 146, 75]
74  5  [14, 9, 6, 5, 144]
75  7  [10, 7, 146, 75, 13, 152, 25]
76  5  [144, 14, 9, 6, 5]
77  5  [9, 6, 5, 144, 14]
78  5  [9, 6, 5, 144, 14]
79  5  [9, 6, 5, 144, 14]
80  7  [10, 7, 146, 75, 13, 152, 25]
81  7  [75, 13, 152, 25, 10, 7, 146]
82  7  [13, 152, 25, 10, 7, 146, 75]
83  7  [7, 146, 75, 13, 152, 25, 10]
84  5  [9, 6, 5, 144, 14]
85  7  [25, 10, 7, 146, 75, 13, 152]
86  5  [5, 144, 14, 9, 6]
87  7  [146, 75, 13, 152, 25, 10, 7]
88  5  [144, 14, 9, 6, 5]
89  5  [144, 14, 9, 6, 5]
90  7  [10, 7, 146, 75, 13, 152, 25]
91  5  [9, 6, 5, 144, 14]
92  5  [9, 6, 5, 144, 14]
93  7  [25, 10, 7, 146, 75, 13, 152]
94  5  [14, 9, 6, 5, 144]
95  5  [9, 6, 5, 144, 14]
96  7  [10, 7, 146, 75, 13, 152, 25]
97  7  [152, 25, 10, 7, 146, 75, 13]
98  5  [9, 6, 5, 144, 14]
99  5  [144, 14, 9, 6, 5]
100  5  [9, 6, 5, 144, 14]
101  5  [14, 9, 6, 5, 144]
102  7  [25, 10, 7, 146, 75, 13, 152]
103  5  [14, 9, 6, 5, 144]
104  7  [10, 7, 146, 75, 13, 152, 25]
