1,1,0,[1],[0]
2,9,5,[5, 6, 8, 15, 23, 76, 243, 938, 956],[1, 0, 0, 0, 1, 0, 0, 0, 0]
3,3,6,[13, 56, 946],[1, 0, 0]
4,1,0,[4],[0]
5,9,0,[5, 6, 8, 15, 23, 76, 243, 938, 956],[1, 0, 0, 0, 1, 0, 0, 0, 0]
6,9,0,[5, 6, 8, 15, 23, 76, 243, 938, 956],[1, 0, 0, 0, 1, 0, 0, 0, 0]
7,3,2,[13, 56, 946],[1, 0, 0]
8,9,0,[5, 6, 8, 15, 23, 76, 243, 938, 956],[1, 0, 0, 0, 1, 0, 0, 0, 0]
9,9,1,[5, 6, 8, 15, 23, 76, 243, 938, 956],[1, 0, 0, 0, 1, 0, 0, 0, 0]
10,3,3,[13, 56, 946],[1, 0, 0]
11,3,8,[13, 56, 946],[1, 0, 0]
12,3,3,[13, 56, 946],[1, 0, 0]
13,3,0,[13, 56, 946],[1, 0, 0]
14,9,2,[5, 6, 8, 15, 23, 76, 243, 938, 956],[1, 0, 0, 0, 1, 0, 0, 0, 0]
15,9,0,[5, 6, 8, 15, 23, 76, 243, 938, 956],[1, 0, 0, 0, 1, 0, 0, 0, 0]
16,9,1,[5, 6, 8, 15, 23, 76, 243, 938, 956],[1, 0, 0, 0, 1, 0, 0, 0, 0]
17,3,11,[13, 56, 946],[1, 0, 0]
18,9,1,[5, 6, 8, 15, 23, 76, 243, 938, 956],[1, 0, 0, 0, 1, 0, 0, 0, 0]
19,3,6,[13, 56, 946],[1, 0, 0]
20,9,2,[5, 6, 8, 15, 23, 76, 243, 938, 956],[1, 0, 0, 0, 1, 0, 0, 0, 0]
21,3,4,[13, 56, 946],[1, 0, 0]
22,3,1,[13, 56, 946],[1, 0, 0]
23,9,0,[5, 6, 8, 15, 23, 76, 243, 938, 956],[1, 0, 0, 0, 1, 0, 0, 0, 0]
24,9,2,[5, 6, 8, 15, 23, 76, 243, 938, 956],[1, 0, 0, 0, 1, 0, 0, 0, 0]
25,3,4,[13, 56, 946],[1, 0, 0]
26,9,1,[5, 6, 8, 15, 23, 76, 243, 938, 956],[1, 0, 0, 0, 1, 0, 0, 0, 0]
27,9,2,[5, 6, 8, 15, 23, 76, 243, 938, 956],[1, 0, 0, 0, 1, 0, 0, 0, 0]
28,3,9,[13, 56, 946],[1, 0, 0]
29,3,14,[13, 56, 946],[1, 0, 0]
30,3,4,[13, 56, 946],[1, 0, 0]
31,3,9,[13, 56, 946],[1, 0, 0]
32,3,4,[13, 56, 946],[1, 0, 0]
33,9,3,[5, 6, 8, 15, 23, 76, 243, 938, 956],[1, 0, 0, 0, 1, 0, 0, 0, 0]
34,3,7,[13, 56, 946],[1, 0, 0]
35,3,4,[13, 56, 946],[1, 0, 0]
36,3,4,[13, 56, 946],[1, 0, 0]
37,3,9,[13, 56, 946],[1, 0, 0]
38,3,5,[13, 56, 946],[1, 0, 0]
39,9,2,[5, 6, 8, 15, 23, 76, 243, 938, 956],[1, 0, 0, 0, 1, 0, 0, 0, 0]
40,3,9,[13, 56, 946],[1, 0, 0]
41,3,6,[13, 56, 946],[1, 0, 0]
42,3,4,[13, 56, 946],[1, 0, 0]
43,9,4,[5, 6, 8, 15, 23, 76, 243, 938, 956],[1, 0, 0, 0, 1, 0, 0, 0, 0]
44,9,1,[5, 6, 8, 15, 23, 76, 243, 938, 956],[1, 0, 0, 0, 1, 0, 0, 0, 0]
45,3,9,[13, 56, 946],[1, 0, 0]
46,3,5,[13, 56, 946],[1, 0, 0]
47,9,2,[5, 6, 8, 15, 23, 76, 243, 938, 956],[1, 0, 0, 0, 1, 0, 0, 0, 0]
48,3,9,[13, 56, 946],[1, 0, 0]
49,9,3,[5, 6, 8, 15, 23, 76, 243, 938, 956],[1, 0, 0, 0, 1, 0, 0, 0, 0]
50,3,4,[13, 56, 946],[1, 0, 0]
51,9,3,[5, 6, 8, 15, 23, 76, 243, 938, 956],[1, 0, 0, 0, 1, 0, 0, 0, 0]
52,3,12,[13, 56, 946],[1, 0, 0]
53,3,11,[13, 56, 946],[1, 0, 0]
54,3,9,[13, 56, 946],[1, 0, 0]
55,9,2,[5, 6, 8, 15, 23, 76, 243, 938, 956],[1, 0, 0, 0, 1, 0, 0, 0, 0]
56,3,0,[13, 56, 946],[1, 0, 0]
57,3,2,[13, 56, 946],[1, 0, 0]
58,3,10,[13, 56, 946],[1, 0, 0]
59,3,8,[13, 56, 946],[1, 0, 0]
60,3,4,[13, 56, 946],[1, 0, 0]
61,3,3,[13, 56, 946],[1, 0, 0]
62,9,4,[5, 6, 8, 15, 23, 76, 243, 938, 956],[1, 0, 0, 0, 1, 0, 0, 0, 0]
63,3,1,[13, 56, 946],[1, 0, 0]
64,3,4,[13, 56, 946],[1, 0, 0]
65,9,2,[5, 6, 8, 15, 23, 76, 243, 938, 956],[1, 0, 0, 0, 1, 0, 0, 0, 0]
66,9,2,[5, 6, 8, 15, 23, 76, 243, 938, 956],[1, 0, 0, 0, 1, 0, 0, 0, 0]
67,3,6,[13, 56, 946],[1, 0, 0]
68,3,5,[13, 56, 946],[1, 0, 0]
69,9,2,[5, 6, 8, 15, 23, 76, 243, 938, 956],[1, 0, 0, 0, 1, 0, 0, 0, 0]
70,9,3,[5, 6, 8, 15, 23, 76, 243, 938, 956],[1, 0, 0, 0, 1, 0, 0, 0, 0]
71,3,7,[13, 56, 946],[1, 0, 0]
72,3,4,[13, 56, 946],[1, 0, 0]
73,9,6,[5, 6, 8, 15, 23, 76, 243, 938, 956],[1, 0, 0, 0, 1, 0, 0, 0, 0]
74,9,3,[5, 6, 8, 15, 23, 76, 243, 938, 956],[1, 0, 0, 0, 1, 0, 0, 0, 0]
75,3,1,[13, 56, 946],[1, 0, 0]
76,9,0,[5, 6, 8, 15, 23, 76, 243, 938, 956],[1, 0, 0, 0, 1, 0, 0, 0, 0]
77,9,2,[5, 6, 8, 15, 23, 76, 243, 938, 956],[1, 0, 0, 0, 1, 0, 0, 0, 0]
78,9,2,[5, 6, 8, 15, 23, 76, 243, 938, 956],[1, 0, 0, 0, 1, 0, 0, 0, 0]
79,3,7,[13, 56, 946],[1, 0, 0]
80,3,1,[13, 56, 946],[1, 0, 0]
81,3,4,[13, 56, 946],[1, 0, 0]
82,9,5,[5, 6, 8, 15, 23, 76, 243, 938, 956],[1, 0, 0, 0, 1, 0, 0, 0, 0]
83,9,4,[5, 6, 8, 15, 23, 76, 243, 938, 956],[1, 0, 0, 0, 1, 0, 0, 0, 0]
84,9,3,[5, 6, 8, 15, 23, 76, 243, 938, 956],[1, 0, 0, 0, 1, 0, 0, 0, 0]
85,3,2,[13, 56, 946],[1, 0, 0]
86,3,10,[13, 56, 946],[1, 0, 0]
87,3,5,[13, 56, 946],[1, 0, 0]
88,3,12,[13, 56, 946],[1, 0, 0]
89,9,7,[5, 6, 8, 15, 23, 76, 243, 938, 956],[1, 0, 0, 0, 1, 0, 0, 0, 0]
90,3,1,[13, 56, 946],[1, 0, 0]
91,9,3,[5, 6, 8, 15, 23, 76, 243, 938, 956],[1, 0, 0, 0, 1, 0, 0, 0, 0]
92,9,3,[5, 6, 8, 15, 23, 76, 243, 938, 956],[1, 0, 0, 0, 1, 0, 0, 0, 0]
93,3,8,[13, 56, 946],[1, 0, 0]
94,9,4,[5, 6, 8, 15, 23, 76, 243, 938, 956],[1, 0, 0, 0, 1, 0, 0, 0, 0]
95,9,3,[5, 6, 8, 15, 23, 76, 243, 938, 956],[1, 0, 0, 0, 1, 0, 0, 0, 0]
96,3,1,[13, 56, 946],[1, 0, 0]
97,9,4,[5, 6, 8, 15, 23, 76, 243, 938, 956],[1, 0, 0, 0, 1, 0, 0, 0, 0]
98,9,2,[5, 6, 8, 15, 23, 76, 243, 938, 956],[1, 0, 0, 0, 1, 0, 0, 0, 0]
99,3,12,[13, 56, 946],[1, 0, 0]
100,9,3,[5, 6, 8, 15, 23, 76, 243, 938, 956],[1, 0, 0, 0, 1, 0, 0, 0, 0]
