1,1,0,[1],[0]
2,6,4,[5, 6, 8, 16, 39, 609],[1, 0, 0, 0, 0, 0]
3,6,5,[5, 6, 8, 16, 39, 609],[1, 0, 0, 0, 0, 0]
4,1,0,[4],[0]
5,6,0,[5, 6, 8, 16, 39, 609],[1, 0, 0, 0, 0, 0]
6,6,0,[5, 6, 8, 16, 39, 609],[1, 0, 0, 0, 0, 0]
7,4,0,[7, 12, 60, 611],[1, 0, 0, 0]
8,6,0,[5, 6, 8, 16, 39, 609],[1, 0, 0, 0, 0, 0]
9,6,1,[5, 6, 8, 16, 39, 609],[1, 0, 0, 0, 0, 0]
10,4,1,[7, 12, 60, 611],[1, 0, 0, 0]
11,6,5,[5, 6, 8, 16, 39, 609],[1, 0, 0, 0, 0, 0]
12,4,0,[7, 12, 60, 611],[1, 0, 0, 0]
13,6,6,[5, 6, 8, 16, 39, 609],[1, 0, 0, 0, 0, 0]
14,6,2,[5, 6, 8, 16, 39, 609],[1, 0, 0, 0, 0, 0]
15,6,1,[5, 6, 8, 16, 39, 609],[1, 0, 0, 0, 0, 0]
16,6,0,[5, 6, 8, 16, 39, 609],[1, 0, 0, 0, 0, 0]
17,4,4,[7, 12, 60, 611],[1, 0, 0, 0]
18,6,1,[5, 6, 8, 16, 39, 609],[1, 0, 0, 0, 0, 0]
19,6,9,[5, 6, 8, 16, 39, 609],[1, 0, 0, 0, 0, 0]
20,6,2,[5, 6, 8, 16, 39, 609],[1, 0, 0, 0, 0, 0]
21,4,2,[7, 12, 60, 611],[1, 0, 0, 0]
22,6,7,[5, 6, 8, 16, 39, 609],[1, 0, 0, 0, 0, 0]
23,6,5,[5, 6, 8, 16, 39, 609],[1, 0, 0, 0, 0, 0]
24,6,2,[5, 6, 8, 16, 39, 609],[1, 0, 0, 0, 0, 0]
25,4,2,[7, 12, 60, 611],[1, 0, 0, 0]
26,6,2,[5, 6, 8, 16, 39, 609],[1, 0, 0, 0, 0, 0]
27,6,2,[5, 6, 8, 16, 39, 609],[1, 0, 0, 0, 0, 0]
28,6,6,[5, 6, 8, 16, 39, 609],[1, 0, 0, 0, 0, 0]
29,6,11,[5, 6, 8, 16, 39, 609],[1, 0, 0, 0, 0, 0]
30,4,2,[7, 12, 60, 611],[1, 0, 0, 0]
31,6,4,[5, 6, 8, 16, 39, 609],[1, 0, 0, 0, 0, 0]
32,4,2,[7, 12, 60, 611],[1, 0, 0, 0]
33,6,3,[5, 6, 8, 16, 39, 609],[1, 0, 0, 0, 0, 0]
34,6,10,[5, 6, 8, 16, 39, 609],[1, 0, 0, 0, 0, 0]
35,4,1,[7, 12, 60, 611],[1, 0, 0, 0]
36,4,2,[7, 12, 60, 611],[1, 0, 0, 0]
37,6,6,[5, 6, 8, 16, 39, 609],[1, 0, 0, 0, 0, 0]
38,4,3,[7, 12, 60, 611],[1, 0, 0, 0]
39,6,0,[5, 6, 8, 16, 39, 609],[1, 0, 0, 0, 0, 0]
40,6,6,[5, 6, 8, 16, 39, 609],[1, 0, 0, 0, 0, 0]
41,6,5,[5, 6, 8, 16, 39, 609],[1, 0, 0, 0, 0, 0]
42,4,1,[7, 12, 60, 611],[1, 0, 0, 0]
43,6,14,[5, 6, 8, 16, 39, 609],[1, 0, 0, 0, 0, 0]
44,6,2,[5, 6, 8, 16, 39, 609],[1, 0, 0, 0, 0, 0]
45,6,6,[5, 6, 8, 16, 39, 609],[1, 0, 0, 0, 0, 0]
46,4,3,[7, 12, 60, 611],[1, 0, 0, 0]
47,6,7,[5, 6, 8, 16, 39, 609],[1, 0, 0, 0, 0, 0]
48,6,6,[5, 6, 8, 16, 39, 609],[1, 0, 0, 0, 0, 0]
49,6,3,[5, 6, 8, 16, 39, 609],[1, 0, 0, 0, 0, 0]
50,4,1,[7, 12, 60, 611],[1, 0, 0, 0]
51,6,3,[5, 6, 8, 16, 39, 609],[1, 0, 0, 0, 0, 0]
52,4,5,[7, 12, 60, 611],[1, 0, 0, 0]
53,4,7,[7, 12, 60, 611],[1, 0, 0, 0]
54,6,6,[5, 6, 8, 16, 39, 609],[1, 0, 0, 0, 0, 0]
55,6,1,[5, 6, 8, 16, 39, 609],[1, 0, 0, 0, 0, 0]
56,6,7,[5, 6, 8, 16, 39, 609],[1, 0, 0, 0, 0, 0]
57,6,8,[5, 6, 8, 16, 39, 609],[1, 0, 0, 0, 0, 0]
58,6,5,[5, 6, 8, 16, 39, 609],[1, 0, 0, 0, 0, 0]
59,6,5,[5, 6, 8, 16, 39, 609],[1, 0, 0, 0, 0, 0]
60,4,0,[7, 12, 60, 611],[1, 0, 0, 0]
61,6,6,[5, 6, 8, 16, 39, 609],[1, 0, 0, 0, 0, 0]
62,6,4,[5, 6, 8, 16, 39, 609],[1, 0, 0, 0, 0, 0]
63,6,7,[5, 6, 8, 16, 39, 609],[1, 0, 0, 0, 0, 0]
64,4,1,[7, 12, 60, 611],[1, 0, 0, 0]
65,6,2,[5, 6, 8, 16, 39, 609],[1, 0, 0, 0, 0, 0]
66,6,1,[5, 6, 8, 16, 39, 609],[1, 0, 0, 0, 0, 0]
67,4,3,[7, 12, 60, 611],[1, 0, 0, 0]
68,4,3,[7, 12, 60, 611],[1, 0, 0, 0]
69,6,3,[5, 6, 8, 16, 39, 609],[1, 0, 0, 0, 0, 0]
70,6,3,[5, 6, 8, 16, 39, 609],[1, 0, 0, 0, 0, 0]
71,6,11,[5, 6, 8, 16, 39, 609],[1, 0, 0, 0, 0, 0]
72,4,1,[7, 12, 60, 611],[1, 0, 0, 0]
73,6,14,[5, 6, 8, 16, 39, 609],[1, 0, 0, 0, 0, 0]
74,6,1,[5, 6, 8, 16, 39, 609],[1, 0, 0, 0, 0, 0]
75,6,7,[5, 6, 8, 16, 39, 609],[1, 0, 0, 0, 0, 0]
76,6,6,[5, 6, 8, 16, 39, 609],[1, 0, 0, 0, 0, 0]
77,6,2,[5, 6, 8, 16, 39, 609],[1, 0, 0, 0, 0, 0]
78,6,2,[5, 6, 8, 16, 39, 609],[1, 0, 0, 0, 0, 0]
79,4,5,[7, 12, 60, 611],[1, 0, 0, 0]
80,6,7,[5, 6, 8, 16, 39, 609],[1, 0, 0, 0, 0, 0]
81,4,1,[7, 12, 60, 611],[1, 0, 0, 0]
82,6,15,[5, 6, 8, 16, 39, 609],[1, 0, 0, 0, 0, 0]
83,4,4,[7, 12, 60, 611],[1, 0, 0, 0]
84,6,3,[5, 6, 8, 16, 39, 609],[1, 0, 0, 0, 0, 0]
85,6,8,[5, 6, 8, 16, 39, 609],[1, 0, 0, 0, 0, 0]
86,6,7,[5, 6, 8, 16, 39, 609],[1, 0, 0, 0, 0, 0]
87,4,3,[7, 12, 60, 611],[1, 0, 0, 0]
88,4,5,[7, 12, 60, 611],[1, 0, 0, 0]
89,6,4,[5, 6, 8, 16, 39, 609],[1, 0, 0, 0, 0, 0]
90,6,7,[5, 6, 8, 16, 39, 609],[1, 0, 0, 0, 0, 0]
91,6,3,[5, 6, 8, 16, 39, 609],[1, 0, 0, 0, 0, 0]
92,6,3,[5, 6, 8, 16, 39, 609],[1, 0, 0, 0, 0, 0]
93,6,11,[5, 6, 8, 16, 39, 609],[1, 0, 0, 0, 0, 0]
94,6,4,[5, 6, 8, 16, 39, 609],[1, 0, 0, 0, 0, 0]
95,6,3,[5, 6, 8, 16, 39, 609],[1, 0, 0, 0, 0, 0]
96,6,7,[5, 6, 8, 16, 39, 609],[1, 0, 0, 0, 0, 0]
97,6,9,[5, 6, 8, 16, 39, 609],[1, 0, 0, 0, 0, 0]
98,6,1,[5, 6, 8, 16, 39, 609],[1, 0, 0, 0, 0, 0]
99,4,5,[7, 12, 60, 611],[1, 0, 0, 0]
100,6,3,[5, 6, 8, 16, 39, 609],[1, 0, 0, 0, 0, 0]
