1,1,0,[1]
2,13,15,[8, 6, 5, 416, 23, 434, 40, 11, 422, 213, 74, 39, 16]
3,4,7,[10, 7, 418, 32]
4,1,0,[4]
5,13,12,[416, 23, 434, 40, 11, 422, 213, 74, 39, 16, 8, 6, 5]
6,13,12,[5, 416, 23, 434, 40, 11, 422, 213, 74, 39, 16, 8, 6]
7,4,3,[418, 32, 10, 7]
8,13,12,[6, 5, 416, 23, 434, 40, 11, 422, 213, 74, 39, 16, 8]
9,13,13,[5, 416, 23, 434, 40, 11, 422, 213, 74, 39, 16, 8, 6]
10,4,3,[7, 418, 32, 10]
11,13,12,[422, 213, 74, 39, 16, 8, 6, 5, 416, 23, 434, 40, 11]
12,4,4,[418, 32, 10, 7]
13,13,17,[422, 213, 74, 39, 16, 8, 6, 5, 416, 23, 434, 40, 11]
14,13,14,[5, 416, 23, 434, 40, 11, 422, 213, 74, 39, 16, 8, 6]
15,13,13,[6, 5, 416, 23, 434, 40, 11, 422, 213, 74, 39, 16, 8]
16,13,12,[8, 6, 5, 416, 23, 434, 40, 11, 422, 213, 74, 39, 16]
17,13,15,[11, 422, 213, 74, 39, 16, 8, 6, 5, 416, 23, 434, 40]
18,13,13,[6, 5, 416, 23, 434, 40, 11, 422, 213, 74, 39, 16, 8]
19,4,7,[418, 32, 10, 7]
20,13,14,[5, 416, 23, 434, 40, 11, 422, 213, 74, 39, 16, 8, 6]
21,4,4,[7, 418, 32, 10]
22,13,18,[422, 213, 74, 39, 16, 8, 6, 5, 416, 23, 434, 40, 11]
23,13,12,[434, 40, 11, 422, 213, 74, 39, 16, 8, 6, 5, 416, 23]
24,13,14,[5, 416, 23, 434, 40, 11, 422, 213, 74, 39, 16, 8, 6]
25,4,4,[7, 418, 32, 10]
26,13,14,[6, 5, 416, 23, 434, 40, 11, 422, 213, 74, 39, 16, 8]
27,13,14,[5, 416, 23, 434, 40, 11, 422, 213, 74, 39, 16, 8, 6]
28,13,13,[422, 213, 74, 39, 16, 8, 6, 5, 416, 23, 434, 40, 11]
29,13,20,[422, 213, 74, 39, 16, 8, 6, 5, 416, 23, 434, 40, 11]
30,4,4,[7, 418, 32, 10]
31,4,5,[10, 7, 418, 32]
32,4,3,[10, 7, 418, 32]
33,13,15,[5, 416, 23, 434, 40, 11, 422, 213, 74, 39, 16, 8, 6]
34,4,8,[418, 32, 10, 7]
35,4,5,[418, 32, 10, 7]
36,4,4,[7, 418, 32, 10]
37,4,9,[418, 32, 10, 7]
38,4,5,[7, 418, 32, 10]
39,13,12,[16, 8, 6, 5, 416, 23, 434, 40, 11, 422, 213, 74, 39]
40,13,12,[11, 422, 213, 74, 39, 16, 8, 6, 5, 416, 23, 434, 40]
41,4,10,[418, 32, 10, 7]
42,4,5,[418, 32, 10, 7]
43,4,11,[418, 32, 10, 7]
44,13,14,[6, 5, 416, 23, 434, 40, 11, 422, 213, 74, 39, 16, 8]
45,13,13,[422, 213, 74, 39, 16, 8, 6, 5, 416, 23, 434, 40, 11]
46,4,5,[7, 418, 32, 10]
47,4,7,[7, 418, 32, 10]
48,13,13,[422, 213, 74, 39, 16, 8, 6, 5, 416, 23, 434, 40, 11]
49,13,15,[5, 416, 23, 434, 40, 11, 422, 213, 74, 39, 16, 8, 6]
50,4,5,[418, 32, 10, 7]
51,13,15,[5, 416, 23, 434, 40, 11, 422, 213, 74, 39, 16, 8, 6]
52,13,16,[11, 422, 213, 74, 39, 16, 8, 6, 5, 416, 23, 434, 40]
53,4,11,[418, 32, 10, 7]
54,13,13,[422, 213, 74, 39, 16, 8, 6, 5, 416, 23, 434, 40, 11]
55,13,13,[8, 6, 5, 416, 23, 434, 40, 11, 422, 213, 74, 39, 16]
56,13,18,[422, 213, 74, 39, 16, 8, 6, 5, 416, 23, 434, 40, 11]
57,13,19,[422, 213, 74, 39, 16, 8, 6, 5, 416, 23, 434, 40, 11]
58,4,6,[10, 7, 418, 32]
59,13,15,[422, 213, 74, 39, 16, 8, 6, 5, 416, 23, 434, 40, 11]
60,4,5,[418, 32, 10, 7]
61,13,16,[6, 5, 416, 23, 434, 40, 11, 422, 213, 74, 39, 16, 8]
62,13,16,[5, 416, 23, 434, 40, 11, 422, 213, 74, 39, 16, 8, 6]
63,13,18,[422, 213, 74, 39, 16, 8, 6, 5, 416, 23, 434, 40, 11]
64,4,5,[418, 32, 10, 7]
65,13,14,[6, 5, 416, 23, 434, 40, 11, 422, 213, 74, 39, 16, 8]
66,13,13,[8, 6, 5, 416, 23, 434, 40, 11, 422, 213, 74, 39, 16]
67,4,10,[7, 418, 32, 10]
68,4,5,[7, 418, 32, 10]
69,13,15,[6, 5, 416, 23, 434, 40, 11, 422, 213, 74, 39, 16, 8]
70,13,15,[5, 416, 23, 434, 40, 11, 422, 213, 74, 39, 16, 8, 6]
71,13,16,[6, 5, 416, 23, 434, 40, 11, 422, 213, 74, 39, 16, 8]
72,4,5,[418, 32, 10, 7]
73,13,16,[6, 5, 416, 23, 434, 40, 11, 422, 213, 74, 39, 16, 8]
74,13,12,[39, 16, 8, 6, 5, 416, 23, 434, 40, 11, 422, 213, 74]
75,13,18,[422, 213, 74, 39, 16, 8, 6, 5, 416, 23, 434, 40, 11]
76,13,13,[434, 40, 11, 422, 213, 74, 39, 16, 8, 6, 5, 416, 23]
77,13,14,[6, 5, 416, 23, 434, 40, 11, 422, 213, 74, 39, 16, 8]
78,13,14,[6, 5, 416, 23, 434, 40, 11, 422, 213, 74, 39, 16, 8]
79,4,6,[7, 418, 32, 10]
80,13,18,[422, 213, 74, 39, 16, 8, 6, 5, 416, 23, 434, 40, 11]
81,4,5,[418, 32, 10, 7]
82,4,12,[418, 32, 10, 7]
83,4,10,[418, 32, 10, 7]
84,13,15,[5, 416, 23, 434, 40, 11, 422, 213, 74, 39, 16, 8, 6]
85,13,19,[422, 213, 74, 39, 16, 8, 6, 5, 416, 23, 434, 40, 11]
86,13,14,[422, 213, 74, 39, 16, 8, 6, 5, 416, 23, 434, 40, 11]
87,4,4,[10, 7, 418, 32]
88,13,16,[11, 422, 213, 74, 39, 16, 8, 6, 5, 416, 23, 434, 40]
89,4,9,[418, 32, 10, 7]
90,13,18,[422, 213, 74, 39, 16, 8, 6, 5, 416, 23, 434, 40, 11]
91,13,15,[5, 416, 23, 434, 40, 11, 422, 213, 74, 39, 16, 8, 6]
92,13,15,[5, 416, 23, 434, 40, 11, 422, 213, 74, 39, 16, 8, 6]
93,4,9,[418, 32, 10, 7]
94,13,16,[5, 416, 23, 434, 40, 11, 422, 213, 74, 39, 16, 8, 6]
95,13,15,[5, 416, 23, 434, 40, 11, 422, 213, 74, 39, 16, 8, 6]
96,13,18,[422, 213, 74, 39, 16, 8, 6, 5, 416, 23, 434, 40, 11]
97,13,17,[434, 40, 11, 422, 213, 74, 39, 16, 8, 6, 5, 416, 23]
98,13,13,[8, 6, 5, 416, 23, 434, 40, 11, 422, 213, 74, 39, 16]
99,13,16,[11, 422, 213, 74, 39, 16, 8, 6, 5, 416, 23, 434, 40]
100,13,15,[5, 416, 23, 434, 40, 11, 422, 213, 74, 39, 16, 8, 6]
101,13,15,[6, 5, 416, 23, 434, 40, 11, 422, 213, 74, 39, 16, 8]
102,13,19,[422, 213, 74, 39, 16, 8, 6, 5, 416, 23, 434, 40, 11]
103,13,17,[6, 5, 416, 23, 434, 40, 11, 422, 213, 74, 39, 16, 8]
104,4,8,[418, 32, 10, 7]
105,13,14,[6, 5, 416, 23, 434, 40, 11, 422, 213, 74, 39, 16, 8]
106,13,14,[8, 6, 5, 416, 23, 434, 40, 11, 422, 213, 74, 39, 16]
107,4,7,[7, 418, 32, 10]
108,13,18,[422, 213, 74, 39, 16, 8, 6, 5, 416, 23, 434, 40, 11]
109,13,16,[5, 416, 23, 434, 40, 11, 422, 213, 74, 39, 16, 8, 6]
110,13,14,[6, 5, 416, 23, 434, 40, 11, 422, 213, 74, 39, 16, 8]
111,13,13,[11, 422, 213, 74, 39, 16, 8, 6, 5, 416, 23, 434, 40]
112,13,14,[6, 5, 416, 23, 434, 40, 11, 422, 213, 74, 39, 16, 8]
113,13,17,[5, 416, 23, 434, 40, 11, 422, 213, 74, 39, 16, 8, 6]
114,13,15,[5, 416, 23, 434, 40, 11, 422, 213, 74, 39, 16, 8, 6]
115,13,14,[422, 213, 74, 39, 16, 8, 6, 5, 416, 23, 434, 40, 11]
116,13,16,[5, 416, 23, 434, 40, 11, 422, 213, 74, 39, 16, 8, 6]
117,4,8,[418, 32, 10, 7]
118,13,17,[6, 5, 416, 23, 434, 40, 11, 422, 213, 74, 39, 16, 8]
119,13,15,[5, 416, 23, 434, 40, 11, 422, 213, 74, 39, 16, 8, 6]
120,13,15,[5, 416, 23, 434, 40, 11, 422, 213, 74, 39, 16, 8, 6]
121,13,19,[422, 213, 74, 39, 16, 8, 6, 5, 416, 23, 434, 40, 11]
122,13,19,[422, 213, 74, 39, 16, 8, 6, 5, 416, 23, 434, 40, 11]
123,13,15,[6, 5, 416, 23, 434, 40, 11, 422, 213, 74, 39, 16, 8]
124,4,6,[418, 32, 10, 7]
125,13,14,[6, 5, 416, 23, 434, 40, 11, 422, 213, 74, 39, 16, 8]
126,13,14,[6, 5, 416, 23, 434, 40, 11, 422, 213, 74, 39, 16, 8]
127,13,18,[6, 5, 416, 23, 434, 40, 11, 422, 213, 74, 39, 16, 8]
128,13,15,[5, 416, 23, 434, 40, 11, 422, 213, 74, 39, 16, 8, 6]
129,4,6,[7, 418, 32, 10]
130,13,15,[5, 416, 23, 434, 40, 11, 422, 213, 74, 39, 16, 8, 6]
131,13,15,[434, 40, 11, 422, 213, 74, 39, 16, 8, 6, 5, 416, 23]
132,13,14,[6, 5, 416, 23, 434, 40, 11, 422, 213, 74, 39, 16, 8]
133,13,15,[6, 5, 416, 23, 434, 40, 11, 422, 213, 74, 39, 16, 8]
134,13,16,[6, 5, 416, 23, 434, 40, 11, 422, 213, 74, 39, 16, 8]
135,13,15,[5, 416, 23, 434, 40, 11, 422, 213, 74, 39, 16, 8, 6]
136,13,13,[434, 40, 11, 422, 213, 74, 39, 16, 8, 6, 5, 416, 23]
137,4,8,[418, 32, 10, 7]
138,13,14,[422, 213, 74, 39, 16, 8, 6, 5, 416, 23, 434, 40, 11]
139,13,14,[434, 40, 11, 422, 213, 74, 39, 16, 8, 6, 5, 416, 23]
140,13,13,[8, 6, 5, 416, 23, 434, 40, 11, 422, 213, 74, 39, 16]
141,4,6,[418, 32, 10, 7]
142,13,17,[6, 5, 416, 23, 434, 40, 11, 422, 213, 74, 39, 16, 8]
143,13,15,[5, 416, 23, 434, 40, 11, 422, 213, 74, 39, 16, 8, 6]
144,13,15,[5, 416, 23, 434, 40, 11, 422, 213, 74, 39, 16, 8, 6]
145,4,9,[418, 32, 10, 7]
146,13,19,[422, 213, 74, 39, 16, 8, 6, 5, 416, 23, 434, 40, 11]
147,13,16,[11, 422, 213, 74, 39, 16, 8, 6, 5, 416, 23, 434, 40]
148,4,11,[418, 32, 10, 7]
149,13,16,[5, 416, 23, 434, 40, 11, 422, 213, 74, 39, 16, 8, 6]
150,13,14,[6, 5, 416, 23, 434, 40, 11, 422, 213, 74, 39, 16, 8]
151,4,10,[7, 418, 32, 10]
152,4,5,[7, 418, 32, 10]
153,13,13,[434, 40, 11, 422, 213, 74, 39, 16, 8, 6, 5, 416, 23]
154,13,15,[5, 416, 23, 434, 40, 11, 422, 213, 74, 39, 16, 8, 6]
155,4,5,[7, 418, 32, 10]
156,13,15,[5, 416, 23, 434, 40, 11, 422, 213, 74, 39, 16, 8, 6]
157,13,16,[6, 5, 416, 23, 434, 40, 11, 422, 213, 74, 39, 16, 8]
158,4,6,[418, 32, 10, 7]
159,13,19,[422, 213, 74, 39, 16, 8, 6, 5, 416, 23, 434, 40, 11]
160,13,14,[6, 5, 416, 23, 434, 40, 11, 422, 213, 74, 39, 16, 8]
161,4,5,[7, 418, 32, 10]
162,13,15,[5, 416, 23, 434, 40, 11, 422, 213, 74, 39, 16, 8, 6]
163,4,7,[418, 32, 10, 7]
164,13,14,[422, 213, 74, 39, 16, 8, 6, 5, 416, 23, 434, 40, 11]
165,4,8,[418, 32, 10, 7]
166,13,20,[422, 213, 74, 39, 16, 8, 6, 5, 416, 23, 434, 40, 11]
167,4,6,[7, 418, 32, 10]
168,13,13,[8, 6, 5, 416, 23, 434, 40, 11, 422, 213, 74, 39, 16]
169,13,15,[6, 5, 416, 23, 434, 40, 11, 422, 213, 74, 39, 16, 8]
170,13,15,[5, 416, 23, 434, 40, 11, 422, 213, 74, 39, 16, 8, 6]
171,4,5,[7, 418, 32, 10]
172,4,8,[7, 418, 32, 10]
173,4,8,[7, 418, 32, 10]
174,4,9,[418, 32, 10, 7]
175,13,16,[11, 422, 213, 74, 39, 16, 8, 6, 5, 416, 23, 434, 40]
176,4,8,[418, 32, 10, 7]
177,13,17,[5, 416, 23, 434, 40, 11, 422, 213, 74, 39, 16, 8, 6]
178,13,16,[5, 416, 23, 434, 40, 11, 422, 213, 74, 39, 16, 8, 6]
179,13,15,[8, 6, 5, 416, 23, 434, 40, 11, 422, 213, 74, 39, 16]
180,13,14,[6, 5, 416, 23, 434, 40, 11, 422, 213, 74, 39, 16, 8]
181,13,15,[422, 213, 74, 39, 16, 8, 6, 5, 416, 23, 434, 40, 11]
182,13,19,[422, 213, 74, 39, 16, 8, 6, 5, 416, 23, 434, 40, 11]
183,4,6,[418, 32, 10, 7]
184,13,21,[422, 213, 74, 39, 16, 8, 6, 5, 416, 23, 434, 40, 11]
185,4,6,[418, 32, 10, 7]
186,4,5,[7, 418, 32, 10]
187,13,14,[422, 213, 74, 39, 16, 8, 6, 5, 416, 23, 434, 40, 11]
188,13,16,[5, 416, 23, 434, 40, 11, 422, 213, 74, 39, 16, 8, 6]
189,13,13,[8, 6, 5, 416, 23, 434, 40, 11, 422, 213, 74, 39, 16]
190,13,15,[6, 5, 416, 23, 434, 40, 11, 422, 213, 74, 39, 16, 8]
191,13,18,[11, 422, 213, 74, 39, 16, 8, 6, 5, 416, 23, 434, 40]
192,13,14,[6, 5, 416, 23, 434, 40, 11, 422, 213, 74, 39, 16, 8]
193,4,7,[7, 418, 32, 10]
194,13,17,[11, 422, 213, 74, 39, 16, 8, 6, 5, 416, 23, 434, 40]
195,4,5,[7, 418, 32, 10]
196,13,14,[6, 5, 416, 23, 434, 40, 11, 422, 213, 74, 39, 16, 8]
197,13,22,[422, 213, 74, 39, 16, 8, 6, 5, 416, 23, 434, 40, 11]
198,4,8,[418, 32, 10, 7]
199,4,7,[7, 418, 32, 10]
200,13,13,[8, 6, 5, 416, 23, 434, 40, 11, 422, 213, 74, 39, 16]
