1  1  [1]
2  5  [9, 6, 5, 120, 14]
3  5  [120, 14, 9, 6, 5]
4  1  [4]
5  5  [14, 9, 6, 5, 120]
6  5  [120, 14, 9, 6, 5]
7  5  [6, 5, 120, 14, 9]
8  5  [5, 120, 14, 9, 6]
9  5  [5, 120, 14, 9, 6]
10  5  [9, 6, 5, 120, 14]
11  5  [14, 9, 6, 5, 120]
12  5  [9, 6, 5, 120, 14]
13  5  [14, 9, 6, 5, 120]
14  5  [6, 5, 120, 14, 9]
15  5  [6, 5, 120, 14, 9]
16  5  [6, 5, 120, 14, 9]
17  5  [14, 9, 6, 5, 120]
18  5  [6, 5, 120, 14, 9]
19  5  [5, 120, 14, 9, 6]
20  5  [6, 5, 120, 14, 9]
21  5  [14, 9, 6, 5, 120]
22  5  [120, 14, 9, 6, 5]
23  5  [6, 5, 120, 14, 9]
24  5  [6, 5, 120, 14, 9]
25  5  [14, 9, 6, 5, 120]
26  5  [9, 6, 5, 120, 14]
27  5  [6, 5, 120, 14, 9]
28  5  [120, 14, 9, 6, 5]
29  5  [14, 9, 6, 5, 120]
30  5  [14, 9, 6, 5, 120]
31  5  [6, 5, 120, 14, 9]
32  5  [14, 9, 6, 5, 120]
33  5  [9, 6, 5, 120, 14]
34  5  [6, 5, 120, 14, 9]
35  5  [14, 9, 6, 5, 120]
36  5  [14, 9, 6, 5, 120]
37  5  [5, 120, 14, 9, 6]
38  5  [120, 14, 9, 6, 5]
39  5  [9, 6, 5, 120, 14]
40  5  [120, 14, 9, 6, 5]
41  5  [14, 9, 6, 5, 120]
42  5  [14, 9, 6, 5, 120]
43  5  [5, 120, 14, 9, 6]
44  5  [9, 6, 5, 120, 14]
45  5  [120, 14, 9, 6, 5]
46  5  [120, 14, 9, 6, 5]
47  5  [14, 9, 6, 5, 120]
48  5  [120, 14, 9, 6, 5]
49  5  [9, 6, 5, 120, 14]
50  5  [14, 9, 6, 5, 120]
51  5  [9, 6, 5, 120, 14]
52  5  [120, 14, 9, 6, 5]
53  5  [14, 9, 6, 5, 120]
54  5  [120, 14, 9, 6, 5]
55  5  [9, 6, 5, 120, 14]
56  5  [120, 14, 9, 6, 5]
57  5  [5, 120, 14, 9, 6]
58  5  [9, 6, 5, 120, 14]
59  5  [14, 9, 6, 5, 120]
60  5  [14, 9, 6, 5, 120]
61  5  [9, 6, 5, 120, 14]
62  5  [14, 9, 6, 5, 120]
63  5  [120, 14, 9, 6, 5]
64  5  [14, 9, 6, 5, 120]
65  5  [9, 6, 5, 120, 14]
66  5  [9, 6, 5, 120, 14]
67  5  [6, 5, 120, 14, 9]
68  5  [120, 14, 9, 6, 5]
69  5  [14, 9, 6, 5, 120]
70  5  [9, 6, 5, 120, 14]
71  5  [5, 120, 14, 9, 6]
72  5  [14, 9, 6, 5, 120]
73  5  [120, 14, 9, 6, 5]
74  5  [14, 9, 6, 5, 120]
75  5  [120, 14, 9, 6, 5]
76  5  [9, 6, 5, 120, 14]
77  5  [9, 6, 5, 120, 14]
78  5  [9, 6, 5, 120, 14]
79  5  [6, 5, 120, 14, 9]
80  5  [120, 14, 9, 6, 5]
81  5  [14, 9, 6, 5, 120]
82  5  [6, 5, 120, 14, 9]
83  5  [9, 6, 5, 120, 14]
84  5  [9, 6, 5, 120, 14]
85  5  [5, 120, 14, 9, 6]
86  5  [5, 120, 14, 9, 6]
87  5  [120, 14, 9, 6, 5]
88  5  [120, 14, 9, 6, 5]
89  5  [14, 9, 6, 5, 120]
90  5  [120, 14, 9, 6, 5]
91  5  [9, 6, 5, 120, 14]
92  5  [9, 6, 5, 120, 14]
93  5  [9, 6, 5, 120, 14]
94  5  [14, 9, 6, 5, 120]
95  5  [9, 6, 5, 120, 14]
96  5  [120, 14, 9, 6, 5]
97  5  [9, 6, 5, 120, 14]
98  5  [9, 6, 5, 120, 14]
99  5  [120, 14, 9, 6, 5]
100  5  [9, 6, 5, 120, 14]
101  5  [14, 9, 6, 5, 120]
102  5  [5, 120, 14, 9, 6]
103  5  [9, 6, 5, 120, 14]
104  5  [6, 5, 120, 14, 9]
