1  1  [1]
2  3  [81, 12, 7]
3  3  [81, 12, 7]
4  1  [4]
5  3  [7, 81, 12]
6  3  [12, 7, 81]
7  3  [12, 7, 81]
8  3  [81, 12, 7]
9  3  [81, 12, 7]
10  3  [81, 12, 7]
11  3  [81, 12, 7]
12  3  [81, 12, 7]
13  3  [81, 12, 7]
14  3  [7, 81, 12]
15  3  [7, 81, 12]
16  3  [7, 81, 12]
17  3  [81, 12, 7]
18  3  [7, 81, 12]
19  3  [34, 19, 93]
20  3  [7, 81, 12]
21  3  [7, 81, 12]
22  3  [7, 81, 12]
23  3  [7, 81, 12]
24  3  [7, 81, 12]
25  3  [7, 81, 12]
26  3  [12, 7, 81]
27  3  [7, 81, 12]
28  3  [7, 81, 12]
29  3  [81, 12, 7]
30  3  [7, 81, 12]
31  3  [81, 12, 7]
32  3  [7, 81, 12]
33  3  [12, 7, 81]
34  3  [93, 34, 19]
35  3  [7, 81, 12]
36  3  [7, 81, 12]
37  3  [81, 12, 7]
38  3  [12, 7, 81]
39  3  [12, 7, 81]
40  3  [7, 81, 12]
41  3  [81, 12, 7]
42  3  [7, 81, 12]
43  3  [19, 93, 34]
44  3  [12, 7, 81]
45  3  [7, 81, 12]
46  3  [12, 7, 81]
47  3  [81, 12, 7]
48  3  [7, 81, 12]
49  3  [12, 7, 81]
50  3  [7, 81, 12]
51  3  [12, 7, 81]
52  3  [7, 81, 12]
53  3  [12, 7, 81]
54  3  [7, 81, 12]
55  3  [12, 7, 81]
56  3  [7, 81, 12]
57  3  [12, 7, 81]
58  3  [7, 81, 12]
59  3  [7, 81, 12]
60  3  [7, 81, 12]
61  3  [81, 12, 7]
62  3  [81, 12, 7]
63  3  [7, 81, 12]
64  3  [7, 81, 12]
65  3  [12, 7, 81]
66  3  [12, 7, 81]
67  3  [81, 12, 7]
68  3  [12, 7, 81]
69  3  [81, 12, 7]
70  3  [12, 7, 81]
71  3  [34, 19, 93]
72  3  [7, 81, 12]
73  3  [12, 7, 81]
74  3  [81, 12, 7]
75  3  [7, 81, 12]
76  3  [12, 7, 81]
77  3  [12, 7, 81]
78  3  [12, 7, 81]
79  3  [81, 12, 7]
80  3  [7, 81, 12]
81  3  [7, 81, 12]
82  3  [34, 19, 93]
83  3  [7, 81, 12]
84  3  [12, 7, 81]
85  3  [12, 7, 81]
86  3  [12, 7, 81]
87  3  [12, 7, 81]
88  3  [7, 81, 12]
89  3  [34, 19, 93]
90  3  [7, 81, 12]
91  3  [12, 7, 81]
92  3  [12, 7, 81]
93  3  [19, 93, 34]
94  3  [81, 12, 7]
95  3  [12, 7, 81]
96  3  [7, 81, 12]
97  3  [81, 12, 7]
98  3  [12, 7, 81]
99  3  [7, 81, 12]
100  3  [12, 7, 81]
101  3  [12, 7, 81]
102  3  [12, 7, 81]
103  3  [12, 7, 81]
104  3  [93, 34, 19]
