1,1,0,[1],[0]
2,7,6,[5, 6, 9, 24, 114, 827, 1649],[1, 0, 0, 0, 0, 1, 0]
3,7,2,[5, 6, 9, 24, 114, 827, 1649],[1, 0, 0, 0, 0, 1, 0]
4,1,0,[4],[0]
5,7,0,[5, 6, 9, 24, 114, 827, 1649],[1, 0, 0, 0, 0, 1, 0]
6,7,0,[5, 6, 9, 24, 114, 827, 1649],[1, 0, 0, 0, 0, 1, 0]
7,7,6,[5, 6, 9, 24, 114, 827, 1649],[1, 0, 0, 0, 0, 1, 0]
8,7,1,[5, 6, 9, 24, 114, 827, 1649],[1, 0, 0, 0, 0, 1, 0]
9,7,0,[5, 6, 9, 24, 114, 827, 1649],[1, 0, 0, 0, 0, 1, 0]
10,7,7,[5, 6, 9, 24, 114, 827, 1649],[1, 0, 0, 0, 0, 1, 0]
11,7,8,[5, 6, 9, 24, 114, 827, 1649],[1, 0, 0, 0, 0, 1, 0]
12,7,7,[5, 6, 9, 24, 114, 827, 1649],[1, 0, 0, 0, 0, 1, 0]
13,6,0,[13, 47, 90, 172, 835, 869],[1, 1, 0, 0, 0, 0]
14,7,1,[5, 6, 9, 24, 114, 827, 1649],[1, 0, 0, 0, 0, 1, 0]
15,7,2,[5, 6, 9, 24, 114, 827, 1649],[1, 0, 0, 0, 0, 1, 0]
16,7,2,[5, 6, 9, 24, 114, 827, 1649],[1, 0, 0, 0, 0, 1, 0]
17,7,5,[5, 6, 9, 24, 114, 827, 1649],[1, 0, 0, 0, 0, 1, 0]
18,7,2,[5, 6, 9, 24, 114, 827, 1649],[1, 0, 0, 0, 0, 1, 0]
19,7,9,[5, 6, 9, 24, 114, 827, 1649],[1, 0, 0, 0, 0, 1, 0]
20,7,1,[5, 6, 9, 24, 114, 827, 1649],[1, 0, 0, 0, 0, 1, 0]
21,7,8,[5, 6, 9, 24, 114, 827, 1649],[1, 0, 0, 0, 0, 1, 0]
22,6,1,[13, 47, 90, 172, 835, 869],[1, 1, 0, 0, 0, 0]
23,7,8,[5, 6, 9, 24, 114, 827, 1649],[1, 0, 0, 0, 0, 1, 0]
24,7,0,[5, 6, 9, 24, 114, 827, 1649],[1, 0, 0, 0, 0, 1, 0]
25,7,8,[5, 6, 9, 24, 114, 827, 1649],[1, 0, 0, 0, 0, 1, 0]
26,7,3,[5, 6, 9, 24, 114, 827, 1649],[1, 0, 0, 0, 0, 1, 0]
27,7,1,[5, 6, 9, 24, 114, 827, 1649],[1, 0, 0, 0, 0, 1, 0]
28,7,9,[5, 6, 9, 24, 114, 827, 1649],[1, 0, 0, 0, 0, 1, 0]
29,7,10,[5, 6, 9, 24, 114, 827, 1649],[1, 0, 0, 0, 0, 1, 0]
30,7,8,[5, 6, 9, 24, 114, 827, 1649],[1, 0, 0, 0, 0, 1, 0]
31,7,6,[5, 6, 9, 24, 114, 827, 1649],[1, 0, 0, 0, 0, 1, 0]
32,7,8,[5, 6, 9, 24, 114, 827, 1649],[1, 0, 0, 0, 0, 1, 0]
33,7,2,[5, 6, 9, 24, 114, 827, 1649],[1, 0, 0, 0, 0, 1, 0]
34,7,10,[5, 6, 9, 24, 114, 827, 1649],[1, 0, 0, 0, 0, 1, 0]
35,7,8,[5, 6, 9, 24, 114, 827, 1649],[1, 0, 0, 0, 0, 1, 0]
36,7,8,[5, 6, 9, 24, 114, 827, 1649],[1, 0, 0, 0, 0, 1, 0]
37,7,9,[5, 6, 9, 24, 114, 827, 1649],[1, 0, 0, 0, 0, 1, 0]
38,7,9,[5, 6, 9, 24, 114, 827, 1649],[1, 0, 0, 0, 0, 1, 0]
39,7,3,[5, 6, 9, 24, 114, 827, 1649],[1, 0, 0, 0, 0, 1, 0]
40,7,9,[5, 6, 9, 24, 114, 827, 1649],[1, 0, 0, 0, 0, 1, 0]
41,7,5,[5, 6, 9, 24, 114, 827, 1649],[1, 0, 0, 0, 0, 1, 0]
42,7,8,[5, 6, 9, 24, 114, 827, 1649],[1, 0, 0, 0, 0, 1, 0]
43,7,5,[5, 6, 9, 24, 114, 827, 1649],[1, 0, 0, 0, 0, 1, 0]
44,7,3,[5, 6, 9, 24, 114, 827, 1649],[1, 0, 0, 0, 0, 1, 0]
45,7,9,[5, 6, 9, 24, 114, 827, 1649],[1, 0, 0, 0, 0, 1, 0]
46,7,9,[5, 6, 9, 24, 114, 827, 1649],[1, 0, 0, 0, 0, 1, 0]
47,6,0,[13, 47, 90, 172, 835, 869],[1, 1, 0, 0, 0, 0]
48,7,9,[5, 6, 9, 24, 114, 827, 1649],[1, 0, 0, 0, 0, 1, 0]
49,7,2,[5, 6, 9, 24, 114, 827, 1649],[1, 0, 0, 0, 0, 1, 0]
50,7,8,[5, 6, 9, 24, 114, 827, 1649],[1, 0, 0, 0, 0, 1, 0]
51,7,2,[5, 6, 9, 24, 114, 827, 1649],[1, 0, 0, 0, 0, 1, 0]
52,7,6,[5, 6, 9, 24, 114, 827, 1649],[1, 0, 0, 0, 0, 1, 0]
53,6,3,[13, 47, 90, 172, 835, 869],[1, 1, 0, 0, 0, 0]
54,7,9,[5, 6, 9, 24, 114, 827, 1649],[1, 0, 0, 0, 0, 1, 0]
55,7,3,[5, 6, 9, 24, 114, 827, 1649],[1, 0, 0, 0, 0, 1, 0]
56,6,1,[13, 47, 90, 172, 835, 869],[1, 1, 0, 0, 0, 0]
57,6,2,[13, 47, 90, 172, 835, 869],[1, 1, 0, 0, 0, 0]
58,7,7,[5, 6, 9, 24, 114, 827, 1649],[1, 0, 0, 0, 0, 1, 0]
59,7,5,[5, 6, 9, 24, 114, 827, 1649],[1, 0, 0, 0, 0, 1, 0]
60,7,8,[5, 6, 9, 24, 114, 827, 1649],[1, 0, 0, 0, 0, 1, 0]
61,6,3,[13, 47, 90, 172, 835, 869],[1, 1, 0, 0, 0, 0]
62,7,3,[5, 6, 9, 24, 114, 827, 1649],[1, 0, 0, 0, 0, 1, 0]
63,6,1,[13, 47, 90, 172, 835, 869],[1, 1, 0, 0, 0, 0]
64,7,8,[5, 6, 9, 24, 114, 827, 1649],[1, 0, 0, 0, 0, 1, 0]
65,7,3,[5, 6, 9, 24, 114, 827, 1649],[1, 0, 0, 0, 0, 1, 0]
66,7,3,[5, 6, 9, 24, 114, 827, 1649],[1, 0, 0, 0, 0, 1, 0]
67,7,7,[5, 6, 9, 24, 114, 827, 1649],[1, 0, 0, 0, 0, 1, 0]
68,7,9,[5, 6, 9, 24, 114, 827, 1649],[1, 0, 0, 0, 0, 1, 0]
69,7,4,[5, 6, 9, 24, 114, 827, 1649],[1, 0, 0, 0, 0, 1, 0]
70,7,2,[5, 6, 9, 24, 114, 827, 1649],[1, 0, 0, 0, 0, 1, 0]
71,7,5,[5, 6, 9, 24, 114, 827, 1649],[1, 0, 0, 0, 0, 1, 0]
72,7,8,[5, 6, 9, 24, 114, 827, 1649],[1, 0, 0, 0, 0, 1, 0]
73,7,13,[5, 6, 9, 24, 114, 827, 1649],[1, 0, 0, 0, 0, 1, 0]
74,7,4,[5, 6, 9, 24, 114, 827, 1649],[1, 0, 0, 0, 0, 1, 0]
75,6,1,[13, 47, 90, 172, 835, 869],[1, 1, 0, 0, 0, 0]
76,7,9,[5, 6, 9, 24, 114, 827, 1649],[1, 0, 0, 0, 0, 1, 0]
77,7,3,[5, 6, 9, 24, 114, 827, 1649],[1, 0, 0, 0, 0, 1, 0]
78,7,3,[5, 6, 9, 24, 114, 827, 1649],[1, 0, 0, 0, 0, 1, 0]
79,7,4,[5, 6, 9, 24, 114, 827, 1649],[1, 0, 0, 0, 0, 1, 0]
80,6,1,[13, 47, 90, 172, 835, 869],[1, 1, 0, 0, 0, 0]
81,7,8,[5, 6, 9, 24, 114, 827, 1649],[1, 0, 0, 0, 0, 1, 0]
82,7,6,[5, 6, 9, 24, 114, 827, 1649],[1, 0, 0, 0, 0, 1, 0]
83,7,11,[5, 6, 9, 24, 114, 827, 1649],[1, 0, 0, 0, 0, 1, 0]
84,7,2,[5, 6, 9, 24, 114, 827, 1649],[1, 0, 0, 0, 0, 1, 0]
85,6,2,[13, 47, 90, 172, 835, 869],[1, 1, 0, 0, 0, 0]
86,7,10,[5, 6, 9, 24, 114, 827, 1649],[1, 0, 0, 0, 0, 1, 0]
87,7,9,[5, 6, 9, 24, 114, 827, 1649],[1, 0, 0, 0, 0, 1, 0]
88,7,6,[5, 6, 9, 24, 114, 827, 1649],[1, 0, 0, 0, 0, 1, 0]
89,6,6,[13, 47, 90, 172, 835, 869],[1, 1, 0, 0, 0, 0]
90,6,0,[13, 47, 90, 172, 835, 869],[1, 1, 0, 0, 0, 0]
91,7,2,[5, 6, 9, 24, 114, 827, 1649],[1, 0, 0, 0, 0, 1, 0]
92,7,2,[5, 6, 9, 24, 114, 827, 1649],[1, 0, 0, 0, 0, 1, 0]
93,7,11,[5, 6, 9, 24, 114, 827, 1649],[1, 0, 0, 0, 0, 1, 0]
94,7,3,[5, 6, 9, 24, 114, 827, 1649],[1, 0, 0, 0, 0, 1, 0]
95,7,1,[5, 6, 9, 24, 114, 827, 1649],[1, 0, 0, 0, 0, 1, 0]
96,6,1,[13, 47, 90, 172, 835, 869],[1, 1, 0, 0, 0, 0]
97,7,8,[5, 6, 9, 24, 114, 827, 1649],[1, 0, 0, 0, 0, 1, 0]
98,7,3,[5, 6, 9, 24, 114, 827, 1649],[1, 0, 0, 0, 0, 1, 0]
99,7,6,[5, 6, 9, 24, 114, 827, 1649],[1, 0, 0, 0, 0, 1, 0]
100,7,2,[5, 6, 9, 24, 114, 827, 1649],[1, 0, 0, 0, 0, 1, 0]
