1,1,0,[1],[0]
2,17,7,[7, 11, 12, 17, 28, 60, 88, 138, 307, 311, 317, 607, 611, 617, 907, 917, 1207],[1, 1, 0, 1, 0, 0, 0, 0, 1, 1, 1, 1, 0, 1, 1, 0, 0]
3,17,6,[7, 11, 12, 17, 28, 60, 88, 138, 307, 311, 317, 607, 611, 617, 907, 917, 1207],[1, 1, 0, 1, 0, 0, 0, 0, 1, 1, 1, 1, 0, 1, 1, 0, 0]
4,1,0,[4],[0]
5,6,0,[5, 6, 8, 16, 66, 305],[1, 0, 0, 0, 0, 0]
6,6,0,[5, 6, 8, 16, 66, 305],[1, 0, 0, 0, 0, 0]
7,17,0,[7, 11, 12, 17, 28, 60, 88, 138, 307, 311, 317, 607, 611, 617, 907, 917, 1207],[1, 1, 0, 1, 0, 0, 0, 0, 1, 1, 1, 1, 0, 1, 1, 0, 0]
8,6,0,[5, 6, 8, 16, 66, 305],[1, 0, 0, 0, 0, 0]
9,6,1,[5, 6, 8, 16, 66, 305],[1, 0, 0, 0, 0, 0]
10,17,1,[7, 11, 12, 17, 28, 60, 88, 138, 307, 311, 317, 607, 611, 617, 907, 917, 1207],[1, 1, 0, 1, 0, 0, 0, 0, 1, 1, 1, 1, 0, 1, 1, 0, 0]
11,17,0,[7, 11, 12, 17, 28, 60, 88, 138, 307, 311, 317, 607, 611, 617, 907, 917, 1207],[1, 1, 0, 1, 0, 0, 0, 0, 1, 1, 1, 1, 0, 1, 1, 0, 0]
12,17,0,[7, 11, 12, 17, 28, 60, 88, 138, 307, 311, 317, 607, 611, 617, 907, 917, 1207],[1, 1, 0, 1, 0, 0, 0, 0, 1, 1, 1, 1, 0, 1, 1, 0, 0]
13,6,8,[5, 6, 8, 16, 66, 305],[1, 0, 0, 0, 0, 0]
14,6,2,[5, 6, 8, 16, 66, 305],[1, 0, 0, 0, 0, 0]
15,6,1,[5, 6, 8, 16, 66, 305],[1, 0, 0, 0, 0, 0]
16,6,0,[5, 6, 8, 16, 66, 305],[1, 0, 0, 0, 0, 0]
17,17,0,[7, 11, 12, 17, 28, 60, 88, 138, 307, 311, 317, 607, 611, 617, 907, 917, 1207],[1, 1, 0, 1, 0, 0, 0, 0, 1, 1, 1, 1, 0, 1, 1, 0, 0]
18,6,1,[5, 6, 8, 16, 66, 305],[1, 0, 0, 0, 0, 0]
19,17,3,[7, 11, 12, 17, 28, 60, 88, 138, 307, 311, 317, 607, 611, 617, 907, 917, 1207],[1, 1, 0, 1, 0, 0, 0, 0, 1, 1, 1, 1, 0, 1, 1, 0, 0]
20,6,2,[5, 6, 8, 16, 66, 305],[1, 0, 0, 0, 0, 0]
21,17,2,[7, 11, 12, 17, 28, 60, 88, 138, 307, 311, 317, 607, 611, 617, 907, 917, 1207],[1, 1, 0, 1, 0, 0, 0, 0, 1, 1, 1, 1, 0, 1, 1, 0, 0]
22,6,9,[5, 6, 8, 16, 66, 305],[1, 0, 0, 0, 0, 0]
23,17,4,[7, 11, 12, 17, 28, 60, 88, 138, 307, 311, 317, 607, 611, 617, 907, 917, 1207],[1, 1, 0, 1, 0, 0, 0, 0, 1, 1, 1, 1, 0, 1, 1, 0, 0]
24,6,2,[5, 6, 8, 16, 66, 305],[1, 0, 0, 0, 0, 0]
25,17,2,[7, 11, 12, 17, 28, 60, 88, 138, 307, 311, 317, 607, 611, 617, 907, 917, 1207],[1, 1, 0, 1, 0, 0, 0, 0, 1, 1, 1, 1, 0, 1, 1, 0, 0]
26,6,2,[5, 6, 8, 16, 66, 305],[1, 0, 0, 0, 0, 0]
27,6,2,[5, 6, 8, 16, 66, 305],[1, 0, 0, 0, 0, 0]
28,17,0,[7, 11, 12, 17, 28, 60, 88, 138, 307, 311, 317, 607, 611, 617, 907, 917, 1207],[1, 1, 0, 1, 0, 0, 0, 0, 1, 1, 1, 1, 0, 1, 1, 0, 0]
29,17,3,[7, 11, 12, 17, 28, 60, 88, 138, 307, 311, 317, 607, 611, 617, 907, 917, 1207],[1, 1, 0, 1, 0, 0, 0, 0, 1, 1, 1, 1, 0, 1, 1, 0, 0]
30,17,2,[7, 11, 12, 17, 28, 60, 88, 138, 307, 311, 317, 607, 611, 617, 907, 917, 1207],[1, 1, 0, 1, 0, 0, 0, 0, 1, 1, 1, 1, 0, 1, 1, 0, 0]
31,6,7,[5, 6, 8, 16, 66, 305],[1, 0, 0, 0, 0, 0]
32,17,2,[7, 11, 12, 17, 28, 60, 88, 138, 307, 311, 317, 607, 611, 617, 907, 917, 1207],[1, 1, 0, 1, 0, 0, 0, 0, 1, 1, 1, 1, 0, 1, 1, 0, 0]
33,6,3,[5, 6, 8, 16, 66, 305],[1, 0, 0, 0, 0, 0]
34,17,4,[7, 11, 12, 17, 28, 60, 88, 138, 307, 311, 317, 607, 611, 617, 907, 917, 1207],[1, 1, 0, 1, 0, 0, 0, 0, 1, 1, 1, 1, 0, 1, 1, 0, 0]
35,17,1,[7, 11, 12, 17, 28, 60, 88, 138, 307, 311, 317, 607, 611, 617, 907, 917, 1207],[1, 1, 0, 1, 0, 0, 0, 0, 1, 1, 1, 1, 0, 1, 1, 0, 0]
36,17,2,[7, 11, 12, 17, 28, 60, 88, 138, 307, 311, 317, 607, 611, 617, 907, 917, 1207],[1, 1, 0, 1, 0, 0, 0, 0, 1, 1, 1, 1, 0, 1, 1, 0, 0]
37,6,5,[5, 6, 8, 16, 66, 305],[1, 0, 0, 0, 0, 0]
38,17,3,[7, 11, 12, 17, 28, 60, 88, 138, 307, 311, 317, 607, 611, 617, 907, 917, 1207],[1, 1, 0, 1, 0, 0, 0, 0, 1, 1, 1, 1, 0, 1, 1, 0, 0]
39,6,1,[5, 6, 8, 16, 66, 305],[1, 0, 0, 0, 0, 0]
40,17,1,[7, 11, 12, 17, 28, 60, 88, 138, 307, 311, 317, 607, 611, 617, 907, 917, 1207],[1, 1, 0, 1, 0, 0, 0, 0, 1, 1, 1, 1, 0, 1, 1, 0, 0]
41,17,3,[7, 11, 12, 17, 28, 60, 88, 138, 307, 311, 317, 607, 611, 617, 907, 917, 1207],[1, 1, 0, 1, 0, 0, 0, 0, 1, 1, 1, 1, 0, 1, 1, 0, 0]
42,17,1,[7, 11, 12, 17, 28, 60, 88, 138, 307, 311, 317, 607, 611, 617, 907, 917, 1207],[1, 1, 0, 1, 0, 0, 0, 0, 1, 1, 1, 1, 0, 1, 1, 0, 0]
43,17,4,[7, 11, 12, 17, 28, 60, 88, 138, 307, 311, 317, 607, 611, 617, 907, 917, 1207],[1, 1, 0, 1, 0, 0, 0, 0, 1, 1, 1, 1, 0, 1, 1, 0, 0]
44,6,2,[5, 6, 8, 16, 66, 305],[1, 0, 0, 0, 0, 0]
45,17,1,[7, 11, 12, 17, 28, 60, 88, 138, 307, 311, 317, 607, 611, 617, 907, 917, 1207],[1, 1, 0, 1, 0, 0, 0, 0, 1, 1, 1, 1, 0, 1, 1, 0, 0]
46,17,3,[7, 11, 12, 17, 28, 60, 88, 138, 307, 311, 317, 607, 611, 617, 907, 917, 1207],[1, 1, 0, 1, 0, 0, 0, 0, 1, 1, 1, 1, 0, 1, 1, 0, 0]
47,17,6,[7, 11, 12, 17, 28, 60, 88, 138, 307, 311, 317, 607, 611, 617, 907, 917, 1207],[1, 1, 0, 1, 0, 0, 0, 0, 1, 1, 1, 1, 0, 1, 1, 0, 0]
48,17,1,[7, 11, 12, 17, 28, 60, 88, 138, 307, 311, 317, 607, 611, 617, 907, 917, 1207],[1, 1, 0, 1, 0, 0, 0, 0, 1, 1, 1, 1, 0, 1, 1, 0, 0]
49,6,3,[5, 6, 8, 16, 66, 305],[1, 0, 0, 0, 0, 0]
50,17,1,[7, 11, 12, 17, 28, 60, 88, 138, 307, 311, 317, 607, 611, 617, 907, 917, 1207],[1, 1, 0, 1, 0, 0, 0, 0, 1, 1, 1, 1, 0, 1, 1, 0, 0]
51,6,3,[5, 6, 8, 16, 66, 305],[1, 0, 0, 0, 0, 0]
52,17,1,[7, 11, 12, 17, 28, 60, 88, 138, 307, 311, 317, 607, 611, 617, 907, 917, 1207],[1, 1, 0, 1, 0, 0, 0, 0, 1, 1, 1, 1, 0, 1, 1, 0, 0]
53,17,8,[7, 11, 12, 17, 28, 60, 88, 138, 307, 311, 317, 607, 611, 617, 907, 917, 1207],[1, 1, 0, 1, 0, 0, 0, 0, 1, 1, 1, 1, 0, 1, 1, 0, 0]
54,17,1,[7, 11, 12, 17, 28, 60, 88, 138, 307, 311, 317, 607, 611, 617, 907, 917, 1207],[1, 1, 0, 1, 0, 0, 0, 0, 1, 1, 1, 1, 0, 1, 1, 0, 0]
55,6,1,[5, 6, 8, 16, 66, 305],[1, 0, 0, 0, 0, 0]
56,6,9,[5, 6, 8, 16, 66, 305],[1, 0, 0, 0, 0, 0]
57,6,10,[5, 6, 8, 16, 66, 305],[1, 0, 0, 0, 0, 0]
58,6,8,[5, 6, 8, 16, 66, 305],[1, 0, 0, 0, 0, 0]
59,6,7,[5, 6, 8, 16, 66, 305],[1, 0, 0, 0, 0, 0]
60,17,0,[7, 11, 12, 17, 28, 60, 88, 138, 307, 311, 317, 607, 611, 617, 907, 917, 1207],[1, 1, 0, 1, 0, 0, 0, 0, 1, 1, 1, 1, 0, 1, 1, 0, 0]
61,17,5,[7, 11, 12, 17, 28, 60, 88, 138, 307, 311, 317, 607, 611, 617, 907, 917, 1207],[1, 1, 0, 1, 0, 0, 0, 0, 1, 1, 1, 1, 0, 1, 1, 0, 0]
62,6,4,[5, 6, 8, 16, 66, 305],[1, 0, 0, 0, 0, 0]
63,6,9,[5, 6, 8, 16, 66, 305],[1, 0, 0, 0, 0, 0]
64,17,1,[7, 11, 12, 17, 28, 60, 88, 138, 307, 311, 317, 607, 611, 617, 907, 917, 1207],[1, 1, 0, 1, 0, 0, 0, 0, 1, 1, 1, 1, 0, 1, 1, 0, 0]
65,6,2,[5, 6, 8, 16, 66, 305],[1, 0, 0, 0, 0, 0]
66,6,0,[5, 6, 8, 16, 66, 305],[1, 0, 0, 0, 0, 0]
67,17,4,[7, 11, 12, 17, 28, 60, 88, 138, 307, 311, 317, 607, 611, 617, 907, 917, 1207],[1, 1, 0, 1, 0, 0, 0, 0, 1, 1, 1, 1, 0, 1, 1, 0, 0]
68,17,3,[7, 11, 12, 17, 28, 60, 88, 138, 307, 311, 317, 607, 611, 617, 907, 917, 1207],[1, 1, 0, 1, 0, 0, 0, 0, 1, 1, 1, 1, 0, 1, 1, 0, 0]
69,6,3,[5, 6, 8, 16, 66, 305],[1, 0, 0, 0, 0, 0]
70,6,3,[5, 6, 8, 16, 66, 305],[1, 0, 0, 0, 0, 0]
71,17,2,[7, 11, 12, 17, 28, 60, 88, 138, 307, 311, 317, 607, 611, 617, 907, 917, 1207],[1, 1, 0, 1, 0, 0, 0, 0, 1, 1, 1, 1, 0, 1, 1, 0, 0]
72,17,1,[7, 11, 12, 17, 28, 60, 88, 138, 307, 311, 317, 607, 611, 617, 907, 917, 1207],[1, 1, 0, 1, 0, 0, 0, 0, 1, 1, 1, 1, 0, 1, 1, 0, 0]
73,6,14,[5, 6, 8, 16, 66, 305],[1, 0, 0, 0, 0, 0]
74,6,2,[5, 6, 8, 16, 66, 305],[1, 0, 0, 0, 0, 0]
75,6,9,[5, 6, 8, 16, 66, 305],[1, 0, 0, 0, 0, 0]
76,17,5,[7, 11, 12, 17, 28, 60, 88, 138, 307, 311, 317, 607, 611, 617, 907, 917, 1207],[1, 1, 0, 1, 0, 0, 0, 0, 1, 1, 1, 1, 0, 1, 1, 0, 0]
77,6,2,[5, 6, 8, 16, 66, 305],[1, 0, 0, 0, 0, 0]
78,6,2,[5, 6, 8, 16, 66, 305],[1, 0, 0, 0, 0, 0]
79,17,7,[7, 11, 12, 17, 28, 60, 88, 138, 307, 311, 317, 607, 611, 617, 907, 917, 1207],[1, 1, 0, 1, 0, 0, 0, 0, 1, 1, 1, 1, 0, 1, 1, 0, 0]
80,6,9,[5, 6, 8, 16, 66, 305],[1, 0, 0, 0, 0, 0]
81,17,1,[7, 11, 12, 17, 28, 60, 88, 138, 307, 311, 317, 607, 611, 617, 907, 917, 1207],[1, 1, 0, 1, 0, 0, 0, 0, 1, 1, 1, 1, 0, 1, 1, 0, 0]
82,17,5,[7, 11, 12, 17, 28, 60, 88, 138, 307, 311, 317, 607, 611, 617, 907, 917, 1207],[1, 1, 0, 1, 0, 0, 0, 0, 1, 1, 1, 1, 0, 1, 1, 0, 0]
83,17,10,[7, 11, 12, 17, 28, 60, 88, 138, 307, 311, 317, 607, 611, 617, 907, 917, 1207],[1, 1, 0, 1, 0, 0, 0, 0, 1, 1, 1, 1, 0, 1, 1, 0, 0]
84,6,3,[5, 6, 8, 16, 66, 305],[1, 0, 0, 0, 0, 0]
85,6,10,[5, 6, 8, 16, 66, 305],[1, 0, 0, 0, 0, 0]
86,17,2,[7, 11, 12, 17, 28, 60, 88, 138, 307, 311, 317, 607, 611, 617, 907, 917, 1207],[1, 1, 0, 1, 0, 0, 0, 0, 1, 1, 1, 1, 0, 1, 1, 0, 0]
87,17,3,[7, 11, 12, 17, 28, 60, 88, 138, 307, 311, 317, 607, 611, 617, 907, 917, 1207],[1, 1, 0, 1, 0, 0, 0, 0, 1, 1, 1, 1, 0, 1, 1, 0, 0]
88,17,0,[7, 11, 12, 17, 28, 60, 88, 138, 307, 311, 317, 607, 611, 617, 907, 917, 1207],[1, 1, 0, 1, 0, 0, 0, 0, 1, 1, 1, 1, 0, 1, 1, 0, 0]
89,6,3,[5, 6, 8, 16, 66, 305],[1, 0, 0, 0, 0, 0]
90,6,9,[5, 6, 8, 16, 66, 305],[1, 0, 0, 0, 0, 0]
91,6,3,[5, 6, 8, 16, 66, 305],[1, 0, 0, 0, 0, 0]
92,6,3,[5, 6, 8, 16, 66, 305],[1, 0, 0, 0, 0, 0]
93,17,5,[7, 11, 12, 17, 28, 60, 88, 138, 307, 311, 317, 607, 611, 617, 907, 917, 1207],[1, 1, 0, 1, 0, 0, 0, 0, 1, 1, 1, 1, 0, 1, 1, 0, 0]
94,6,4,[5, 6, 8, 16, 66, 305],[1, 0, 0, 0, 0, 0]
95,6,3,[5, 6, 8, 16, 66, 305],[1, 0, 0, 0, 0, 0]
96,6,9,[5, 6, 8, 16, 66, 305],[1, 0, 0, 0, 0, 0]
97,6,11,[5, 6, 8, 16, 66, 305],[1, 0, 0, 0, 0, 0]
98,6,1,[5, 6, 8, 16, 66, 305],[1, 0, 0, 0, 0, 0]
99,17,1,[7, 11, 12, 17, 28, 60, 88, 138, 307, 311, 317, 607, 611, 617, 907, 917, 1207],[1, 1, 0, 1, 0, 0, 0, 0, 1, 1, 1, 1, 0, 1, 1, 0, 0]
100,6,3,[5, 6, 8, 16, 66, 305],[1, 0, 0, 0, 0, 0]
