1,1,0,[1]
2,9,12,[6, 5, 475, 29, 499, 969, 39, 16, 8]
3,7,13,[477, 59, 529, 46, 25, 10, 7]
4,1,0,[4]
5,9,8,[475, 29, 499, 969, 39, 16, 8, 6, 5]
6,9,8,[5, 475, 29, 499, 969, 39, 16, 8, 6]
7,7,6,[477, 59, 529, 46, 25, 10, 7]
8,9,8,[6, 5, 475, 29, 499, 969, 39, 16, 8]
9,9,9,[5, 475, 29, 499, 969, 39, 16, 8, 6]
10,7,6,[7, 477, 59, 529, 46, 25, 10]
11,7,10,[477, 59, 529, 46, 25, 10, 7]
12,7,7,[477, 59, 529, 46, 25, 10, 7]
13,9,13,[5, 475, 29, 499, 969, 39, 16, 8, 6]
14,9,10,[5, 475, 29, 499, 969, 39, 16, 8, 6]
15,9,9,[6, 5, 475, 29, 499, 969, 39, 16, 8]
16,9,8,[8, 6, 5, 475, 29, 499, 969, 39, 16]
17,7,16,[477, 59, 529, 46, 25, 10, 7]
18,9,9,[6, 5, 475, 29, 499, 969, 39, 16, 8]
19,9,18,[5, 475, 29, 499, 969, 39, 16, 8, 6]
20,9,10,[5, 475, 29, 499, 969, 39, 16, 8, 6]
21,7,7,[7, 477, 59, 529, 46, 25, 10]
22,9,14,[5, 475, 29, 499, 969, 39, 16, 8, 6]
23,7,8,[25, 10, 7, 477, 59, 529, 46]
24,9,10,[5, 475, 29, 499, 969, 39, 16, 8, 6]
25,7,6,[10, 7, 477, 59, 529, 46, 25]
26,9,10,[6, 5, 475, 29, 499, 969, 39, 16, 8]
27,9,10,[5, 475, 29, 499, 969, 39, 16, 8, 6]
28,7,11,[477, 59, 529, 46, 25, 10, 7]
29,9,8,[499, 969, 39, 16, 8, 6, 5, 475, 29]
30,7,7,[7, 477, 59, 529, 46, 25, 10]
31,9,13,[5, 475, 29, 499, 969, 39, 16, 8, 6]
32,7,7,[7, 477, 59, 529, 46, 25, 10]
33,9,11,[5, 475, 29, 499, 969, 39, 16, 8, 6]
34,9,19,[5, 475, 29, 499, 969, 39, 16, 8, 6]
35,7,8,[477, 59, 529, 46, 25, 10, 7]
36,7,7,[7, 477, 59, 529, 46, 25, 10]
37,9,10,[499, 969, 39, 16, 8, 6, 5, 475, 29]
38,7,8,[7, 477, 59, 529, 46, 25, 10]
39,9,8,[16, 8, 6, 5, 475, 29, 499, 969, 39]
40,7,11,[477, 59, 529, 46, 25, 10, 7]
41,9,16,[5, 475, 29, 499, 969, 39, 16, 8, 6]
42,7,8,[477, 59, 529, 46, 25, 10, 7]
43,7,13,[477, 59, 529, 46, 25, 10, 7]
44,9,10,[6, 5, 475, 29, 499, 969, 39, 16, 8]
45,7,11,[477, 59, 529, 46, 25, 10, 7]
46,7,6,[25, 10, 7, 477, 59, 529, 46]
47,9,16,[5, 475, 29, 499, 969, 39, 16, 8, 6]
48,7,11,[477, 59, 529, 46, 25, 10, 7]
49,9,11,[5, 475, 29, 499, 969, 39, 16, 8, 6]
50,7,8,[477, 59, 529, 46, 25, 10, 7]
51,9,11,[5, 475, 29, 499, 969, 39, 16, 8, 6]
52,7,17,[477, 59, 529, 46, 25, 10, 7]
53,9,15,[6, 5, 475, 29, 499, 969, 39, 16, 8]
54,7,11,[477, 59, 529, 46, 25, 10, 7]
55,9,9,[8, 6, 5, 475, 29, 499, 969, 39, 16]
56,9,14,[5, 475, 29, 499, 969, 39, 16, 8, 6]
57,9,15,[5, 475, 29, 499, 969, 39, 16, 8, 6]
58,9,14,[5, 475, 29, 499, 969, 39, 16, 8, 6]
59,7,6,[529, 46, 25, 10, 7, 477, 59]
60,7,8,[477, 59, 529, 46, 25, 10, 7]
61,9,12,[6, 5, 475, 29, 499, 969, 39, 16, 8]
62,9,12,[5, 475, 29, 499, 969, 39, 16, 8, 6]
63,9,14,[5, 475, 29, 499, 969, 39, 16, 8, 6]
64,7,8,[477, 59, 529, 46, 25, 10, 7]
65,9,10,[6, 5, 475, 29, 499, 969, 39, 16, 8]
66,9,9,[8, 6, 5, 475, 29, 499, 969, 39, 16]
67,9,17,[5, 475, 29, 499, 969, 39, 16, 8, 6]
68,7,8,[7, 477, 59, 529, 46, 25, 10]
69,9,11,[6, 5, 475, 29, 499, 969, 39, 16, 8]
70,9,11,[5, 475, 29, 499, 969, 39, 16, 8, 6]
71,9,14,[6, 5, 475, 29, 499, 969, 39, 16, 8]
72,7,8,[477, 59, 529, 46, 25, 10, 7]
73,9,11,[499, 969, 39, 16, 8, 6, 5, 475, 29]
74,9,9,[16, 8, 6, 5, 475, 29, 499, 969, 39]
75,9,14,[5, 475, 29, 499, 969, 39, 16, 8, 6]
76,7,9,[25, 10, 7, 477, 59, 529, 46]
77,9,10,[6, 5, 475, 29, 499, 969, 39, 16, 8]
78,9,10,[6, 5, 475, 29, 499, 969, 39, 16, 8]
79,9,19,[5, 475, 29, 499, 969, 39, 16, 8, 6]
80,9,14,[5, 475, 29, 499, 969, 39, 16, 8, 6]
81,7,8,[477, 59, 529, 46, 25, 10, 7]
82,7,14,[477, 59, 529, 46, 25, 10, 7]
83,7,14,[477, 59, 529, 46, 25, 10, 7]
84,9,11,[5, 475, 29, 499, 969, 39, 16, 8, 6]
85,9,15,[5, 475, 29, 499, 969, 39, 16, 8, 6]
86,7,12,[477, 59, 529, 46, 25, 10, 7]
87,7,8,[7, 477, 59, 529, 46, 25, 10]
88,7,17,[477, 59, 529, 46, 25, 10, 7]
89,9,16,[5, 475, 29, 499, 969, 39, 16, 8, 6]
90,9,14,[5, 475, 29, 499, 969, 39, 16, 8, 6]
91,9,11,[5, 475, 29, 499, 969, 39, 16, 8, 6]
92,9,11,[5, 475, 29, 499, 969, 39, 16, 8, 6]
93,9,20,[5, 475, 29, 499, 969, 39, 16, 8, 6]
94,9,12,[5, 475, 29, 499, 969, 39, 16, 8, 6]
95,9,11,[5, 475, 29, 499, 969, 39, 16, 8, 6]
96,9,14,[5, 475, 29, 499, 969, 39, 16, 8, 6]
97,9,20,[5, 475, 29, 499, 969, 39, 16, 8, 6]
98,9,9,[8, 6, 5, 475, 29, 499, 969, 39, 16]
99,7,17,[477, 59, 529, 46, 25, 10, 7]
100,9,11,[5, 475, 29, 499, 969, 39, 16, 8, 6]
101,9,22,[5, 475, 29, 499, 969, 39, 16, 8, 6]
102,9,15,[5, 475, 29, 499, 969, 39, 16, 8, 6]
103,7,20,[477, 59, 529, 46, 25, 10, 7]
104,9,19,[5, 475, 29, 499, 969, 39, 16, 8, 6]
105,9,10,[6, 5, 475, 29, 499, 969, 39, 16, 8]
106,9,10,[8, 6, 5, 475, 29, 499, 969, 39, 16]
107,7,11,[7, 477, 59, 529, 46, 25, 10]
108,9,14,[5, 475, 29, 499, 969, 39, 16, 8, 6]
109,9,12,[6, 5, 475, 29, 499, 969, 39, 16, 8]
110,9,10,[6, 5, 475, 29, 499, 969, 39, 16, 8]
111,7,12,[477, 59, 529, 46, 25, 10, 7]
112,9,10,[6, 5, 475, 29, 499, 969, 39, 16, 8]
113,7,10,[477, 59, 529, 46, 25, 10, 7]
114,9,11,[5, 475, 29, 499, 969, 39, 16, 8, 6]
115,7,12,[477, 59, 529, 46, 25, 10, 7]
116,9,12,[5, 475, 29, 499, 969, 39, 16, 8, 6]
117,9,19,[5, 475, 29, 499, 969, 39, 16, 8, 6]
118,9,13,[6, 5, 475, 29, 499, 969, 39, 16, 8]
119,9,11,[5, 475, 29, 499, 969, 39, 16, 8, 6]
120,9,11,[5, 475, 29, 499, 969, 39, 16, 8, 6]
121,9,15,[5, 475, 29, 499, 969, 39, 16, 8, 6]
122,9,15,[5, 475, 29, 499, 969, 39, 16, 8, 6]
123,9,11,[6, 5, 475, 29, 499, 969, 39, 16, 8]
124,7,9,[477, 59, 529, 46, 25, 10, 7]
125,9,10,[6, 5, 475, 29, 499, 969, 39, 16, 8]
126,9,10,[6, 5, 475, 29, 499, 969, 39, 16, 8]
127,7,23,[477, 59, 529, 46, 25, 10, 7]
128,9,11,[5, 475, 29, 499, 969, 39, 16, 8, 6]
129,7,7,[25, 10, 7, 477, 59, 529, 46]
130,9,11,[5, 475, 29, 499, 969, 39, 16, 8, 6]
131,7,10,[7, 477, 59, 529, 46, 25, 10]
132,9,10,[6, 5, 475, 29, 499, 969, 39, 16, 8]
133,9,11,[6, 5, 475, 29, 499, 969, 39, 16, 8]
134,9,12,[6, 5, 475, 29, 499, 969, 39, 16, 8]
135,9,11,[5, 475, 29, 499, 969, 39, 16, 8, 6]
136,7,9,[25, 10, 7, 477, 59, 529, 46]
137,7,13,[477, 59, 529, 46, 25, 10, 7]
138,7,12,[477, 59, 529, 46, 25, 10, 7]
139,9,10,[16, 8, 6, 5, 475, 29, 499, 969, 39]
140,9,9,[8, 6, 5, 475, 29, 499, 969, 39, 16]
141,7,9,[477, 59, 529, 46, 25, 10, 7]
142,9,12,[499, 969, 39, 16, 8, 6, 5, 475, 29]
143,9,11,[5, 475, 29, 499, 969, 39, 16, 8, 6]
144,9,11,[5, 475, 29, 499, 969, 39, 16, 8, 6]
145,9,20,[5, 475, 29, 499, 969, 39, 16, 8, 6]
146,9,15,[5, 475, 29, 499, 969, 39, 16, 8, 6]
147,7,17,[477, 59, 529, 46, 25, 10, 7]
148,9,17,[5, 475, 29, 499, 969, 39, 16, 8, 6]
149,7,14,[477, 59, 529, 46, 25, 10, 7]
150,9,10,[6, 5, 475, 29, 499, 969, 39, 16, 8]
151,7,9,[7, 477, 59, 529, 46, 25, 10]
152,7,7,[10, 7, 477, 59, 529, 46, 25]
153,7,9,[25, 10, 7, 477, 59, 529, 46]
154,9,11,[5, 475, 29, 499, 969, 39, 16, 8, 6]
155,7,8,[7, 477, 59, 529, 46, 25, 10]
156,9,11,[5, 475, 29, 499, 969, 39, 16, 8, 6]
157,9,13,[5, 475, 29, 499, 969, 39, 16, 8, 6]
158,7,9,[477, 59, 529, 46, 25, 10, 7]
159,9,15,[5, 475, 29, 499, 969, 39, 16, 8, 6]
160,9,10,[6, 5, 475, 29, 499, 969, 39, 16, 8]
161,7,8,[7, 477, 59, 529, 46, 25, 10]
162,9,11,[5, 475, 29, 499, 969, 39, 16, 8, 6]
163,9,15,[6, 5, 475, 29, 499, 969, 39, 16, 8]
164,7,12,[477, 59, 529, 46, 25, 10, 7]
165,9,19,[5, 475, 29, 499, 969, 39, 16, 8, 6]
166,9,16,[5, 475, 29, 499, 969, 39, 16, 8, 6]
167,9,12,[5, 475, 29, 499, 969, 39, 16, 8, 6]
168,9,9,[8, 6, 5, 475, 29, 499, 969, 39, 16]
169,9,11,[6, 5, 475, 29, 499, 969, 39, 16, 8]
170,9,11,[5, 475, 29, 499, 969, 39, 16, 8, 6]
171,7,7,[10, 7, 477, 59, 529, 46, 25]
172,9,17,[5, 475, 29, 499, 969, 39, 16, 8, 6]
173,9,17,[5, 475, 29, 499, 969, 39, 16, 8, 6]
174,9,20,[5, 475, 29, 499, 969, 39, 16, 8, 6]
175,7,17,[477, 59, 529, 46, 25, 10, 7]
176,9,19,[5, 475, 29, 499, 969, 39, 16, 8, 6]
177,9,13,[5, 475, 29, 499, 969, 39, 16, 8, 6]
178,9,12,[5, 475, 29, 499, 969, 39, 16, 8, 6]
179,9,13,[5, 475, 29, 499, 969, 39, 16, 8, 6]
180,9,10,[6, 5, 475, 29, 499, 969, 39, 16, 8]
181,9,18,[5, 475, 29, 499, 969, 39, 16, 8, 6]
182,9,15,[5, 475, 29, 499, 969, 39, 16, 8, 6]
183,7,9,[477, 59, 529, 46, 25, 10, 7]
184,9,9,[499, 969, 39, 16, 8, 6, 5, 475, 29]
185,7,9,[477, 59, 529, 46, 25, 10, 7]
186,7,8,[7, 477, 59, 529, 46, 25, 10]
187,7,12,[477, 59, 529, 46, 25, 10, 7]
188,9,12,[5, 475, 29, 499, 969, 39, 16, 8, 6]
189,9,9,[8, 6, 5, 475, 29, 499, 969, 39, 16]
190,9,11,[6, 5, 475, 29, 499, 969, 39, 16, 8]
191,7,14,[477, 59, 529, 46, 25, 10, 7]
192,9,10,[6, 5, 475, 29, 499, 969, 39, 16, 8]
193,9,13,[5, 475, 29, 499, 969, 39, 16, 8, 6]
194,7,18,[477, 59, 529, 46, 25, 10, 7]
195,7,8,[7, 477, 59, 529, 46, 25, 10]
196,9,10,[6, 5, 475, 29, 499, 969, 39, 16, 8]
197,7,19,[477, 59, 529, 46, 25, 10, 7]
198,9,19,[5, 475, 29, 499, 969, 39, 16, 8, 6]
199,7,15,[477, 59, 529, 46, 25, 10, 7]
200,9,9,[8, 6, 5, 475, 29, 499, 969, 39, 16]
