1,1,0,[1],[0]
2,6,7,[5, 6, 8, 18, 77, 568],[1, 0, 0, 0, 0, 0]
3,6,5,[5, 6, 8, 18, 77, 568],[1, 0, 0, 0, 0, 0]
4,1,0,[4],[0]
5,6,0,[5, 6, 8, 18, 77, 568],[1, 0, 0, 0, 0, 0]
6,6,0,[5, 6, 8, 18, 77, 568],[1, 0, 0, 0, 0, 0]
7,9,0,[7, 11, 12, 29, 45, 50, 570, 574, 592],[1, 1, 0, 1, 0, 0, 0, 0, 0]
8,6,0,[5, 6, 8, 18, 77, 568],[1, 0, 0, 0, 0, 0]
9,6,1,[5, 6, 8, 18, 77, 568],[1, 0, 0, 0, 0, 0]
10,9,1,[7, 11, 12, 29, 45, 50, 570, 574, 592],[1, 1, 0, 1, 0, 0, 0, 0, 0]
11,9,0,[7, 11, 12, 29, 45, 50, 570, 574, 592],[1, 1, 0, 1, 0, 0, 0, 0, 0]
12,9,0,[7, 11, 12, 29, 45, 50, 570, 574, 592],[1, 1, 0, 1, 0, 0, 0, 0, 0]
13,6,2,[5, 6, 8, 18, 77, 568],[1, 0, 0, 0, 0, 0]
14,6,2,[5, 6, 8, 18, 77, 568],[1, 0, 0, 0, 0, 0]
15,6,1,[5, 6, 8, 18, 77, 568],[1, 0, 0, 0, 0, 0]
16,6,1,[5, 6, 8, 18, 77, 568],[1, 0, 0, 0, 0, 0]
17,9,5,[7, 11, 12, 29, 45, 50, 570, 574, 592],[1, 1, 0, 1, 0, 0, 0, 0, 0]
18,6,0,[5, 6, 8, 18, 77, 568],[1, 0, 0, 0, 0, 0]
19,6,6,[5, 6, 8, 18, 77, 568],[1, 0, 0, 0, 0, 0]
20,6,2,[5, 6, 8, 18, 77, 568],[1, 0, 0, 0, 0, 0]
21,9,2,[7, 11, 12, 29, 45, 50, 570, 574, 592],[1, 1, 0, 1, 0, 0, 0, 0, 0]
22,6,3,[5, 6, 8, 18, 77, 568],[1, 0, 0, 0, 0, 0]
23,9,4,[7, 11, 12, 29, 45, 50, 570, 574, 592],[1, 1, 0, 1, 0, 0, 0, 0, 0]
24,6,2,[5, 6, 8, 18, 77, 568],[1, 0, 0, 0, 0, 0]
25,9,2,[7, 11, 12, 29, 45, 50, 570, 574, 592],[1, 1, 0, 1, 0, 0, 0, 0, 0]
26,6,2,[5, 6, 8, 18, 77, 568],[1, 0, 0, 0, 0, 0]
27,6,2,[5, 6, 8, 18, 77, 568],[1, 0, 0, 0, 0, 0]
28,9,1,[7, 11, 12, 29, 45, 50, 570, 574, 592],[1, 1, 0, 1, 0, 0, 0, 0, 0]
29,9,0,[7, 11, 12, 29, 45, 50, 570, 574, 592],[1, 1, 0, 1, 0, 0, 0, 0, 0]
30,9,2,[7, 11, 12, 29, 45, 50, 570, 574, 592],[1, 1, 0, 1, 0, 0, 0, 0, 0]
31,6,5,[5, 6, 8, 18, 77, 568],[1, 0, 0, 0, 0, 0]
32,9,2,[7, 11, 12, 29, 45, 50, 570, 574, 592],[1, 1, 0, 1, 0, 0, 0, 0, 0]
33,6,3,[5, 6, 8, 18, 77, 568],[1, 0, 0, 0, 0, 0]
34,6,7,[5, 6, 8, 18, 77, 568],[1, 0, 0, 0, 0, 0]
35,9,1,[7, 11, 12, 29, 45, 50, 570, 574, 592],[1, 1, 0, 1, 0, 0, 0, 0, 0]
36,9,2,[7, 11, 12, 29, 45, 50, 570, 574, 592],[1, 1, 0, 1, 0, 0, 0, 0, 0]
37,6,8,[5, 6, 8, 18, 77, 568],[1, 0, 0, 0, 0, 0]
38,9,3,[7, 11, 12, 29, 45, 50, 570, 574, 592],[1, 1, 0, 1, 0, 0, 0, 0, 0]
39,6,2,[5, 6, 8, 18, 77, 568],[1, 0, 0, 0, 0, 0]
40,9,1,[7, 11, 12, 29, 45, 50, 570, 574, 592],[1, 1, 0, 1, 0, 0, 0, 0, 0]
41,9,5,[7, 11, 12, 29, 45, 50, 570, 574, 592],[1, 1, 0, 1, 0, 0, 0, 0, 0]
42,9,1,[7, 11, 12, 29, 45, 50, 570, 574, 592],[1, 1, 0, 1, 0, 0, 0, 0, 0]
43,6,5,[5, 6, 8, 18, 77, 568],[1, 0, 0, 0, 0, 0]
44,6,2,[5, 6, 8, 18, 77, 568],[1, 0, 0, 0, 0, 0]
45,9,0,[7, 11, 12, 29, 45, 50, 570, 574, 592],[1, 1, 0, 1, 0, 0, 0, 0, 0]
46,9,3,[7, 11, 12, 29, 45, 50, 570, 574, 592],[1, 1, 0, 1, 0, 0, 0, 0, 0]
47,9,5,[7, 11, 12, 29, 45, 50, 570, 574, 592],[1, 1, 0, 1, 0, 0, 0, 0, 0]
48,9,1,[7, 11, 12, 29, 45, 50, 570, 574, 592],[1, 1, 0, 1, 0, 0, 0, 0, 0]
49,6,3,[5, 6, 8, 18, 77, 568],[1, 0, 0, 0, 0, 0]
50,9,0,[7, 11, 12, 29, 45, 50, 570, 574, 592],[1, 1, 0, 1, 0, 0, 0, 0, 0]
51,6,3,[5, 6, 8, 18, 77, 568],[1, 0, 0, 0, 0, 0]
52,9,6,[7, 11, 12, 29, 45, 50, 570, 574, 592],[1, 1, 0, 1, 0, 0, 0, 0, 0]
53,6,4,[5, 6, 8, 18, 77, 568],[1, 0, 0, 0, 0, 0]
54,9,1,[7, 11, 12, 29, 45, 50, 570, 574, 592],[1, 1, 0, 1, 0, 0, 0, 0, 0]
55,6,2,[5, 6, 8, 18, 77, 568],[1, 0, 0, 0, 0, 0]
56,6,3,[5, 6, 8, 18, 77, 568],[1, 0, 0, 0, 0, 0]
57,6,4,[5, 6, 8, 18, 77, 568],[1, 0, 0, 0, 0, 0]
58,6,6,[5, 6, 8, 18, 77, 568],[1, 0, 0, 0, 0, 0]
59,6,7,[5, 6, 8, 18, 77, 568],[1, 0, 0, 0, 0, 0]
60,9,1,[7, 11, 12, 29, 45, 50, 570, 574, 592],[1, 1, 0, 1, 0, 0, 0, 0, 0]
61,6,4,[5, 6, 8, 18, 77, 568],[1, 0, 0, 0, 0, 0]
62,6,4,[5, 6, 8, 18, 77, 568],[1, 0, 0, 0, 0, 0]
63,6,3,[5, 6, 8, 18, 77, 568],[1, 0, 0, 0, 0, 0]
64,9,1,[7, 11, 12, 29, 45, 50, 570, 574, 592],[1, 1, 0, 1, 0, 0, 0, 0, 0]
65,6,1,[5, 6, 8, 18, 77, 568],[1, 0, 0, 0, 0, 0]
66,6,2,[5, 6, 8, 18, 77, 568],[1, 0, 0, 0, 0, 0]
67,6,4,[5, 6, 8, 18, 77, 568],[1, 0, 0, 0, 0, 0]
68,9,3,[7, 11, 12, 29, 45, 50, 570, 574, 592],[1, 1, 0, 1, 0, 0, 0, 0, 0]
69,6,3,[5, 6, 8, 18, 77, 568],[1, 0, 0, 0, 0, 0]
70,6,3,[5, 6, 8, 18, 77, 568],[1, 0, 0, 0, 0, 0]
71,9,4,[7, 11, 12, 29, 45, 50, 570, 574, 592],[1, 1, 0, 1, 0, 0, 0, 0, 0]
72,9,1,[7, 11, 12, 29, 45, 50, 570, 574, 592],[1, 1, 0, 1, 0, 0, 0, 0, 0]
73,9,3,[7, 11, 12, 29, 45, 50, 570, 574, 592],[1, 1, 0, 1, 0, 0, 0, 0, 0]
74,6,3,[5, 6, 8, 18, 77, 568],[1, 0, 0, 0, 0, 0]
75,6,3,[5, 6, 8, 18, 77, 568],[1, 0, 0, 0, 0, 0]
76,9,5,[7, 11, 12, 29, 45, 50, 570, 574, 592],[1, 1, 0, 1, 0, 0, 0, 0, 0]
77,6,0,[5, 6, 8, 18, 77, 568],[1, 0, 0, 0, 0, 0]
78,6,1,[5, 6, 8, 18, 77, 568],[1, 0, 0, 0, 0, 0]
79,6,4,[5, 6, 8, 18, 77, 568],[1, 0, 0, 0, 0, 0]
80,6,3,[5, 6, 8, 18, 77, 568],[1, 0, 0, 0, 0, 0]
81,9,1,[7, 11, 12, 29, 45, 50, 570, 574, 592],[1, 1, 0, 1, 0, 0, 0, 0, 0]
82,6,6,[5, 6, 8, 18, 77, 568],[1, 0, 0, 0, 0, 0]
83,9,5,[7, 11, 12, 29, 45, 50, 570, 574, 592],[1, 1, 0, 1, 0, 0, 0, 0, 0]
84,6,3,[5, 6, 8, 18, 77, 568],[1, 0, 0, 0, 0, 0]
85,6,4,[5, 6, 8, 18, 77, 568],[1, 0, 0, 0, 0, 0]
86,9,1,[7, 11, 12, 29, 45, 50, 570, 574, 592],[1, 1, 0, 1, 0, 0, 0, 0, 0]
87,9,3,[7, 11, 12, 29, 45, 50, 570, 574, 592],[1, 1, 0, 1, 0, 0, 0, 0, 0]
88,9,6,[7, 11, 12, 29, 45, 50, 570, 574, 592],[1, 1, 0, 1, 0, 0, 0, 0, 0]
89,6,7,[5, 6, 8, 18, 77, 568],[1, 0, 0, 0, 0, 0]
90,6,3,[5, 6, 8, 18, 77, 568],[1, 0, 0, 0, 0, 0]
91,6,3,[5, 6, 8, 18, 77, 568],[1, 0, 0, 0, 0, 0]
92,6,3,[5, 6, 8, 18, 77, 568],[1, 0, 0, 0, 0, 0]
93,6,8,[5, 6, 8, 18, 77, 568],[1, 0, 0, 0, 0, 0]
94,6,4,[5, 6, 8, 18, 77, 568],[1, 0, 0, 0, 0, 0]
95,6,3,[5, 6, 8, 18, 77, 568],[1, 0, 0, 0, 0, 0]
96,6,3,[5, 6, 8, 18, 77, 568],[1, 0, 0, 0, 0, 0]
97,9,6,[7, 11, 12, 29, 45, 50, 570, 574, 592],[1, 1, 0, 1, 0, 0, 0, 0, 0]
98,6,2,[5, 6, 8, 18, 77, 568],[1, 0, 0, 0, 0, 0]
99,9,6,[7, 11, 12, 29, 45, 50, 570, 574, 592],[1, 1, 0, 1, 0, 0, 0, 0, 0]
100,6,3,[5, 6, 8, 18, 77, 568],[1, 0, 0, 0, 0, 0]
