1,1,0,[1],[0]
2,2,9,[29, 715],[1, 0]
3,2,9,[29, 715],[1, 0]
4,1,0,[4],[0]
5,2,3,[29, 715],[1, 0]
6,2,4,[29, 715],[1, 0]
7,2,8,[29, 715],[1, 0]
8,2,5,[29, 715],[1, 0]
9,2,5,[29, 715],[1, 0]
10,2,9,[29, 715],[1, 0]
11,2,12,[29, 715],[1, 0]
12,2,9,[29, 715],[1, 0]
13,4,0,[13, 63, 236, 699],[1, 0, 0, 0]
14,2,6,[29, 715],[1, 0]
15,2,6,[29, 715],[1, 0]
16,2,6,[29, 715],[1, 0]
17,4,3,[13, 63, 236, 699],[1, 0, 0, 0]
18,2,6,[29, 715],[1, 0]
19,2,9,[29, 715],[1, 0]
20,2,6,[29, 715],[1, 0]
21,2,10,[29, 715],[1, 0]
22,4,1,[13, 63, 236, 699],[1, 0, 0, 0]
23,2,13,[29, 715],[1, 0]
24,2,6,[29, 715],[1, 0]
25,2,10,[29, 715],[1, 0]
26,2,7,[29, 715],[1, 0]
27,2,6,[29, 715],[1, 0]
28,2,13,[29, 715],[1, 0]
29,2,0,[29, 715],[1, 0]
30,2,10,[29, 715],[1, 0]
31,2,9,[29, 715],[1, 0]
32,2,10,[29, 715],[1, 0]
33,2,7,[29, 715],[1, 0]
34,2,10,[29, 715],[1, 0]
35,2,10,[29, 715],[1, 0]
36,2,10,[29, 715],[1, 0]
37,2,10,[29, 715],[1, 0]
38,2,11,[29, 715],[1, 0]
39,2,7,[29, 715],[1, 0]
40,2,13,[29, 715],[1, 0]
41,2,13,[29, 715],[1, 0]
42,2,10,[29, 715],[1, 0]
43,2,8,[29, 715],[1, 0]
44,2,7,[29, 715],[1, 0]
45,2,13,[29, 715],[1, 0]
46,2,11,[29, 715],[1, 0]
47,4,5,[13, 63, 236, 699],[1, 0, 0, 0]
48,2,13,[29, 715],[1, 0]
49,2,7,[29, 715],[1, 0]
50,2,10,[29, 715],[1, 0]
51,2,7,[29, 715],[1, 0]
52,4,4,[13, 63, 236, 699],[1, 0, 0, 0]
53,2,13,[29, 715],[1, 0]
54,2,13,[29, 715],[1, 0]
55,2,7,[29, 715],[1, 0]
56,4,1,[13, 63, 236, 699],[1, 0, 0, 0]
57,4,2,[13, 63, 236, 699],[1, 0, 0, 0]
58,2,10,[29, 715],[1, 0]
59,2,9,[29, 715],[1, 0]
60,2,10,[29, 715],[1, 0]
61,2,17,[29, 715],[1, 0]
62,2,8,[29, 715],[1, 0]
63,4,0,[13, 63, 236, 699],[1, 0, 0, 0]
64,2,10,[29, 715],[1, 0]
65,2,7,[29, 715],[1, 0]
66,2,7,[29, 715],[1, 0]
67,2,15,[29, 715],[1, 0]
68,2,11,[29, 715],[1, 0]
69,2,8,[29, 715],[1, 0]
70,2,7,[29, 715],[1, 0]
71,2,16,[29, 715],[1, 0]
72,2,10,[29, 715],[1, 0]
73,2,12,[29, 715],[1, 0]
74,2,8,[29, 715],[1, 0]
75,4,1,[13, 63, 236, 699],[1, 0, 0, 0]
76,2,14,[29, 715],[1, 0]
77,2,7,[29, 715],[1, 0]
78,2,7,[29, 715],[1, 0]
79,2,15,[29, 715],[1, 0]
80,4,1,[13, 63, 236, 699],[1, 0, 0, 0]
81,2,10,[29, 715],[1, 0]
82,2,9,[29, 715],[1, 0]
83,2,10,[29, 715],[1, 0]
84,2,7,[29, 715],[1, 0]
85,4,2,[13, 63, 236, 699],[1, 0, 0, 0]
86,2,14,[29, 715],[1, 0]
87,2,11,[29, 715],[1, 0]
88,4,4,[13, 63, 236, 699],[1, 0, 0, 0]
89,2,15,[29, 715],[1, 0]
90,4,1,[13, 63, 236, 699],[1, 0, 0, 0]
91,2,7,[29, 715],[1, 0]
92,2,7,[29, 715],[1, 0]
93,2,11,[29, 715],[1, 0]
94,2,8,[29, 715],[1, 0]
95,2,7,[29, 715],[1, 0]
96,4,1,[13, 63, 236, 699],[1, 0, 0, 0]
97,2,13,[29, 715],[1, 0]
98,2,7,[29, 715],[1, 0]
99,4,4,[13, 63, 236, 699],[1, 0, 0, 0]
100,2,7,[29, 715],[1, 0]
