1,1,0,[1],[0]
2,4,16,[13, 56, 159, 314],[1, 0, 0, 0]
3,4,12,[13, 56, 159, 314],[1, 0, 0, 0]
4,1,0,[4],[0]
5,4,7,[13, 56, 159, 314],[1, 0, 0, 0]
6,4,8,[13, 56, 159, 314],[1, 0, 0, 0]
7,4,3,[13, 56, 159, 314],[1, 0, 0, 0]
8,4,9,[13, 56, 159, 314],[1, 0, 0, 0]
9,4,9,[13, 56, 159, 314],[1, 0, 0, 0]
10,4,4,[13, 56, 159, 314],[1, 0, 0, 0]
11,4,3,[13, 56, 159, 314],[1, 0, 0, 0]
12,4,4,[13, 56, 159, 314],[1, 0, 0, 0]
13,4,0,[13, 56, 159, 314],[1, 0, 0, 0]
14,4,10,[13, 56, 159, 314],[1, 0, 0, 0]
15,4,10,[13, 56, 159, 314],[1, 0, 0, 0]
16,4,10,[13, 56, 159, 314],[1, 0, 0, 0]
17,4,11,[13, 56, 159, 314],[1, 0, 0, 0]
18,4,10,[13, 56, 159, 314],[1, 0, 0, 0]
19,4,13,[13, 56, 159, 314],[1, 0, 0, 0]
20,4,10,[13, 56, 159, 314],[1, 0, 0, 0]
21,4,5,[13, 56, 159, 314],[1, 0, 0, 0]
22,4,1,[13, 56, 159, 314],[1, 0, 0, 0]
23,4,12,[13, 56, 159, 314],[1, 0, 0, 0]
24,4,10,[13, 56, 159, 314],[1, 0, 0, 0]
25,4,5,[13, 56, 159, 314],[1, 0, 0, 0]
26,4,11,[13, 56, 159, 314],[1, 0, 0, 0]
27,4,10,[13, 56, 159, 314],[1, 0, 0, 0]
28,4,4,[13, 56, 159, 314],[1, 0, 0, 0]
29,4,7,[13, 56, 159, 314],[1, 0, 0, 0]
30,4,5,[13, 56, 159, 314],[1, 0, 0, 0]
31,4,8,[13, 56, 159, 314],[1, 0, 0, 0]
32,4,5,[13, 56, 159, 314],[1, 0, 0, 0]
33,4,11,[13, 56, 159, 314],[1, 0, 0, 0]
34,4,14,[13, 56, 159, 314],[1, 0, 0, 0]
35,4,5,[13, 56, 159, 314],[1, 0, 0, 0]
36,4,5,[13, 56, 159, 314],[1, 0, 0, 0]
37,4,6,[13, 56, 159, 314],[1, 0, 0, 0]
38,4,6,[13, 56, 159, 314],[1, 0, 0, 0]
39,4,11,[13, 56, 159, 314],[1, 0, 0, 0]
40,4,4,[13, 56, 159, 314],[1, 0, 0, 0]
41,4,12,[13, 56, 159, 314],[1, 0, 0, 0]
42,4,5,[13, 56, 159, 314],[1, 0, 0, 0]
43,4,13,[13, 56, 159, 314],[1, 0, 0, 0]
44,4,11,[13, 56, 159, 314],[1, 0, 0, 0]
45,4,4,[13, 56, 159, 314],[1, 0, 0, 0]
46,4,6,[13, 56, 159, 314],[1, 0, 0, 0]
47,4,7,[13, 56, 159, 314],[1, 0, 0, 0]
48,4,4,[13, 56, 159, 314],[1, 0, 0, 0]
49,4,11,[13, 56, 159, 314],[1, 0, 0, 0]
50,4,5,[13, 56, 159, 314],[1, 0, 0, 0]
51,4,11,[13, 56, 159, 314],[1, 0, 0, 0]
52,4,12,[13, 56, 159, 314],[1, 0, 0, 0]
53,4,7,[13, 56, 159, 314],[1, 0, 0, 0]
54,4,4,[13, 56, 159, 314],[1, 0, 0, 0]
55,4,11,[13, 56, 159, 314],[1, 0, 0, 0]
56,4,0,[13, 56, 159, 314],[1, 0, 0, 0]
57,4,2,[13, 56, 159, 314],[1, 0, 0, 0]
58,4,9,[13, 56, 159, 314],[1, 0, 0, 0]
59,4,13,[13, 56, 159, 314],[1, 0, 0, 0]
60,4,5,[13, 56, 159, 314],[1, 0, 0, 0]
61,4,8,[13, 56, 159, 314],[1, 0, 0, 0]
62,4,12,[13, 56, 159, 314],[1, 0, 0, 0]
63,4,1,[13, 56, 159, 314],[1, 0, 0, 0]
64,4,5,[13, 56, 159, 314],[1, 0, 0, 0]
65,4,11,[13, 56, 159, 314],[1, 0, 0, 0]
66,4,11,[13, 56, 159, 314],[1, 0, 0, 0]
67,4,10,[13, 56, 159, 314],[1, 0, 0, 0]
68,4,6,[13, 56, 159, 314],[1, 0, 0, 0]
69,4,12,[13, 56, 159, 314],[1, 0, 0, 0]
70,4,11,[13, 56, 159, 314],[1, 0, 0, 0]
71,4,8,[13, 56, 159, 314],[1, 0, 0, 0]
72,4,5,[13, 56, 159, 314],[1, 0, 0, 0]
73,4,7,[13, 56, 159, 314],[1, 0, 0, 0]
74,4,12,[13, 56, 159, 314],[1, 0, 0, 0]
75,4,1,[13, 56, 159, 314],[1, 0, 0, 0]
76,4,13,[13, 56, 159, 314],[1, 0, 0, 0]
77,4,11,[13, 56, 159, 314],[1, 0, 0, 0]
78,4,11,[13, 56, 159, 314],[1, 0, 0, 0]
79,4,6,[13, 56, 159, 314],[1, 0, 0, 0]
80,4,1,[13, 56, 159, 314],[1, 0, 0, 0]
81,4,5,[13, 56, 159, 314],[1, 0, 0, 0]
82,4,14,[13, 56, 159, 314],[1, 0, 0, 0]
83,4,13,[13, 56, 159, 314],[1, 0, 0, 0]
84,4,11,[13, 56, 159, 314],[1, 0, 0, 0]
85,4,2,[13, 56, 159, 314],[1, 0, 0, 0]
86,4,5,[13, 56, 159, 314],[1, 0, 0, 0]
87,4,6,[13, 56, 159, 314],[1, 0, 0, 0]
88,4,12,[13, 56, 159, 314],[1, 0, 0, 0]
89,4,14,[13, 56, 159, 314],[1, 0, 0, 0]
90,4,1,[13, 56, 159, 314],[1, 0, 0, 0]
91,4,11,[13, 56, 159, 314],[1, 0, 0, 0]
92,4,11,[13, 56, 159, 314],[1, 0, 0, 0]
93,4,15,[13, 56, 159, 314],[1, 0, 0, 0]
94,4,12,[13, 56, 159, 314],[1, 0, 0, 0]
95,4,11,[13, 56, 159, 314],[1, 0, 0, 0]
96,4,1,[13, 56, 159, 314],[1, 0, 0, 0]
97,4,14,[13, 56, 159, 314],[1, 0, 0, 0]
98,4,11,[13, 56, 159, 314],[1, 0, 0, 0]
99,4,12,[13, 56, 159, 314],[1, 0, 0, 0]
100,4,11,[13, 56, 159, 314],[1, 0, 0, 0]
