1,1,0,[1],[0]
2,5,5,[5, 6, 9, 14, 100],[1, 0, 0, 0, 0]
3,5,4,[5, 6, 9, 14, 100],[1, 0, 0, 0, 0]
4,1,0,[4],[0]
5,5,0,[5, 6, 9, 14, 100],[1, 0, 0, 0, 0]
6,5,0,[5, 6, 9, 14, 100],[1, 0, 0, 0, 0]
7,2,3,[13, 108],[1, 0]
8,5,1,[5, 6, 9, 14, 100],[1, 0, 0, 0, 0]
9,5,0,[5, 6, 9, 14, 100],[1, 0, 0, 0, 0]
10,2,4,[13, 108],[1, 0]
11,5,5,[5, 6, 9, 14, 100],[1, 0, 0, 0, 0]
12,2,4,[13, 108],[1, 0]
13,2,0,[13, 108],[1, 0]
14,5,0,[5, 6, 9, 14, 100],[1, 0, 0, 0, 0]
15,5,2,[5, 6, 9, 14, 100],[1, 0, 0, 0, 0]
16,5,2,[5, 6, 9, 14, 100],[1, 0, 0, 0, 0]
17,5,4,[5, 6, 9, 14, 100],[1, 0, 0, 0, 0]
18,5,2,[5, 6, 9, 14, 100],[1, 0, 0, 0, 0]
19,5,3,[5, 6, 9, 14, 100],[1, 0, 0, 0, 0]
20,5,1,[5, 6, 9, 14, 100],[1, 0, 0, 0, 0]
21,2,5,[13, 108],[1, 0]
22,2,1,[13, 108],[1, 0]
23,5,5,[5, 6, 9, 14, 100],[1, 0, 0, 0, 0]
24,5,1,[5, 6, 9, 14, 100],[1, 0, 0, 0, 0]
25,2,5,[13, 108],[1, 0]
26,5,3,[5, 6, 9, 14, 100],[1, 0, 0, 0, 0]
27,5,1,[5, 6, 9, 14, 100],[1, 0, 0, 0, 0]
28,5,6,[5, 6, 9, 14, 100],[1, 0, 0, 0, 0]
29,2,7,[13, 108],[1, 0]
30,2,5,[13, 108],[1, 0]
31,5,4,[5, 6, 9, 14, 100],[1, 0, 0, 0, 0]
32,2,5,[13, 108],[1, 0]
33,5,1,[5, 6, 9, 14, 100],[1, 0, 0, 0, 0]
34,5,4,[5, 6, 9, 14, 100],[1, 0, 0, 0, 0]
35,2,5,[13, 108],[1, 0]
36,2,5,[13, 108],[1, 0]
37,5,4,[5, 6, 9, 14, 100],[1, 0, 0, 0, 0]
38,2,6,[13, 108],[1, 0]
39,5,3,[5, 6, 9, 14, 100],[1, 0, 0, 0, 0]
40,5,6,[5, 6, 9, 14, 100],[1, 0, 0, 0, 0]
41,5,7,[5, 6, 9, 14, 100],[1, 0, 0, 0, 0]
42,2,5,[13, 108],[1, 0]
43,5,8,[5, 6, 9, 14, 100],[1, 0, 0, 0, 0]
44,5,3,[5, 6, 9, 14, 100],[1, 0, 0, 0, 0]
45,5,6,[5, 6, 9, 14, 100],[1, 0, 0, 0, 0]
46,2,6,[13, 108],[1, 0]
47,5,6,[5, 6, 9, 14, 100],[1, 0, 0, 0, 0]
48,5,6,[5, 6, 9, 14, 100],[1, 0, 0, 0, 0]
49,5,1,[5, 6, 9, 14, 100],[1, 0, 0, 0, 0]
50,2,5,[13, 108],[1, 0]
51,5,2,[5, 6, 9, 14, 100],[1, 0, 0, 0, 0]
52,5,5,[5, 6, 9, 14, 100],[1, 0, 0, 0, 0]
53,5,9,[5, 6, 9, 14, 100],[1, 0, 0, 0, 0]
54,5,6,[5, 6, 9, 14, 100],[1, 0, 0, 0, 0]
55,5,3,[5, 6, 9, 14, 100],[1, 0, 0, 0, 0]
56,2,1,[13, 108],[1, 0]
57,2,2,[13, 108],[1, 0]
58,5,5,[5, 6, 9, 14, 100],[1, 0, 0, 0, 0]
59,5,3,[5, 6, 9, 14, 100],[1, 0, 0, 0, 0]
60,2,5,[13, 108],[1, 0]
61,5,3,[5, 6, 9, 14, 100],[1, 0, 0, 0, 0]
62,5,2,[5, 6, 9, 14, 100],[1, 0, 0, 0, 0]
63,2,1,[13, 108],[1, 0]
64,2,5,[13, 108],[1, 0]
65,5,3,[5, 6, 9, 14, 100],[1, 0, 0, 0, 0]
66,5,3,[5, 6, 9, 14, 100],[1, 0, 0, 0, 0]
67,5,2,[5, 6, 9, 14, 100],[1, 0, 0, 0, 0]
68,2,6,[13, 108],[1, 0]
69,5,4,[5, 6, 9, 14, 100],[1, 0, 0, 0, 0]
70,5,1,[5, 6, 9, 14, 100],[1, 0, 0, 0, 0]
71,2,4,[13, 108],[1, 0]
72,2,5,[13, 108],[1, 0]
73,5,4,[5, 6, 9, 14, 100],[1, 0, 0, 0, 0]
74,5,4,[5, 6, 9, 14, 100],[1, 0, 0, 0, 0]
75,2,1,[13, 108],[1, 0]
76,5,6,[5, 6, 9, 14, 100],[1, 0, 0, 0, 0]
77,5,3,[5, 6, 9, 14, 100],[1, 0, 0, 0, 0]
78,5,3,[5, 6, 9, 14, 100],[1, 0, 0, 0, 0]
79,5,6,[5, 6, 9, 14, 100],[1, 0, 0, 0, 0]
80,2,1,[13, 108],[1, 0]
81,2,5,[13, 108],[1, 0]
82,5,9,[5, 6, 9, 14, 100],[1, 0, 0, 0, 0]
83,5,4,[5, 6, 9, 14, 100],[1, 0, 0, 0, 0]
84,5,1,[5, 6, 9, 14, 100],[1, 0, 0, 0, 0]
85,2,2,[13, 108],[1, 0]
86,5,7,[5, 6, 9, 14, 100],[1, 0, 0, 0, 0]
87,2,6,[13, 108],[1, 0]
88,5,5,[5, 6, 9, 14, 100],[1, 0, 0, 0, 0]
89,2,9,[13, 108],[1, 0]
90,2,1,[13, 108],[1, 0]
91,5,2,[5, 6, 9, 14, 100],[1, 0, 0, 0, 0]
92,5,2,[5, 6, 9, 14, 100],[1, 0, 0, 0, 0]
93,5,5,[5, 6, 9, 14, 100],[1, 0, 0, 0, 0]
94,5,2,[5, 6, 9, 14, 100],[1, 0, 0, 0, 0]
95,5,2,[5, 6, 9, 14, 100],[1, 0, 0, 0, 0]
96,2,1,[13, 108],[1, 0]
97,5,4,[5, 6, 9, 14, 100],[1, 0, 0, 0, 0]
98,5,3,[5, 6, 9, 14, 100],[1, 0, 0, 0, 0]
99,5,5,[5, 6, 9, 14, 100],[1, 0, 0, 0, 0]
100,5,0,[5, 6, 9, 14, 100],[1, 0, 0, 0, 0]
