1,1,0,[1],[0]
2,8,11,[5, 6, 9, 24, 37, 279, 311, 585],[1, 0, 0, 0, 1, 0, 1, 0]
3,8,7,[5, 6, 9, 24, 37, 279, 311, 585],[1, 0, 0, 0, 1, 0, 1, 0]
4,1,0,[4],[0]
5,8,0,[5, 6, 9, 24, 37, 279, 311, 585],[1, 0, 0, 0, 1, 0, 1, 0]
6,8,0,[5, 6, 9, 24, 37, 279, 311, 585],[1, 0, 0, 0, 1, 0, 1, 0]
7,8,7,[5, 6, 9, 24, 37, 279, 311, 585],[1, 0, 0, 0, 1, 0, 1, 0]
8,8,1,[5, 6, 9, 24, 37, 279, 311, 585],[1, 0, 0, 0, 1, 0, 1, 0]
9,8,0,[5, 6, 9, 24, 37, 279, 311, 585],[1, 0, 0, 0, 1, 0, 1, 0]
10,8,8,[5, 6, 9, 24, 37, 279, 311, 585],[1, 0, 0, 0, 1, 0, 1, 0]
11,8,3,[5, 6, 9, 24, 37, 279, 311, 585],[1, 0, 0, 0, 1, 0, 1, 0]
12,8,8,[5, 6, 9, 24, 37, 279, 311, 585],[1, 0, 0, 0, 1, 0, 1, 0]
13,8,6,[5, 6, 9, 24, 37, 279, 311, 585],[1, 0, 0, 0, 1, 0, 1, 0]
14,8,1,[5, 6, 9, 24, 37, 279, 311, 585],[1, 0, 0, 0, 1, 0, 1, 0]
15,8,2,[5, 6, 9, 24, 37, 279, 311, 585],[1, 0, 0, 0, 1, 0, 1, 0]
16,8,2,[5, 6, 9, 24, 37, 279, 311, 585],[1, 0, 0, 0, 1, 0, 1, 0]
17,8,4,[5, 6, 9, 24, 37, 279, 311, 585],[1, 0, 0, 0, 1, 0, 1, 0]
18,8,2,[5, 6, 9, 24, 37, 279, 311, 585],[1, 0, 0, 0, 1, 0, 1, 0]
19,3,0,[19, 293, 567],[1, 1, 0]
20,8,1,[5, 6, 9, 24, 37, 279, 311, 585],[1, 0, 0, 0, 1, 0, 1, 0]
21,8,9,[5, 6, 9, 24, 37, 279, 311, 585],[1, 0, 0, 0, 1, 0, 1, 0]
22,8,7,[5, 6, 9, 24, 37, 279, 311, 585],[1, 0, 0, 0, 1, 0, 1, 0]
23,8,3,[5, 6, 9, 24, 37, 279, 311, 585],[1, 0, 0, 0, 1, 0, 1, 0]
24,8,0,[5, 6, 9, 24, 37, 279, 311, 585],[1, 0, 0, 0, 1, 0, 1, 0]
25,8,9,[5, 6, 9, 24, 37, 279, 311, 585],[1, 0, 0, 0, 1, 0, 1, 0]
26,8,3,[5, 6, 9, 24, 37, 279, 311, 585],[1, 0, 0, 0, 1, 0, 1, 0]
27,8,1,[5, 6, 9, 24, 37, 279, 311, 585],[1, 0, 0, 0, 1, 0, 1, 0]
28,8,4,[5, 6, 9, 24, 37, 279, 311, 585],[1, 0, 0, 0, 1, 0, 1, 0]
29,3,3,[19, 293, 567],[1, 1, 0]
30,8,9,[5, 6, 9, 24, 37, 279, 311, 585],[1, 0, 0, 0, 1, 0, 1, 0]
31,8,5,[5, 6, 9, 24, 37, 279, 311, 585],[1, 0, 0, 0, 1, 0, 1, 0]
32,8,9,[5, 6, 9, 24, 37, 279, 311, 585],[1, 0, 0, 0, 1, 0, 1, 0]
33,8,2,[5, 6, 9, 24, 37, 279, 311, 585],[1, 0, 0, 0, 1, 0, 1, 0]
34,3,1,[19, 293, 567],[1, 1, 0]
35,8,9,[5, 6, 9, 24, 37, 279, 311, 585],[1, 0, 0, 0, 1, 0, 1, 0]
36,8,9,[5, 6, 9, 24, 37, 279, 311, 585],[1, 0, 0, 0, 1, 0, 1, 0]
37,8,0,[5, 6, 9, 24, 37, 279, 311, 585],[1, 0, 0, 0, 1, 0, 1, 0]
38,8,10,[5, 6, 9, 24, 37, 279, 311, 585],[1, 0, 0, 0, 1, 0, 1, 0]
39,8,3,[5, 6, 9, 24, 37, 279, 311, 585],[1, 0, 0, 0, 1, 0, 1, 0]
40,8,4,[5, 6, 9, 24, 37, 279, 311, 585],[1, 0, 0, 0, 1, 0, 1, 0]
41,8,4,[5, 6, 9, 24, 37, 279, 311, 585],[1, 0, 0, 0, 1, 0, 1, 0]
42,8,9,[5, 6, 9, 24, 37, 279, 311, 585],[1, 0, 0, 0, 1, 0, 1, 0]
43,8,6,[5, 6, 9, 24, 37, 279, 311, 585],[1, 0, 0, 0, 1, 0, 1, 0]
44,8,3,[5, 6, 9, 24, 37, 279, 311, 585],[1, 0, 0, 0, 1, 0, 1, 0]
45,8,4,[5, 6, 9, 24, 37, 279, 311, 585],[1, 0, 0, 0, 1, 0, 1, 0]
46,8,10,[5, 6, 9, 24, 37, 279, 311, 585],[1, 0, 0, 0, 1, 0, 1, 0]
47,8,5,[5, 6, 9, 24, 37, 279, 311, 585],[1, 0, 0, 0, 1, 0, 1, 0]
48,8,4,[5, 6, 9, 24, 37, 279, 311, 585],[1, 0, 0, 0, 1, 0, 1, 0]
49,8,2,[5, 6, 9, 24, 37, 279, 311, 585],[1, 0, 0, 0, 1, 0, 1, 0]
50,8,9,[5, 6, 9, 24, 37, 279, 311, 585],[1, 0, 0, 0, 1, 0, 1, 0]
51,8,2,[5, 6, 9, 24, 37, 279, 311, 585],[1, 0, 0, 0, 1, 0, 1, 0]
52,8,5,[5, 6, 9, 24, 37, 279, 311, 585],[1, 0, 0, 0, 1, 0, 1, 0]
53,8,5,[5, 6, 9, 24, 37, 279, 311, 585],[1, 0, 0, 0, 1, 0, 1, 0]
54,8,4,[5, 6, 9, 24, 37, 279, 311, 585],[1, 0, 0, 0, 1, 0, 1, 0]
55,8,3,[5, 6, 9, 24, 37, 279, 311, 585],[1, 0, 0, 0, 1, 0, 1, 0]
56,8,7,[5, 6, 9, 24, 37, 279, 311, 585],[1, 0, 0, 0, 1, 0, 1, 0]
57,8,8,[5, 6, 9, 24, 37, 279, 311, 585],[1, 0, 0, 0, 1, 0, 1, 0]
58,8,6,[5, 6, 9, 24, 37, 279, 311, 585],[1, 0, 0, 0, 1, 0, 1, 0]
59,8,8,[5, 6, 9, 24, 37, 279, 311, 585],[1, 0, 0, 0, 1, 0, 1, 0]
60,8,9,[5, 6, 9, 24, 37, 279, 311, 585],[1, 0, 0, 0, 1, 0, 1, 0]
61,8,11,[5, 6, 9, 24, 37, 279, 311, 585],[1, 0, 0, 0, 1, 0, 1, 0]
62,8,3,[5, 6, 9, 24, 37, 279, 311, 585],[1, 0, 0, 0, 1, 0, 1, 0]
63,8,7,[5, 6, 9, 24, 37, 279, 311, 585],[1, 0, 0, 0, 1, 0, 1, 0]
64,8,9,[5, 6, 9, 24, 37, 279, 311, 585],[1, 0, 0, 0, 1, 0, 1, 0]
65,8,3,[5, 6, 9, 24, 37, 279, 311, 585],[1, 0, 0, 0, 1, 0, 1, 0]
66,8,3,[5, 6, 9, 24, 37, 279, 311, 585],[1, 0, 0, 0, 1, 0, 1, 0]
67,8,11,[5, 6, 9, 24, 37, 279, 311, 585],[1, 0, 0, 0, 1, 0, 1, 0]
68,8,10,[5, 6, 9, 24, 37, 279, 311, 585],[1, 0, 0, 0, 1, 0, 1, 0]
69,8,4,[5, 6, 9, 24, 37, 279, 311, 585],[1, 0, 0, 0, 1, 0, 1, 0]
70,8,2,[5, 6, 9, 24, 37, 279, 311, 585],[1, 0, 0, 0, 1, 0, 1, 0]
71,8,7,[5, 6, 9, 24, 37, 279, 311, 585],[1, 0, 0, 0, 1, 0, 1, 0]
72,8,9,[5, 6, 9, 24, 37, 279, 311, 585],[1, 0, 0, 0, 1, 0, 1, 0]
73,8,12,[5, 6, 9, 24, 37, 279, 311, 585],[1, 0, 0, 0, 1, 0, 1, 0]
74,8,4,[5, 6, 9, 24, 37, 279, 311, 585],[1, 0, 0, 0, 1, 0, 1, 0]
75,8,7,[5, 6, 9, 24, 37, 279, 311, 585],[1, 0, 0, 0, 1, 0, 1, 0]
76,8,4,[5, 6, 9, 24, 37, 279, 311, 585],[1, 0, 0, 0, 1, 0, 1, 0]
77,8,3,[5, 6, 9, 24, 37, 279, 311, 585],[1, 0, 0, 0, 1, 0, 1, 0]
78,8,3,[5, 6, 9, 24, 37, 279, 311, 585],[1, 0, 0, 0, 1, 0, 1, 0]
79,8,5,[5, 6, 9, 24, 37, 279, 311, 585],[1, 0, 0, 0, 1, 0, 1, 0]
80,8,7,[5, 6, 9, 24, 37, 279, 311, 585],[1, 0, 0, 0, 1, 0, 1, 0]
81,8,9,[5, 6, 9, 24, 37, 279, 311, 585],[1, 0, 0, 0, 1, 0, 1, 0]
82,8,7,[5, 6, 9, 24, 37, 279, 311, 585],[1, 0, 0, 0, 1, 0, 1, 0]
83,8,3,[5, 6, 9, 24, 37, 279, 311, 585],[1, 0, 0, 0, 1, 0, 1, 0]
84,8,2,[5, 6, 9, 24, 37, 279, 311, 585],[1, 0, 0, 0, 1, 0, 1, 0]
85,8,8,[5, 6, 9, 24, 37, 279, 311, 585],[1, 0, 0, 0, 1, 0, 1, 0]
86,8,5,[5, 6, 9, 24, 37, 279, 311, 585],[1, 0, 0, 0, 1, 0, 1, 0]
87,8,10,[5, 6, 9, 24, 37, 279, 311, 585],[1, 0, 0, 0, 1, 0, 1, 0]
88,8,5,[5, 6, 9, 24, 37, 279, 311, 585],[1, 0, 0, 0, 1, 0, 1, 0]
89,8,11,[5, 6, 9, 24, 37, 279, 311, 585],[1, 0, 0, 0, 1, 0, 1, 0]
90,8,7,[5, 6, 9, 24, 37, 279, 311, 585],[1, 0, 0, 0, 1, 0, 1, 0]
91,8,2,[5, 6, 9, 24, 37, 279, 311, 585],[1, 0, 0, 0, 1, 0, 1, 0]
92,8,2,[5, 6, 9, 24, 37, 279, 311, 585],[1, 0, 0, 0, 1, 0, 1, 0]
93,3,2,[19, 293, 567],[1, 1, 0]
94,8,3,[5, 6, 9, 24, 37, 279, 311, 585],[1, 0, 0, 0, 1, 0, 1, 0]
95,8,1,[5, 6, 9, 24, 37, 279, 311, 585],[1, 0, 0, 0, 1, 0, 1, 0]
96,8,7,[5, 6, 9, 24, 37, 279, 311, 585],[1, 0, 0, 0, 1, 0, 1, 0]
97,8,11,[5, 6, 9, 24, 37, 279, 311, 585],[1, 0, 0, 0, 1, 0, 1, 0]
98,8,3,[5, 6, 9, 24, 37, 279, 311, 585],[1, 0, 0, 0, 1, 0, 1, 0]
99,8,5,[5, 6, 9, 24, 37, 279, 311, 585],[1, 0, 0, 0, 1, 0, 1, 0]
100,8,2,[5, 6, 9, 24, 37, 279, 311, 585],[1, 0, 0, 0, 1, 0, 1, 0]
