1,1,0,[1]
2,19,27,[265, 58, 31, 289, 34, 19, 277, 535, 112, 15, 8, 6, 5, 263, 521, 779, 60, 12, 7]
3,19,21,[7, 265, 58, 31, 289, 34, 19, 277, 535, 112, 15, 8, 6, 5, 263, 521, 779, 60, 12]
4,1,0,[4]
5,19,18,[263, 521, 779, 60, 12, 7, 265, 58, 31, 289, 34, 19, 277, 535, 112, 15, 8, 6, 5]
6,19,18,[5, 263, 521, 779, 60, 12, 7, 265, 58, 31, 289, 34, 19, 277, 535, 112, 15, 8, 6]
7,19,18,[265, 58, 31, 289, 34, 19, 277, 535, 112, 15, 8, 6, 5, 263, 521, 779, 60, 12, 7]
8,19,18,[6, 5, 263, 521, 779, 60, 12, 7, 265, 58, 31, 289, 34, 19, 277, 535, 112, 15, 8]
9,19,19,[5, 263, 521, 779, 60, 12, 7, 265, 58, 31, 289, 34, 19, 277, 535, 112, 15, 8, 6]
10,19,19,[265, 58, 31, 289, 34, 19, 277, 535, 112, 15, 8, 6, 5, 263, 521, 779, 60, 12, 7]
11,4,3,[269, 527, 48, 11]
12,19,18,[7, 265, 58, 31, 289, 34, 19, 277, 535, 112, 15, 8, 6, 5, 263, 521, 779, 60, 12]
13,19,24,[265, 58, 31, 289, 34, 19, 277, 535, 112, 15, 8, 6, 5, 263, 521, 779, 60, 12, 7]
14,19,20,[5, 263, 521, 779, 60, 12, 7, 265, 58, 31, 289, 34, 19, 277, 535, 112, 15, 8, 6]
15,19,18,[8, 6, 5, 263, 521, 779, 60, 12, 7, 265, 58, 31, 289, 34, 19, 277, 535, 112, 15]
16,19,19,[6, 5, 263, 521, 779, 60, 12, 7, 265, 58, 31, 289, 34, 19, 277, 535, 112, 15, 8]
17,19,22,[265, 58, 31, 289, 34, 19, 277, 535, 112, 15, 8, 6, 5, 263, 521, 779, 60, 12, 7]
18,19,19,[6, 5, 263, 521, 779, 60, 12, 7, 265, 58, 31, 289, 34, 19, 277, 535, 112, 15, 8]
19,19,18,[277, 535, 112, 15, 8, 6, 5, 263, 521, 779, 60, 12, 7, 265, 58, 31, 289, 34, 19]
20,19,20,[5, 263, 521, 779, 60, 12, 7, 265, 58, 31, 289, 34, 19, 277, 535, 112, 15, 8, 6]
21,19,20,[265, 58, 31, 289, 34, 19, 277, 535, 112, 15, 8, 6, 5, 263, 521, 779, 60, 12, 7]
22,19,25,[265, 58, 31, 289, 34, 19, 277, 535, 112, 15, 8, 6, 5, 263, 521, 779, 60, 12, 7]
23,19,23,[265, 58, 31, 289, 34, 19, 277, 535, 112, 15, 8, 6, 5, 263, 521, 779, 60, 12, 7]
24,19,20,[5, 263, 521, 779, 60, 12, 7, 265, 58, 31, 289, 34, 19, 277, 535, 112, 15, 8, 6]
25,19,20,[265, 58, 31, 289, 34, 19, 277, 535, 112, 15, 8, 6, 5, 263, 521, 779, 60, 12, 7]
26,19,19,[8, 6, 5, 263, 521, 779, 60, 12, 7, 265, 58, 31, 289, 34, 19, 277, 535, 112, 15]
27,19,20,[5, 263, 521, 779, 60, 12, 7, 265, 58, 31, 289, 34, 19, 277, 535, 112, 15, 8, 6]
28,4,4,[269, 527, 48, 11]
29,4,5,[11, 269, 527, 48]
30,19,20,[265, 58, 31, 289, 34, 19, 277, 535, 112, 15, 8, 6, 5, 263, 521, 779, 60, 12, 7]
31,19,18,[289, 34, 19, 277, 535, 112, 15, 8, 6, 5, 263, 521, 779, 60, 12, 7, 265, 58, 31]
32,19,20,[265, 58, 31, 289, 34, 19, 277, 535, 112, 15, 8, 6, 5, 263, 521, 779, 60, 12, 7]
33,19,21,[5, 263, 521, 779, 60, 12, 7, 265, 58, 31, 289, 34, 19, 277, 535, 112, 15, 8, 6]
34,19,18,[19, 277, 535, 112, 15, 8, 6, 5, 263, 521, 779, 60, 12, 7, 265, 58, 31, 289, 34]
35,19,19,[7, 265, 58, 31, 289, 34, 19, 277, 535, 112, 15, 8, 6, 5, 263, 521, 779, 60, 12]
36,19,20,[265, 58, 31, 289, 34, 19, 277, 535, 112, 15, 8, 6, 5, 263, 521, 779, 60, 12, 7]
37,19,21,[7, 265, 58, 31, 289, 34, 19, 277, 535, 112, 15, 8, 6, 5, 263, 521, 779, 60, 12]
38,19,21,[265, 58, 31, 289, 34, 19, 277, 535, 112, 15, 8, 6, 5, 263, 521, 779, 60, 12, 7]
39,19,20,[6, 5, 263, 521, 779, 60, 12, 7, 265, 58, 31, 289, 34, 19, 277, 535, 112, 15, 8]
40,4,4,[269, 527, 48, 11]
41,19,22,[265, 58, 31, 289, 34, 19, 277, 535, 112, 15, 8, 6, 5, 263, 521, 779, 60, 12, 7]
42,19,19,[7, 265, 58, 31, 289, 34, 19, 277, 535, 112, 15, 8, 6, 5, 263, 521, 779, 60, 12]
43,19,21,[7, 265, 58, 31, 289, 34, 19, 277, 535, 112, 15, 8, 6, 5, 263, 521, 779, 60, 12]
44,19,19,[8, 6, 5, 263, 521, 779, 60, 12, 7, 265, 58, 31, 289, 34, 19, 277, 535, 112, 15]
45,4,4,[269, 527, 48, 11]
46,19,21,[265, 58, 31, 289, 34, 19, 277, 535, 112, 15, 8, 6, 5, 263, 521, 779, 60, 12, 7]
47,19,22,[6, 5, 263, 521, 779, 60, 12, 7, 265, 58, 31, 289, 34, 19, 277, 535, 112, 15, 8]
48,4,3,[11, 269, 527, 48]
49,19,21,[5, 263, 521, 779, 60, 12, 7, 265, 58, 31, 289, 34, 19, 277, 535, 112, 15, 8, 6]
50,19,19,[7, 265, 58, 31, 289, 34, 19, 277, 535, 112, 15, 8, 6, 5, 263, 521, 779, 60, 12]
51,19,21,[5, 263, 521, 779, 60, 12, 7, 265, 58, 31, 289, 34, 19, 277, 535, 112, 15, 8, 6]
52,19,23,[265, 58, 31, 289, 34, 19, 277, 535, 112, 15, 8, 6, 5, 263, 521, 779, 60, 12, 7]
53,19,26,[7, 265, 58, 31, 289, 34, 19, 277, 535, 112, 15, 8, 6, 5, 263, 521, 779, 60, 12]
54,4,4,[269, 527, 48, 11]
55,19,20,[6, 5, 263, 521, 779, 60, 12, 7, 265, 58, 31, 289, 34, 19, 277, 535, 112, 15, 8]
56,19,25,[265, 58, 31, 289, 34, 19, 277, 535, 112, 15, 8, 6, 5, 263, 521, 779, 60, 12, 7]
57,19,26,[265, 58, 31, 289, 34, 19, 277, 535, 112, 15, 8, 6, 5, 263, 521, 779, 60, 12, 7]
58,19,18,[31, 289, 34, 19, 277, 535, 112, 15, 8, 6, 5, 263, 521, 779, 60, 12, 7, 265, 58]
59,19,24,[5, 263, 521, 779, 60, 12, 7, 265, 58, 31, 289, 34, 19, 277, 535, 112, 15, 8, 6]
60,19,18,[12, 7, 265, 58, 31, 289, 34, 19, 277, 535, 112, 15, 8, 6, 5, 263, 521, 779, 60]
61,4,6,[269, 527, 48, 11]
62,19,22,[5, 263, 521, 779, 60, 12, 7, 265, 58, 31, 289, 34, 19, 277, 535, 112, 15, 8, 6]
63,19,25,[265, 58, 31, 289, 34, 19, 277, 535, 112, 15, 8, 6, 5, 263, 521, 779, 60, 12, 7]
64,19,19,[7, 265, 58, 31, 289, 34, 19, 277, 535, 112, 15, 8, 6, 5, 263, 521, 779, 60, 12]
65,19,20,[6, 5, 263, 521, 779, 60, 12, 7, 265, 58, 31, 289, 34, 19, 277, 535, 112, 15, 8]
66,19,20,[6, 5, 263, 521, 779, 60, 12, 7, 265, 58, 31, 289, 34, 19, 277, 535, 112, 15, 8]
67,19,25,[265, 58, 31, 289, 34, 19, 277, 535, 112, 15, 8, 6, 5, 263, 521, 779, 60, 12, 7]
68,19,21,[265, 58, 31, 289, 34, 19, 277, 535, 112, 15, 8, 6, 5, 263, 521, 779, 60, 12, 7]
69,19,20,[8, 6, 5, 263, 521, 779, 60, 12, 7, 265, 58, 31, 289, 34, 19, 277, 535, 112, 15]
70,19,21,[5, 263, 521, 779, 60, 12, 7, 265, 58, 31, 289, 34, 19, 277, 535, 112, 15, 8, 6]
71,4,6,[269, 527, 48, 11]
72,19,19,[7, 265, 58, 31, 289, 34, 19, 277, 535, 112, 15, 8, 6, 5, 263, 521, 779, 60, 12]
73,19,22,[7, 265, 58, 31, 289, 34, 19, 277, 535, 112, 15, 8, 6, 5, 263, 521, 779, 60, 12]
74,19,21,[6, 5, 263, 521, 779, 60, 12, 7, 265, 58, 31, 289, 34, 19, 277, 535, 112, 15, 8]
75,19,25,[265, 58, 31, 289, 34, 19, 277, 535, 112, 15, 8, 6, 5, 263, 521, 779, 60, 12, 7]
76,19,24,[265, 58, 31, 289, 34, 19, 277, 535, 112, 15, 8, 6, 5, 263, 521, 779, 60, 12, 7]
77,19,20,[6, 5, 263, 521, 779, 60, 12, 7, 265, 58, 31, 289, 34, 19, 277, 535, 112, 15, 8]
78,19,20,[6, 5, 263, 521, 779, 60, 12, 7, 265, 58, 31, 289, 34, 19, 277, 535, 112, 15, 8]
79,4,8,[11, 269, 527, 48]
80,19,25,[265, 58, 31, 289, 34, 19, 277, 535, 112, 15, 8, 6, 5, 263, 521, 779, 60, 12, 7]
81,19,19,[7, 265, 58, 31, 289, 34, 19, 277, 535, 112, 15, 8, 6, 5, 263, 521, 779, 60, 12]
82,19,22,[7, 265, 58, 31, 289, 34, 19, 277, 535, 112, 15, 8, 6, 5, 263, 521, 779, 60, 12]
83,19,21,[7, 265, 58, 31, 289, 34, 19, 277, 535, 112, 15, 8, 6, 5, 263, 521, 779, 60, 12]
84,19,21,[5, 263, 521, 779, 60, 12, 7, 265, 58, 31, 289, 34, 19, 277, 535, 112, 15, 8, 6]
85,19,26,[265, 58, 31, 289, 34, 19, 277, 535, 112, 15, 8, 6, 5, 263, 521, 779, 60, 12, 7]
86,4,5,[269, 527, 48, 11]
87,19,21,[265, 58, 31, 289, 34, 19, 277, 535, 112, 15, 8, 6, 5, 263, 521, 779, 60, 12, 7]
88,19,23,[265, 58, 31, 289, 34, 19, 277, 535, 112, 15, 8, 6, 5, 263, 521, 779, 60, 12, 7]
89,19,23,[5, 263, 521, 779, 60, 12, 7, 265, 58, 31, 289, 34, 19, 277, 535, 112, 15, 8, 6]
90,19,25,[265, 58, 31, 289, 34, 19, 277, 535, 112, 15, 8, 6, 5, 263, 521, 779, 60, 12, 7]
91,19,21,[5, 263, 521, 779, 60, 12, 7, 265, 58, 31, 289, 34, 19, 277, 535, 112, 15, 8, 6]
92,19,21,[5, 263, 521, 779, 60, 12, 7, 265, 58, 31, 289, 34, 19, 277, 535, 112, 15, 8, 6]
93,19,19,[19, 277, 535, 112, 15, 8, 6, 5, 263, 521, 779, 60, 12, 7, 265, 58, 31, 289, 34]
94,19,22,[5, 263, 521, 779, 60, 12, 7, 265, 58, 31, 289, 34, 19, 277, 535, 112, 15, 8, 6]
95,19,21,[5, 263, 521, 779, 60, 12, 7, 265, 58, 31, 289, 34, 19, 277, 535, 112, 15, 8, 6]
96,19,25,[265, 58, 31, 289, 34, 19, 277, 535, 112, 15, 8, 6, 5, 263, 521, 779, 60, 12, 7]
97,19,26,[265, 58, 31, 289, 34, 19, 277, 535, 112, 15, 8, 6, 5, 263, 521, 779, 60, 12, 7]
98,19,20,[6, 5, 263, 521, 779, 60, 12, 7, 265, 58, 31, 289, 34, 19, 277, 535, 112, 15, 8]
99,19,23,[265, 58, 31, 289, 34, 19, 277, 535, 112, 15, 8, 6, 5, 263, 521, 779, 60, 12, 7]
100,19,21,[5, 263, 521, 779, 60, 12, 7, 265, 58, 31, 289, 34, 19, 277, 535, 112, 15, 8, 6]
101,19,29,[265, 58, 31, 289, 34, 19, 277, 535, 112, 15, 8, 6, 5, 263, 521, 779, 60, 12, 7]
102,19,26,[265, 58, 31, 289, 34, 19, 277, 535, 112, 15, 8, 6, 5, 263, 521, 779, 60, 12, 7]
103,19,23,[265, 58, 31, 289, 34, 19, 277, 535, 112, 15, 8, 6, 5, 263, 521, 779, 60, 12, 7]
104,19,19,[277, 535, 112, 15, 8, 6, 5, 263, 521, 779, 60, 12, 7, 265, 58, 31, 289, 34, 19]
105,19,19,[8, 6, 5, 263, 521, 779, 60, 12, 7, 265, 58, 31, 289, 34, 19, 277, 535, 112, 15]
106,19,21,[6, 5, 263, 521, 779, 60, 12, 7, 265, 58, 31, 289, 34, 19, 277, 535, 112, 15, 8]
107,19,22,[6, 5, 263, 521, 779, 60, 12, 7, 265, 58, 31, 289, 34, 19, 277, 535, 112, 15, 8]
108,19,25,[265, 58, 31, 289, 34, 19, 277, 535, 112, 15, 8, 6, 5, 263, 521, 779, 60, 12, 7]
109,19,23,[5, 263, 521, 779, 60, 12, 7, 265, 58, 31, 289, 34, 19, 277, 535, 112, 15, 8, 6]
110,19,20,[6, 5, 263, 521, 779, 60, 12, 7, 265, 58, 31, 289, 34, 19, 277, 535, 112, 15, 8]
111,4,5,[269, 527, 48, 11]
112,19,18,[15, 8, 6, 5, 263, 521, 779, 60, 12, 7, 265, 58, 31, 289, 34, 19, 277, 535, 112]
113,19,20,[12, 7, 265, 58, 31, 289, 34, 19, 277, 535, 112, 15, 8, 6, 5, 263, 521, 779, 60]
114,19,21,[5, 263, 521, 779, 60, 12, 7, 265, 58, 31, 289, 34, 19, 277, 535, 112, 15, 8, 6]
115,4,5,[269, 527, 48, 11]
116,19,22,[5, 263, 521, 779, 60, 12, 7, 265, 58, 31, 289, 34, 19, 277, 535, 112, 15, 8, 6]
117,19,19,[277, 535, 112, 15, 8, 6, 5, 263, 521, 779, 60, 12, 7, 265, 58, 31, 289, 34, 19]
118,4,7,[269, 527, 48, 11]
119,19,21,[5, 263, 521, 779, 60, 12, 7, 265, 58, 31, 289, 34, 19, 277, 535, 112, 15, 8, 6]
120,19,21,[5, 263, 521, 779, 60, 12, 7, 265, 58, 31, 289, 34, 19, 277, 535, 112, 15, 8, 6]
121,19,26,[265, 58, 31, 289, 34, 19, 277, 535, 112, 15, 8, 6, 5, 263, 521, 779, 60, 12, 7]
122,19,26,[265, 58, 31, 289, 34, 19, 277, 535, 112, 15, 8, 6, 5, 263, 521, 779, 60, 12, 7]
123,19,20,[8, 6, 5, 263, 521, 779, 60, 12, 7, 265, 58, 31, 289, 34, 19, 277, 535, 112, 15]
124,19,20,[7, 265, 58, 31, 289, 34, 19, 277, 535, 112, 15, 8, 6, 5, 263, 521, 779, 60, 12]
125,19,19,[8, 6, 5, 263, 521, 779, 60, 12, 7, 265, 58, 31, 289, 34, 19, 277, 535, 112, 15]
126,19,19,[8, 6, 5, 263, 521, 779, 60, 12, 7, 265, 58, 31, 289, 34, 19, 277, 535, 112, 15]
127,19,25,[265, 58, 31, 289, 34, 19, 277, 535, 112, 15, 8, 6, 5, 263, 521, 779, 60, 12, 7]
128,19,21,[5, 263, 521, 779, 60, 12, 7, 265, 58, 31, 289, 34, 19, 277, 535, 112, 15, 8, 6]
129,19,22,[265, 58, 31, 289, 34, 19, 277, 535, 112, 15, 8, 6, 5, 263, 521, 779, 60, 12, 7]
130,19,21,[5, 263, 521, 779, 60, 12, 7, 265, 58, 31, 289, 34, 19, 277, 535, 112, 15, 8, 6]
131,19,25,[265, 58, 31, 289, 34, 19, 277, 535, 112, 15, 8, 6, 5, 263, 521, 779, 60, 12, 7]
132,19,20,[6, 5, 263, 521, 779, 60, 12, 7, 265, 58, 31, 289, 34, 19, 277, 535, 112, 15, 8]
133,19,20,[8, 6, 5, 263, 521, 779, 60, 12, 7, 265, 58, 31, 289, 34, 19, 277, 535, 112, 15]
134,19,21,[8, 6, 5, 263, 521, 779, 60, 12, 7, 265, 58, 31, 289, 34, 19, 277, 535, 112, 15]
135,19,21,[5, 263, 521, 779, 60, 12, 7, 265, 58, 31, 289, 34, 19, 277, 535, 112, 15, 8, 6]
136,19,24,[265, 58, 31, 289, 34, 19, 277, 535, 112, 15, 8, 6, 5, 263, 521, 779, 60, 12, 7]
137,19,23,[5, 263, 521, 779, 60, 12, 7, 265, 58, 31, 289, 34, 19, 277, 535, 112, 15, 8, 6]
138,4,5,[269, 527, 48, 11]
139,19,27,[265, 58, 31, 289, 34, 19, 277, 535, 112, 15, 8, 6, 5, 263, 521, 779, 60, 12, 7]
140,19,20,[6, 5, 263, 521, 779, 60, 12, 7, 265, 58, 31, 289, 34, 19, 277, 535, 112, 15, 8]
141,19,20,[7, 265, 58, 31, 289, 34, 19, 277, 535, 112, 15, 8, 6, 5, 263, 521, 779, 60, 12]
142,19,23,[7, 265, 58, 31, 289, 34, 19, 277, 535, 112, 15, 8, 6, 5, 263, 521, 779, 60, 12]
143,19,21,[5, 263, 521, 779, 60, 12, 7, 265, 58, 31, 289, 34, 19, 277, 535, 112, 15, 8, 6]
144,19,21,[5, 263, 521, 779, 60, 12, 7, 265, 58, 31, 289, 34, 19, 277, 535, 112, 15, 8, 6]
145,19,19,[19, 277, 535, 112, 15, 8, 6, 5, 263, 521, 779, 60, 12, 7, 265, 58, 31, 289, 34]
146,19,26,[265, 58, 31, 289, 34, 19, 277, 535, 112, 15, 8, 6, 5, 263, 521, 779, 60, 12, 7]
147,19,23,[265, 58, 31, 289, 34, 19, 277, 535, 112, 15, 8, 6, 5, 263, 521, 779, 60, 12, 7]
148,19,23,[265, 58, 31, 289, 34, 19, 277, 535, 112, 15, 8, 6, 5, 263, 521, 779, 60, 12, 7]
149,4,5,[11, 269, 527, 48]
150,19,19,[8, 6, 5, 263, 521, 779, 60, 12, 7, 265, 58, 31, 289, 34, 19, 277, 535, 112, 15]
151,19,26,[265, 58, 31, 289, 34, 19, 277, 535, 112, 15, 8, 6, 5, 263, 521, 779, 60, 12, 7]
152,19,21,[265, 58, 31, 289, 34, 19, 277, 535, 112, 15, 8, 6, 5, 263, 521, 779, 60, 12, 7]
153,19,24,[265, 58, 31, 289, 34, 19, 277, 535, 112, 15, 8, 6, 5, 263, 521, 779, 60, 12, 7]
154,19,21,[5, 263, 521, 779, 60, 12, 7, 265, 58, 31, 289, 34, 19, 277, 535, 112, 15, 8, 6]
155,19,21,[265, 58, 31, 289, 34, 19, 277, 535, 112, 15, 8, 6, 5, 263, 521, 779, 60, 12, 7]
156,19,21,[5, 263, 521, 779, 60, 12, 7, 265, 58, 31, 289, 34, 19, 277, 535, 112, 15, 8, 6]
157,19,25,[265, 58, 31, 289, 34, 19, 277, 535, 112, 15, 8, 6, 5, 263, 521, 779, 60, 12, 7]
158,19,20,[7, 265, 58, 31, 289, 34, 19, 277, 535, 112, 15, 8, 6, 5, 263, 521, 779, 60, 12]
159,19,26,[265, 58, 31, 289, 34, 19, 277, 535, 112, 15, 8, 6, 5, 263, 521, 779, 60, 12, 7]
160,19,19,[8, 6, 5, 263, 521, 779, 60, 12, 7, 265, 58, 31, 289, 34, 19, 277, 535, 112, 15]
161,19,21,[265, 58, 31, 289, 34, 19, 277, 535, 112, 15, 8, 6, 5, 263, 521, 779, 60, 12, 7]
162,19,21,[5, 263, 521, 779, 60, 12, 7, 265, 58, 31, 289, 34, 19, 277, 535, 112, 15, 8, 6]
163,19,22,[277, 535, 112, 15, 8, 6, 5, 263, 521, 779, 60, 12, 7, 265, 58, 31, 289, 34, 19]
164,4,5,[269, 527, 48, 11]
165,19,19,[277, 535, 112, 15, 8, 6, 5, 263, 521, 779, 60, 12, 7, 265, 58, 31, 289, 34, 19]
166,19,27,[265, 58, 31, 289, 34, 19, 277, 535, 112, 15, 8, 6, 5, 263, 521, 779, 60, 12, 7]
167,19,22,[5, 263, 521, 779, 60, 12, 7, 265, 58, 31, 289, 34, 19, 277, 535, 112, 15, 8, 6]
168,19,20,[6, 5, 263, 521, 779, 60, 12, 7, 265, 58, 31, 289, 34, 19, 277, 535, 112, 15, 8]
169,19,20,[8, 6, 5, 263, 521, 779, 60, 12, 7, 265, 58, 31, 289, 34, 19, 277, 535, 112, 15]
170,19,21,[5, 263, 521, 779, 60, 12, 7, 265, 58, 31, 289, 34, 19, 277, 535, 112, 15, 8, 6]
171,19,21,[265, 58, 31, 289, 34, 19, 277, 535, 112, 15, 8, 6, 5, 263, 521, 779, 60, 12, 7]
172,19,23,[6, 5, 263, 521, 779, 60, 12, 7, 265, 58, 31, 289, 34, 19, 277, 535, 112, 15, 8]
173,19,23,[6, 5, 263, 521, 779, 60, 12, 7, 265, 58, 31, 289, 34, 19, 277, 535, 112, 15, 8]
174,19,19,[19, 277, 535, 112, 15, 8, 6, 5, 263, 521, 779, 60, 12, 7, 265, 58, 31, 289, 34]
175,19,23,[265, 58, 31, 289, 34, 19, 277, 535, 112, 15, 8, 6, 5, 263, 521, 779, 60, 12, 7]
176,19,19,[277, 535, 112, 15, 8, 6, 5, 263, 521, 779, 60, 12, 7, 265, 58, 31, 289, 34, 19]
177,19,23,[5, 263, 521, 779, 60, 12, 7, 265, 58, 31, 289, 34, 19, 277, 535, 112, 15, 8, 6]
178,19,22,[5, 263, 521, 779, 60, 12, 7, 265, 58, 31, 289, 34, 19, 277, 535, 112, 15, 8, 6]
179,19,21,[7, 265, 58, 31, 289, 34, 19, 277, 535, 112, 15, 8, 6, 5, 263, 521, 779, 60, 12]
180,19,19,[8, 6, 5, 263, 521, 779, 60, 12, 7, 265, 58, 31, 289, 34, 19, 277, 535, 112, 15]
181,19,21,[31, 289, 34, 19, 277, 535, 112, 15, 8, 6, 5, 263, 521, 779, 60, 12, 7, 265, 58]
182,19,26,[265, 58, 31, 289, 34, 19, 277, 535, 112, 15, 8, 6, 5, 263, 521, 779, 60, 12, 7]
183,19,20,[7, 265, 58, 31, 289, 34, 19, 277, 535, 112, 15, 8, 6, 5, 263, 521, 779, 60, 12]
184,4,6,[11, 269, 527, 48]
185,19,20,[7, 265, 58, 31, 289, 34, 19, 277, 535, 112, 15, 8, 6, 5, 263, 521, 779, 60, 12]
186,19,21,[265, 58, 31, 289, 34, 19, 277, 535, 112, 15, 8, 6, 5, 263, 521, 779, 60, 12, 7]
187,4,5,[269, 527, 48, 11]
188,19,22,[5, 263, 521, 779, 60, 12, 7, 265, 58, 31, 289, 34, 19, 277, 535, 112, 15, 8, 6]
189,19,20,[6, 5, 263, 521, 779, 60, 12, 7, 265, 58, 31, 289, 34, 19, 277, 535, 112, 15, 8]
190,19,20,[8, 6, 5, 263, 521, 779, 60, 12, 7, 265, 58, 31, 289, 34, 19, 277, 535, 112, 15]
191,19,28,[265, 58, 31, 289, 34, 19, 277, 535, 112, 15, 8, 6, 5, 263, 521, 779, 60, 12, 7]
192,19,19,[8, 6, 5, 263, 521, 779, 60, 12, 7, 265, 58, 31, 289, 34, 19, 277, 535, 112, 15]
193,19,25,[265, 58, 31, 289, 34, 19, 277, 535, 112, 15, 8, 6, 5, 263, 521, 779, 60, 12, 7]
194,19,24,[265, 58, 31, 289, 34, 19, 277, 535, 112, 15, 8, 6, 5, 263, 521, 779, 60, 12, 7]
195,19,21,[265, 58, 31, 289, 34, 19, 277, 535, 112, 15, 8, 6, 5, 263, 521, 779, 60, 12, 7]
196,19,20,[6, 5, 263, 521, 779, 60, 12, 7, 265, 58, 31, 289, 34, 19, 277, 535, 112, 15, 8]
197,19,22,[265, 58, 31, 289, 34, 19, 277, 535, 112, 15, 8, 6, 5, 263, 521, 779, 60, 12, 7]
198,19,19,[277, 535, 112, 15, 8, 6, 5, 263, 521, 779, 60, 12, 7, 265, 58, 31, 289, 34, 19]
199,4,8,[11, 269, 527, 48]
200,19,20,[6, 5, 263, 521, 779, 60, 12, 7, 265, 58, 31, 289, 34, 19, 277, 535, 112, 15, 8]
