1,1,0,[1],[0]
2,16,7,[5, 6, 9, 13, 14, 17, 19, 22, 33, 34, 62, 85, 93, 97, 99, 177],[1, 0, 0, 1, 0, 1, 1, 0, 0, 0, 0, 0, 0, 1, 0, 0]
3,16,6,[5, 6, 9, 13, 14, 17, 19, 22, 33, 34, 62, 85, 93, 97, 99, 177],[1, 0, 0, 1, 0, 1, 1, 0, 0, 0, 0, 0, 0, 1, 0, 0]
4,1,0,[4],[0]
5,16,0,[5, 6, 9, 13, 14, 17, 19, 22, 33, 34, 62, 85, 93, 97, 99, 177],[1, 0, 0, 1, 0, 1, 1, 0, 0, 0, 0, 0, 0, 1, 0, 0]
6,16,0,[5, 6, 9, 13, 14, 17, 19, 22, 33, 34, 62, 85, 93, 97, 99, 177],[1, 0, 0, 1, 0, 1, 1, 0, 0, 0, 0, 0, 0, 1, 0, 0]
7,4,0,[7, 10, 32, 87],[1, 0, 0, 0]
8,16,1,[5, 6, 9, 13, 14, 17, 19, 22, 33, 34, 62, 85, 93, 97, 99, 177],[1, 0, 0, 1, 0, 1, 1, 0, 0, 0, 0, 0, 0, 1, 0, 0]
9,16,0,[5, 6, 9, 13, 14, 17, 19, 22, 33, 34, 62, 85, 93, 97, 99, 177],[1, 0, 0, 1, 0, 1, 1, 0, 0, 0, 0, 0, 0, 1, 0, 0]
10,4,0,[7, 10, 32, 87],[1, 0, 0, 0]
11,16,3,[5, 6, 9, 13, 14, 17, 19, 22, 33, 34, 62, 85, 93, 97, 99, 177],[1, 0, 0, 1, 0, 1, 1, 0, 0, 0, 0, 0, 0, 1, 0, 0]
12,4,1,[7, 10, 32, 87],[1, 0, 0, 0]
13,16,0,[5, 6, 9, 13, 14, 17, 19, 22, 33, 34, 62, 85, 93, 97, 99, 177],[1, 0, 0, 1, 0, 1, 1, 0, 0, 0, 0, 0, 0, 1, 0, 0]
14,16,0,[5, 6, 9, 13, 14, 17, 19, 22, 33, 34, 62, 85, 93, 97, 99, 177],[1, 0, 0, 1, 0, 1, 1, 0, 0, 0, 0, 0, 0, 1, 0, 0]
15,16,2,[5, 6, 9, 13, 14, 17, 19, 22, 33, 34, 62, 85, 93, 97, 99, 177],[1, 0, 0, 1, 0, 1, 1, 0, 0, 0, 0, 0, 0, 1, 0, 0]
16,16,2,[5, 6, 9, 13, 14, 17, 19, 22, 33, 34, 62, 85, 93, 97, 99, 177],[1, 0, 0, 1, 0, 1, 1, 0, 0, 0, 0, 0, 0, 1, 0, 0]
17,16,0,[5, 6, 9, 13, 14, 17, 19, 22, 33, 34, 62, 85, 93, 97, 99, 177],[1, 0, 0, 1, 0, 1, 1, 0, 0, 0, 0, 0, 0, 1, 0, 0]
18,16,2,[5, 6, 9, 13, 14, 17, 19, 22, 33, 34, 62, 85, 93, 97, 99, 177],[1, 0, 0, 1, 0, 1, 1, 0, 0, 0, 0, 0, 0, 1, 0, 0]
19,16,0,[5, 6, 9, 13, 14, 17, 19, 22, 33, 34, 62, 85, 93, 97, 99, 177],[1, 0, 0, 1, 0, 1, 1, 0, 0, 0, 0, 0, 0, 1, 0, 0]
20,16,1,[5, 6, 9, 13, 14, 17, 19, 22, 33, 34, 62, 85, 93, 97, 99, 177],[1, 0, 0, 1, 0, 1, 1, 0, 0, 0, 0, 0, 0, 1, 0, 0]
21,4,1,[7, 10, 32, 87],[1, 0, 0, 0]
22,16,0,[5, 6, 9, 13, 14, 17, 19, 22, 33, 34, 62, 85, 93, 97, 99, 177],[1, 0, 0, 1, 0, 1, 1, 0, 0, 0, 0, 0, 0, 1, 0, 0]
23,4,5,[7, 10, 32, 87],[1, 0, 0, 0]
24,16,1,[5, 6, 9, 13, 14, 17, 19, 22, 33, 34, 62, 85, 93, 97, 99, 177],[1, 0, 0, 1, 0, 1, 1, 0, 0, 0, 0, 0, 0, 1, 0, 0]
25,4,1,[7, 10, 32, 87],[1, 0, 0, 0]
26,16,3,[5, 6, 9, 13, 14, 17, 19, 22, 33, 34, 62, 85, 93, 97, 99, 177],[1, 0, 0, 1, 0, 1, 1, 0, 0, 0, 0, 0, 0, 1, 0, 0]
27,16,1,[5, 6, 9, 13, 14, 17, 19, 22, 33, 34, 62, 85, 93, 97, 99, 177],[1, 0, 0, 1, 0, 1, 1, 0, 0, 0, 0, 0, 0, 1, 0, 0]
28,16,4,[5, 6, 9, 13, 14, 17, 19, 22, 33, 34, 62, 85, 93, 97, 99, 177],[1, 0, 0, 1, 0, 1, 1, 0, 0, 0, 0, 0, 0, 1, 0, 0]
29,16,5,[5, 6, 9, 13, 14, 17, 19, 22, 33, 34, 62, 85, 93, 97, 99, 177],[1, 0, 0, 1, 0, 1, 1, 0, 0, 0, 0, 0, 0, 1, 0, 0]
30,4,1,[7, 10, 32, 87],[1, 0, 0, 0]
31,16,6,[5, 6, 9, 13, 14, 17, 19, 22, 33, 34, 62, 85, 93, 97, 99, 177],[1, 0, 0, 1, 0, 1, 1, 0, 0, 0, 0, 0, 0, 1, 0, 0]
32,4,0,[7, 10, 32, 87],[1, 0, 0, 0]
33,16,0,[5, 6, 9, 13, 14, 17, 19, 22, 33, 34, 62, 85, 93, 97, 99, 177],[1, 0, 0, 1, 0, 1, 1, 0, 0, 0, 0, 0, 0, 1, 0, 0]
34,16,0,[5, 6, 9, 13, 14, 17, 19, 22, 33, 34, 62, 85, 93, 97, 99, 177],[1, 0, 0, 1, 0, 1, 1, 0, 0, 0, 0, 0, 0, 1, 0, 0]
35,4,2,[7, 10, 32, 87],[1, 0, 0, 0]
36,4,1,[7, 10, 32, 87],[1, 0, 0, 0]
37,16,2,[5, 6, 9, 13, 14, 17, 19, 22, 33, 34, 62, 85, 93, 97, 99, 177],[1, 0, 0, 1, 0, 1, 1, 0, 0, 0, 0, 0, 0, 1, 0, 0]
38,4,2,[7, 10, 32, 87],[1, 0, 0, 0]
39,16,3,[5, 6, 9, 13, 14, 17, 19, 22, 33, 34, 62, 85, 93, 97, 99, 177],[1, 0, 0, 1, 0, 1, 1, 0, 0, 0, 0, 0, 0, 1, 0, 0]
40,16,4,[5, 6, 9, 13, 14, 17, 19, 22, 33, 34, 62, 85, 93, 97, 99, 177],[1, 0, 0, 1, 0, 1, 1, 0, 0, 0, 0, 0, 0, 1, 0, 0]
41,16,2,[5, 6, 9, 13, 14, 17, 19, 22, 33, 34, 62, 85, 93, 97, 99, 177],[1, 0, 0, 1, 0, 1, 1, 0, 0, 0, 0, 0, 0, 1, 0, 0]
42,4,2,[7, 10, 32, 87],[1, 0, 0, 0]
43,16,5,[5, 6, 9, 13, 14, 17, 19, 22, 33, 34, 62, 85, 93, 97, 99, 177],[1, 0, 0, 1, 0, 1, 1, 0, 0, 0, 0, 0, 0, 1, 0, 0]
44,16,3,[5, 6, 9, 13, 14, 17, 19, 22, 33, 34, 62, 85, 93, 97, 99, 177],[1, 0, 0, 1, 0, 1, 1, 0, 0, 0, 0, 0, 0, 1, 0, 0]
45,16,4,[5, 6, 9, 13, 14, 17, 19, 22, 33, 34, 62, 85, 93, 97, 99, 177],[1, 0, 0, 1, 0, 1, 1, 0, 0, 0, 0, 0, 0, 1, 0, 0]
46,4,2,[7, 10, 32, 87],[1, 0, 0, 0]
47,16,8,[5, 6, 9, 13, 14, 17, 19, 22, 33, 34, 62, 85, 93, 97, 99, 177],[1, 0, 0, 1, 0, 1, 1, 0, 0, 0, 0, 0, 0, 1, 0, 0]
48,16,4,[5, 6, 9, 13, 14, 17, 19, 22, 33, 34, 62, 85, 93, 97, 99, 177],[1, 0, 0, 1, 0, 1, 1, 0, 0, 0, 0, 0, 0, 1, 0, 0]
49,16,1,[5, 6, 9, 13, 14, 17, 19, 22, 33, 34, 62, 85, 93, 97, 99, 177],[1, 0, 0, 1, 0, 1, 1, 0, 0, 0, 0, 0, 0, 1, 0, 0]
50,4,2,[7, 10, 32, 87],[1, 0, 0, 0]
51,16,2,[5, 6, 9, 13, 14, 17, 19, 22, 33, 34, 62, 85, 93, 97, 99, 177],[1, 0, 0, 1, 0, 1, 1, 0, 0, 0, 0, 0, 0, 1, 0, 0]
52,16,1,[5, 6, 9, 13, 14, 17, 19, 22, 33, 34, 62, 85, 93, 97, 99, 177],[1, 0, 0, 1, 0, 1, 1, 0, 0, 0, 0, 0, 0, 1, 0, 0]
53,16,5,[5, 6, 9, 13, 14, 17, 19, 22, 33, 34, 62, 85, 93, 97, 99, 177],[1, 0, 0, 1, 0, 1, 1, 0, 0, 0, 0, 0, 0, 1, 0, 0]
54,16,4,[5, 6, 9, 13, 14, 17, 19, 22, 33, 34, 62, 85, 93, 97, 99, 177],[1, 0, 0, 1, 0, 1, 1, 0, 0, 0, 0, 0, 0, 1, 0, 0]
55,16,3,[5, 6, 9, 13, 14, 17, 19, 22, 33, 34, 62, 85, 93, 97, 99, 177],[1, 0, 0, 1, 0, 1, 1, 0, 0, 0, 0, 0, 0, 1, 0, 0]
56,16,1,[5, 6, 9, 13, 14, 17, 19, 22, 33, 34, 62, 85, 93, 97, 99, 177],[1, 0, 0, 1, 0, 1, 1, 0, 0, 0, 0, 0, 0, 1, 0, 0]
57,16,1,[5, 6, 9, 13, 14, 17, 19, 22, 33, 34, 62, 85, 93, 97, 99, 177],[1, 0, 0, 1, 0, 1, 1, 0, 0, 0, 0, 0, 0, 1, 0, 0]
58,16,7,[5, 6, 9, 13, 14, 17, 19, 22, 33, 34, 62, 85, 93, 97, 99, 177],[1, 0, 0, 1, 0, 1, 1, 0, 0, 0, 0, 0, 0, 1, 0, 0]
59,4,9,[7, 10, 32, 87],[1, 0, 0, 0]
60,4,2,[7, 10, 32, 87],[1, 0, 0, 0]
61,4,4,[7, 10, 32, 87],[1, 0, 0, 0]
62,16,0,[5, 6, 9, 13, 14, 17, 19, 22, 33, 34, 62, 85, 93, 97, 99, 177],[1, 0, 0, 1, 0, 1, 1, 0, 0, 0, 0, 0, 0, 1, 0, 0]
63,16,1,[5, 6, 9, 13, 14, 17, 19, 22, 33, 34, 62, 85, 93, 97, 99, 177],[1, 0, 0, 1, 0, 1, 1, 0, 0, 0, 0, 0, 0, 1, 0, 0]
64,4,2,[7, 10, 32, 87],[1, 0, 0, 0]
65,16,3,[5, 6, 9, 13, 14, 17, 19, 22, 33, 34, 62, 85, 93, 97, 99, 177],[1, 0, 0, 1, 0, 1, 1, 0, 0, 0, 0, 0, 0, 1, 0, 0]
66,16,3,[5, 6, 9, 13, 14, 17, 19, 22, 33, 34, 62, 85, 93, 97, 99, 177],[1, 0, 0, 1, 0, 1, 1, 0, 0, 0, 0, 0, 0, 1, 0, 0]
67,16,2,[5, 6, 9, 13, 14, 17, 19, 22, 33, 34, 62, 85, 93, 97, 99, 177],[1, 0, 0, 1, 0, 1, 1, 0, 0, 0, 0, 0, 0, 1, 0, 0]
68,4,2,[7, 10, 32, 87],[1, 0, 0, 0]
69,16,4,[5, 6, 9, 13, 14, 17, 19, 22, 33, 34, 62, 85, 93, 97, 99, 177],[1, 0, 0, 1, 0, 1, 1, 0, 0, 0, 0, 0, 0, 1, 0, 0]
70,16,1,[5, 6, 9, 13, 14, 17, 19, 22, 33, 34, 62, 85, 93, 97, 99, 177],[1, 0, 0, 1, 0, 1, 1, 0, 0, 0, 0, 0, 0, 1, 0, 0]
71,4,4,[7, 10, 32, 87],[1, 0, 0, 0]
72,4,2,[7, 10, 32, 87],[1, 0, 0, 0]
73,4,7,[7, 10, 32, 87],[1, 0, 0, 0]
74,16,4,[5, 6, 9, 13, 14, 17, 19, 22, 33, 34, 62, 85, 93, 97, 99, 177],[1, 0, 0, 1, 0, 1, 1, 0, 0, 0, 0, 0, 0, 1, 0, 0]
75,16,1,[5, 6, 9, 13, 14, 17, 19, 22, 33, 34, 62, 85, 93, 97, 99, 177],[1, 0, 0, 1, 0, 1, 1, 0, 0, 0, 0, 0, 0, 1, 0, 0]
76,4,6,[7, 10, 32, 87],[1, 0, 0, 0]
77,16,3,[5, 6, 9, 13, 14, 17, 19, 22, 33, 34, 62, 85, 93, 97, 99, 177],[1, 0, 0, 1, 0, 1, 1, 0, 0, 0, 0, 0, 0, 1, 0, 0]
78,16,3,[5, 6, 9, 13, 14, 17, 19, 22, 33, 34, 62, 85, 93, 97, 99, 177],[1, 0, 0, 1, 0, 1, 1, 0, 0, 0, 0, 0, 0, 1, 0, 0]
79,16,3,[5, 6, 9, 13, 14, 17, 19, 22, 33, 34, 62, 85, 93, 97, 99, 177],[1, 0, 0, 1, 0, 1, 1, 0, 0, 0, 0, 0, 0, 1, 0, 0]
80,16,1,[5, 6, 9, 13, 14, 17, 19, 22, 33, 34, 62, 85, 93, 97, 99, 177],[1, 0, 0, 1, 0, 1, 1, 0, 0, 0, 0, 0, 0, 1, 0, 0]
81,4,2,[7, 10, 32, 87],[1, 0, 0, 0]
82,16,6,[5, 6, 9, 13, 14, 17, 19, 22, 33, 34, 62, 85, 93, 97, 99, 177],[1, 0, 0, 1, 0, 1, 1, 0, 0, 0, 0, 0, 0, 1, 0, 0]
83,16,5,[5, 6, 9, 13, 14, 17, 19, 22, 33, 34, 62, 85, 93, 97, 99, 177],[1, 0, 0, 1, 0, 1, 1, 0, 0, 0, 0, 0, 0, 1, 0, 0]
84,16,1,[5, 6, 9, 13, 14, 17, 19, 22, 33, 34, 62, 85, 93, 97, 99, 177],[1, 0, 0, 1, 0, 1, 1, 0, 0, 0, 0, 0, 0, 1, 0, 0]
85,16,0,[5, 6, 9, 13, 14, 17, 19, 22, 33, 34, 62, 85, 93, 97, 99, 177],[1, 0, 0, 1, 0, 1, 1, 0, 0, 0, 0, 0, 0, 1, 0, 0]
86,16,5,[5, 6, 9, 13, 14, 17, 19, 22, 33, 34, 62, 85, 93, 97, 99, 177],[1, 0, 0, 1, 0, 1, 1, 0, 0, 0, 0, 0, 0, 1, 0, 0]
87,4,0,[7, 10, 32, 87],[1, 0, 0, 0]
88,16,1,[5, 6, 9, 13, 14, 17, 19, 22, 33, 34, 62, 85, 93, 97, 99, 177],[1, 0, 0, 1, 0, 1, 1, 0, 0, 0, 0, 0, 0, 1, 0, 0]
89,16,5,[5, 6, 9, 13, 14, 17, 19, 22, 33, 34, 62, 85, 93, 97, 99, 177],[1, 0, 0, 1, 0, 1, 1, 0, 0, 0, 0, 0, 0, 1, 0, 0]
90,16,1,[5, 6, 9, 13, 14, 17, 19, 22, 33, 34, 62, 85, 93, 97, 99, 177],[1, 0, 0, 1, 0, 1, 1, 0, 0, 0, 0, 0, 0, 1, 0, 0]
91,16,2,[5, 6, 9, 13, 14, 17, 19, 22, 33, 34, 62, 85, 93, 97, 99, 177],[1, 0, 0, 1, 0, 1, 1, 0, 0, 0, 0, 0, 0, 1, 0, 0]
92,16,2,[5, 6, 9, 13, 14, 17, 19, 22, 33, 34, 62, 85, 93, 97, 99, 177],[1, 0, 0, 1, 0, 1, 1, 0, 0, 0, 0, 0, 0, 1, 0, 0]
93,16,0,[5, 6, 9, 13, 14, 17, 19, 22, 33, 34, 62, 85, 93, 97, 99, 177],[1, 0, 0, 1, 0, 1, 1, 0, 0, 0, 0, 0, 0, 1, 0, 0]
94,16,2,[5, 6, 9, 13, 14, 17, 19, 22, 33, 34, 62, 85, 93, 97, 99, 177],[1, 0, 0, 1, 0, 1, 1, 0, 0, 0, 0, 0, 0, 1, 0, 0]
95,16,2,[5, 6, 9, 13, 14, 17, 19, 22, 33, 34, 62, 85, 93, 97, 99, 177],[1, 0, 0, 1, 0, 1, 1, 0, 0, 0, 0, 0, 0, 1, 0, 0]
96,16,1,[5, 6, 9, 13, 14, 17, 19, 22, 33, 34, 62, 85, 93, 97, 99, 177],[1, 0, 0, 1, 0, 1, 1, 0, 0, 0, 0, 0, 0, 1, 0, 0]
97,16,0,[5, 6, 9, 13, 14, 17, 19, 22, 33, 34, 62, 85, 93, 97, 99, 177],[1, 0, 0, 1, 0, 1, 1, 0, 0, 0, 0, 0, 0, 1, 0, 0]
98,16,3,[5, 6, 9, 13, 14, 17, 19, 22, 33, 34, 62, 85, 93, 97, 99, 177],[1, 0, 0, 1, 0, 1, 1, 0, 0, 0, 0, 0, 0, 1, 0, 0]
99,16,0,[5, 6, 9, 13, 14, 17, 19, 22, 33, 34, 62, 85, 93, 97, 99, 177],[1, 0, 0, 1, 0, 1, 1, 0, 0, 0, 0, 0, 0, 1, 0, 0]
100,16,1,[5, 6, 9, 13, 14, 17, 19, 22, 33, 34, 62, 85, 93, 97, 99, 177],[1, 0, 0, 1, 0, 1, 1, 0, 0, 0, 0, 0, 0, 1, 0, 0]
