1,1,0,[1]
2,5,9,[5, 200, 16, 8, 6]
3,5,12,[5, 200, 16, 8, 6]
4,1,0,[4]
5,5,4,[200, 16, 8, 6, 5]
6,5,4,[5, 200, 16, 8, 6]
7,15,14,[202, 103, 298, 151, 346, 175, 17, 212, 57, 22, 13, 208, 21, 10, 7]
8,5,4,[6, 5, 200, 16, 8]
9,5,5,[5, 200, 16, 8, 6]
10,15,14,[7, 202, 103, 298, 151, 346, 175, 17, 212, 57, 22, 13, 208, 21, 10]
11,5,8,[6, 5, 200, 16, 8]
12,15,15,[202, 103, 298, 151, 346, 175, 17, 212, 57, 22, 13, 208, 21, 10, 7]
13,15,14,[208, 21, 10, 7, 202, 103, 298, 151, 346, 175, 17, 212, 57, 22, 13]
14,5,6,[5, 200, 16, 8, 6]
15,5,5,[6, 5, 200, 16, 8]
16,5,4,[8, 6, 5, 200, 16]
17,15,14,[212, 57, 22, 13, 208, 21, 10, 7, 202, 103, 298, 151, 346, 175, 17]
18,5,5,[6, 5, 200, 16, 8]
19,5,10,[5, 200, 16, 8, 6]
20,5,6,[5, 200, 16, 8, 6]
21,15,14,[10, 7, 202, 103, 298, 151, 346, 175, 17, 212, 57, 22, 13, 208, 21]
22,15,14,[13, 208, 21, 10, 7, 202, 103, 298, 151, 346, 175, 17, 212, 57, 22]
23,5,12,[6, 5, 200, 16, 8]
24,5,6,[5, 200, 16, 8, 6]
25,15,15,[7, 202, 103, 298, 151, 346, 175, 17, 212, 57, 22, 13, 208, 21, 10]
26,5,6,[6, 5, 200, 16, 8]
27,5,6,[5, 200, 16, 8, 6]
28,5,9,[6, 5, 200, 16, 8]
29,15,16,[212, 57, 22, 13, 208, 21, 10, 7, 202, 103, 298, 151, 346, 175, 17]
30,15,15,[7, 202, 103, 298, 151, 346, 175, 17, 212, 57, 22, 13, 208, 21, 10]
31,5,12,[6, 5, 200, 16, 8]
32,15,15,[7, 202, 103, 298, 151, 346, 175, 17, 212, 57, 22, 13, 208, 21, 10]
33,5,7,[5, 200, 16, 8, 6]
34,5,11,[5, 200, 16, 8, 6]
35,15,16,[202, 103, 298, 151, 346, 175, 17, 212, 57, 22, 13, 208, 21, 10, 7]
36,15,15,[7, 202, 103, 298, 151, 346, 175, 17, 212, 57, 22, 13, 208, 21, 10]
37,15,18,[202, 103, 298, 151, 346, 175, 17, 212, 57, 22, 13, 208, 21, 10, 7]
38,15,15,[10, 7, 202, 103, 298, 151, 346, 175, 17, 212, 57, 22, 13, 208, 21]
39,5,5,[8, 6, 5, 200, 16]
40,5,9,[6, 5, 200, 16, 8]
41,15,17,[208, 21, 10, 7, 202, 103, 298, 151, 346, 175, 17, 212, 57, 22, 13]
42,15,16,[202, 103, 298, 151, 346, 175, 17, 212, 57, 22, 13, 208, 21, 10, 7]
43,5,8,[6, 5, 200, 16, 8]
44,5,6,[6, 5, 200, 16, 8]
45,5,9,[6, 5, 200, 16, 8]
46,15,16,[7, 202, 103, 298, 151, 346, 175, 17, 212, 57, 22, 13, 208, 21, 10]
47,5,8,[5, 200, 16, 8, 6]
48,5,9,[6, 5, 200, 16, 8]
49,5,7,[5, 200, 16, 8, 6]
50,15,16,[202, 103, 298, 151, 346, 175, 17, 212, 57, 22, 13, 208, 21, 10, 7]
51,5,7,[5, 200, 16, 8, 6]
52,15,15,[212, 57, 22, 13, 208, 21, 10, 7, 202, 103, 298, 151, 346, 175, 17]
53,15,20,[202, 103, 298, 151, 346, 175, 17, 212, 57, 22, 13, 208, 21, 10, 7]
54,5,9,[6, 5, 200, 16, 8]
55,5,5,[8, 6, 5, 200, 16]
56,15,15,[208, 21, 10, 7, 202, 103, 298, 151, 346, 175, 17, 212, 57, 22, 13]
57,15,14,[22, 13, 208, 21, 10, 7, 202, 103, 298, 151, 346, 175, 17, 212, 57]
58,5,13,[6, 5, 200, 16, 8]
59,15,19,[7, 202, 103, 298, 151, 346, 175, 17, 212, 57, 22, 13, 208, 21, 10]
60,15,16,[202, 103, 298, 151, 346, 175, 17, 212, 57, 22, 13, 208, 21, 10, 7]
61,5,6,[8, 6, 5, 200, 16]
62,5,8,[5, 200, 16, 8, 6]
63,15,15,[208, 21, 10, 7, 202, 103, 298, 151, 346, 175, 17, 212, 57, 22, 13]
64,15,16,[202, 103, 298, 151, 346, 175, 17, 212, 57, 22, 13, 208, 21, 10, 7]
65,5,6,[6, 5, 200, 16, 8]
66,5,5,[8, 6, 5, 200, 16]
67,5,9,[6, 5, 200, 16, 8]
68,15,15,[10, 7, 202, 103, 298, 151, 346, 175, 17, 212, 57, 22, 13, 208, 21]
69,5,7,[6, 5, 200, 16, 8]
70,5,7,[5, 200, 16, 8, 6]
71,5,11,[6, 5, 200, 16, 8]
72,15,16,[202, 103, 298, 151, 346, 175, 17, 212, 57, 22, 13, 208, 21, 10, 7]
73,5,13,[6, 5, 200, 16, 8]
74,5,6,[8, 6, 5, 200, 16]
75,15,15,[208, 21, 10, 7, 202, 103, 298, 151, 346, 175, 17, 212, 57, 22, 13]
76,5,13,[6, 5, 200, 16, 8]
77,5,6,[6, 5, 200, 16, 8]
78,5,6,[6, 5, 200, 16, 8]
79,5,11,[6, 5, 200, 16, 8]
80,15,15,[208, 21, 10, 7, 202, 103, 298, 151, 346, 175, 17, 212, 57, 22, 13]
81,15,16,[202, 103, 298, 151, 346, 175, 17, 212, 57, 22, 13, 208, 21, 10, 7]
82,5,9,[6, 5, 200, 16, 8]
83,15,19,[202, 103, 298, 151, 346, 175, 17, 212, 57, 22, 13, 208, 21, 10, 7]
84,5,7,[5, 200, 16, 8, 6]
85,15,15,[13, 208, 21, 10, 7, 202, 103, 298, 151, 346, 175, 17, 212, 57, 22]
86,5,10,[6, 5, 200, 16, 8]
87,15,16,[7, 202, 103, 298, 151, 346, 175, 17, 212, 57, 22, 13, 208, 21, 10]
88,15,15,[212, 57, 22, 13, 208, 21, 10, 7, 202, 103, 298, 151, 346, 175, 17]
89,15,17,[208, 21, 10, 7, 202, 103, 298, 151, 346, 175, 17, 212, 57, 22, 13]
90,15,15,[208, 21, 10, 7, 202, 103, 298, 151, 346, 175, 17, 212, 57, 22, 13]
91,5,7,[5, 200, 16, 8, 6]
92,5,7,[5, 200, 16, 8, 6]
93,5,12,[5, 200, 16, 8, 6]
94,5,8,[5, 200, 16, 8, 6]
95,5,7,[5, 200, 16, 8, 6]
96,15,15,[208, 21, 10, 7, 202, 103, 298, 151, 346, 175, 17, 212, 57, 22, 13]
97,5,8,[6, 5, 200, 16, 8]
98,5,5,[8, 6, 5, 200, 16]
99,15,15,[212, 57, 22, 13, 208, 21, 10, 7, 202, 103, 298, 151, 346, 175, 17]
100,5,7,[5, 200, 16, 8, 6]
101,5,10,[6, 5, 200, 16, 8]
102,15,15,[13, 208, 21, 10, 7, 202, 103, 298, 151, 346, 175, 17, 212, 57, 22]
103,15,14,[298, 151, 346, 175, 17, 212, 57, 22, 13, 208, 21, 10, 7, 202, 103]
104,5,11,[5, 200, 16, 8, 6]
105,5,6,[6, 5, 200, 16, 8]
106,5,6,[8, 6, 5, 200, 16]
107,5,15,[6, 5, 200, 16, 8]
108,15,15,[208, 21, 10, 7, 202, 103, 298, 151, 346, 175, 17, 212, 57, 22, 13]
109,5,8,[5, 200, 16, 8, 6]
110,5,6,[6, 5, 200, 16, 8]
111,5,10,[6, 5, 200, 16, 8]
112,5,6,[6, 5, 200, 16, 8]
113,15,16,[13, 208, 21, 10, 7, 202, 103, 298, 151, 346, 175, 17, 212, 57, 22]
114,5,7,[5, 200, 16, 8, 6]
115,5,10,[6, 5, 200, 16, 8]
116,5,8,[5, 200, 16, 8, 6]
117,5,11,[5, 200, 16, 8, 6]
118,5,7,[8, 6, 5, 200, 16]
119,5,7,[5, 200, 16, 8, 6]
120,5,7,[5, 200, 16, 8, 6]
121,15,15,[13, 208, 21, 10, 7, 202, 103, 298, 151, 346, 175, 17, 212, 57, 22]
122,15,16,[208, 21, 10, 7, 202, 103, 298, 151, 346, 175, 17, 212, 57, 22, 13]
123,5,7,[6, 5, 200, 16, 8]
124,15,17,[202, 103, 298, 151, 346, 175, 17, 212, 57, 22, 13, 208, 21, 10, 7]
125,5,6,[6, 5, 200, 16, 8]
126,5,6,[6, 5, 200, 16, 8]
127,15,17,[7, 202, 103, 298, 151, 346, 175, 17, 212, 57, 22, 13, 208, 21, 10]
128,5,7,[5, 200, 16, 8, 6]
129,15,17,[7, 202, 103, 298, 151, 346, 175, 17, 212, 57, 22, 13, 208, 21, 10]
130,5,7,[5, 200, 16, 8, 6]
131,5,13,[5, 200, 16, 8, 6]
132,5,6,[6, 5, 200, 16, 8]
133,5,7,[6, 5, 200, 16, 8]
134,5,8,[6, 5, 200, 16, 8]
135,5,7,[5, 200, 16, 8, 6]
136,5,13,[6, 5, 200, 16, 8]
137,15,18,[7, 202, 103, 298, 151, 346, 175, 17, 212, 57, 22, 13, 208, 21, 10]
138,5,10,[6, 5, 200, 16, 8]
139,5,9,[6, 5, 200, 16, 8]
140,5,5,[8, 6, 5, 200, 16]
141,15,17,[202, 103, 298, 151, 346, 175, 17, 212, 57, 22, 13, 208, 21, 10, 7]
142,5,14,[6, 5, 200, 16, 8]
143,5,7,[5, 200, 16, 8, 6]
144,5,7,[5, 200, 16, 8, 6]
145,5,12,[5, 200, 16, 8, 6]
146,15,16,[208, 21, 10, 7, 202, 103, 298, 151, 346, 175, 17, 212, 57, 22, 13]
147,15,15,[212, 57, 22, 13, 208, 21, 10, 7, 202, 103, 298, 151, 346, 175, 17]
148,15,18,[208, 21, 10, 7, 202, 103, 298, 151, 346, 175, 17, 212, 57, 22, 13]
149,5,9,[5, 200, 16, 8, 6]
150,5,6,[6, 5, 200, 16, 8]
151,15,14,[346, 175, 17, 212, 57, 22, 13, 208, 21, 10, 7, 202, 103, 298, 151]
152,15,16,[7, 202, 103, 298, 151, 346, 175, 17, 212, 57, 22, 13, 208, 21, 10]
153,5,13,[6, 5, 200, 16, 8]
154,5,7,[5, 200, 16, 8, 6]
155,15,16,[7, 202, 103, 298, 151, 346, 175, 17, 212, 57, 22, 13, 208, 21, 10]
156,5,7,[5, 200, 16, 8, 6]
157,15,16,[10, 7, 202, 103, 298, 151, 346, 175, 17, 212, 57, 22, 13, 208, 21]
158,15,17,[202, 103, 298, 151, 346, 175, 17, 212, 57, 22, 13, 208, 21, 10, 7]
159,15,16,[208, 21, 10, 7, 202, 103, 298, 151, 346, 175, 17, 212, 57, 22, 13]
160,5,6,[6, 5, 200, 16, 8]
161,15,16,[7, 202, 103, 298, 151, 346, 175, 17, 212, 57, 22, 13, 208, 21, 10]
162,5,7,[5, 200, 16, 8, 6]
163,15,24,[202, 103, 298, 151, 346, 175, 17, 212, 57, 22, 13, 208, 21, 10, 7]
164,5,10,[6, 5, 200, 16, 8]
165,5,11,[5, 200, 16, 8, 6]
166,15,16,[13, 208, 21, 10, 7, 202, 103, 298, 151, 346, 175, 17, 212, 57, 22]
167,15,19,[202, 103, 298, 151, 346, 175, 17, 212, 57, 22, 13, 208, 21, 10, 7]
168,5,5,[8, 6, 5, 200, 16]
169,5,7,[6, 5, 200, 16, 8]
170,5,7,[5, 200, 16, 8, 6]
171,15,16,[7, 202, 103, 298, 151, 346, 175, 17, 212, 57, 22, 13, 208, 21, 10]
172,5,9,[5, 200, 16, 8, 6]
173,5,14,[6, 5, 200, 16, 8]
174,5,12,[5, 200, 16, 8, 6]
175,15,14,[17, 212, 57, 22, 13, 208, 21, 10, 7, 202, 103, 298, 151, 346, 175]
176,5,11,[5, 200, 16, 8, 6]
177,5,9,[5, 200, 16, 8, 6]
178,5,8,[5, 200, 16, 8, 6]
179,15,17,[7, 202, 103, 298, 151, 346, 175, 17, 212, 57, 22, 13, 208, 21, 10]
180,5,6,[6, 5, 200, 16, 8]
181,15,22,[202, 103, 298, 151, 346, 175, 17, 212, 57, 22, 13, 208, 21, 10, 7]
182,15,15,[13, 208, 21, 10, 7, 202, 103, 298, 151, 346, 175, 17, 212, 57, 22]
183,15,17,[202, 103, 298, 151, 346, 175, 17, 212, 57, 22, 13, 208, 21, 10, 7]
184,15,17,[212, 57, 22, 13, 208, 21, 10, 7, 202, 103, 298, 151, 346, 175, 17]
185,15,17,[202, 103, 298, 151, 346, 175, 17, 212, 57, 22, 13, 208, 21, 10, 7]
186,15,16,[7, 202, 103, 298, 151, 346, 175, 17, 212, 57, 22, 13, 208, 21, 10]
187,5,10,[6, 5, 200, 16, 8]
188,5,8,[5, 200, 16, 8, 6]
189,5,5,[8, 6, 5, 200, 16]
190,5,7,[6, 5, 200, 16, 8]
191,15,17,[10, 7, 202, 103, 298, 151, 346, 175, 17, 212, 57, 22, 13, 208, 21]
192,5,6,[6, 5, 200, 16, 8]
193,5,12,[6, 5, 200, 16, 8]
194,15,16,[212, 57, 22, 13, 208, 21, 10, 7, 202, 103, 298, 151, 346, 175, 17]
195,15,15,[10, 7, 202, 103, 298, 151, 346, 175, 17, 212, 57, 22, 13, 208, 21]
196,5,6,[6, 5, 200, 16, 8]
197,5,8,[5, 200, 16, 8, 6]
198,5,11,[5, 200, 16, 8, 6]
199,2,1,[394, 199]
200,5,4,[16, 8, 6, 5, 200]
