1  1  [1, 1, 1, 1, 1, 1, 1, 1, 1, 1, 1, 1, 1, 1, 1, 1, 1, 1, 1]
2  7  [7, 146, 75, 13, 152, 25, 10, 7, 146, 75, 13, 152, 25, 10, 7, 146, 75, 13, 152]
3  7  [146, 75, 13, 152, 25, 10, 7, 146, 75, 13, 152, 25, 10, 7, 146, 75, 13, 152, 25]
4  1  [4, 4, 4, 4, 4, 4, 4, 4, 4, 4, 4, 4, 4, 4, 4, 4, 4, 4, 4]
5  5  [14, 9, 6, 5, 144, 14, 9, 6, 5, 144, 14, 9, 6, 5, 144, 14, 9, 6, 5]
6  5  [144, 14, 9, 6, 5, 144, 14, 9, 6, 5, 144, 14, 9, 6, 5, 144, 14, 9, 6]
7  7  [152, 25, 10, 7, 146, 75, 13, 152, 25, 10, 7, 146, 75, 13, 152, 25, 10, 7, 146]
8  5  [5, 144, 14, 9, 6, 5, 144, 14, 9, 6, 5, 144, 14, 9, 6, 5, 144, 14, 9]
9  5  [5, 144, 14, 9, 6, 5, 144, 14, 9, 6, 5, 144, 14, 9, 6, 5, 144, 14, 9]
10  7  [13, 152, 25, 10, 7, 146, 75, 13, 152, 25, 10, 7, 146, 75, 13, 152, 25, 10, 7]
11  5  [14, 9, 6, 5, 144, 14, 9, 6, 5, 144, 14, 9, 6, 5, 144, 14, 9, 6, 5]
12  7  [13, 152, 25, 10, 7, 146, 75, 13, 152, 25, 10, 7, 146, 75, 13, 152, 25, 10, 7]
13  7  [7, 146, 75, 13, 152, 25, 10, 7, 146, 75, 13, 152, 25, 10, 7, 146, 75, 13, 152]
14  5  [6, 5, 144, 14, 9, 6, 5, 144, 14, 9, 6, 5, 144, 14, 9, 6, 5, 144, 14]
15  5  [6, 5, 144, 14, 9, 6, 5, 144, 14, 9, 6, 5, 144, 14, 9, 6, 5, 144, 14]
16  5  [6, 5, 144, 14, 9, 6, 5, 144, 14, 9, 6, 5, 144, 14, 9, 6, 5, 144, 14]
17  5  [14, 9, 6, 5, 144, 14, 9, 6, 5, 144, 14, 9, 6, 5, 144, 14, 9, 6, 5]
18  5  [6, 5, 144, 14, 9, 6, 5, 144, 14, 9, 6, 5, 144, 14, 9, 6, 5, 144, 14]
19  7  [7, 146, 75, 13, 152, 25, 10, 7, 146, 75, 13, 152, 25, 10, 7, 146, 75, 13, 152]
20  5  [6, 5, 144, 14, 9, 6, 5, 144, 14, 9, 6, 5, 144, 14, 9, 6, 5, 144, 14]
21  7  [75, 13, 152, 25, 10, 7, 146, 75, 13, 152, 25, 10, 7, 146, 75, 13, 152, 25, 10]
22  7  [10, 7, 146, 75, 13, 152, 25, 10, 7, 146, 75, 13, 152, 25, 10, 7, 146, 75, 13]
23  5  [14, 9, 6, 5, 144, 14, 9, 6, 5, 144, 14, 9, 6, 5, 144, 14, 9, 6, 5]
24  5  [6, 5, 144, 14, 9, 6, 5, 144, 14, 9, 6, 5, 144, 14, 9, 6, 5, 144, 14]
25  7  [75, 13, 152, 25, 10, 7, 146, 75, 13, 152, 25, 10, 7, 146, 75, 13, 152, 25, 10]
26  5  [9, 6, 5, 144, 14, 9, 6, 5, 144, 14, 9, 6, 5, 144, 14, 9, 6, 5, 144]
27  5  [6, 5, 144, 14, 9, 6, 5, 144, 14, 9, 6, 5, 144, 14, 9, 6, 5, 144, 14]
28  5  [144, 14, 9, 6, 5, 144, 14, 9, 6, 5, 144, 14, 9, 6, 5, 144, 14, 9, 6]
29  5  [14, 9, 6, 5, 144, 14, 9, 6, 5, 144, 14, 9, 6, 5, 144, 14, 9, 6, 5]
30  7  [75, 13, 152, 25, 10, 7, 146, 75, 13, 152, 25, 10, 7, 146, 75, 13, 152, 25, 10]
31  5  [14, 9, 6, 5, 144, 14, 9, 6, 5, 144, 14, 9, 6, 5, 144, 14, 9, 6, 5]
32  7  [75, 13, 152, 25, 10, 7, 146, 75, 13, 152, 25, 10, 7, 146, 75, 13, 152, 25, 10]
33  5  [9, 6, 5, 144, 14, 9, 6, 5, 144, 14, 9, 6, 5, 144, 14, 9, 6, 5, 144]
34  7  [10, 7, 146, 75, 13, 152, 25, 10, 7, 146, 75, 13, 152, 25, 10, 7, 146, 75, 13]
35  7  [75, 13, 152, 25, 10, 7, 146, 75, 13, 152, 25, 10, 7, 146, 75, 13, 152, 25, 10]
36  7  [75, 13, 152, 25, 10, 7, 146, 75, 13, 152, 25, 10, 7, 146, 75, 13, 152, 25, 10]
37  7  [25, 10, 7, 146, 75, 13, 152, 25, 10, 7, 146, 75, 13, 152, 25, 10, 7, 146, 75]
38  7  [146, 75, 13, 152, 25, 10, 7, 146, 75, 13, 152, 25, 10, 7, 146, 75, 13, 152, 25]
39  5  [9, 6, 5, 144, 14, 9, 6, 5, 144, 14, 9, 6, 5, 144, 14, 9, 6, 5, 144]
40  5  [144, 14, 9, 6, 5, 144, 14, 9, 6, 5, 144, 14, 9, 6, 5, 144, 14, 9, 6]
41  5  [14, 9, 6, 5, 144, 14, 9, 6, 5, 144, 14, 9, 6, 5, 144, 14, 9, 6, 5]
42  7  [75, 13, 152, 25, 10, 7, 146, 75, 13, 152, 25, 10, 7, 146, 75, 13, 152, 25, 10]
43  7  [152, 25, 10, 7, 146, 75, 13, 152, 25, 10, 7, 146, 75, 13, 152, 25, 10, 7, 146]
44  5  [9, 6, 5, 144, 14, 9, 6, 5, 144, 14, 9, 6, 5, 144, 14, 9, 6, 5, 144]
45  5  [144, 14, 9, 6, 5, 144, 14, 9, 6, 5, 144, 14, 9, 6, 5, 144, 14, 9, 6]
46  7  [146, 75, 13, 152, 25, 10, 7, 146, 75, 13, 152, 25, 10, 7, 146, 75, 13, 152, 25]
47  7  [7, 146, 75, 13, 152, 25, 10, 7, 146, 75, 13, 152, 25, 10, 7, 146, 75, 13, 152]
48  5  [144, 14, 9, 6, 5, 144, 14, 9, 6, 5, 144, 14, 9, 6, 5, 144, 14, 9, 6]
49  5  [9, 6, 5, 144, 14, 9, 6, 5, 144, 14, 9, 6, 5, 144, 14, 9, 6, 5, 144]
50  7  [75, 13, 152, 25, 10, 7, 146, 75, 13, 152, 25, 10, 7, 146, 75, 13, 152, 25, 10]
51  5  [9, 6, 5, 144, 14, 9, 6, 5, 144, 14, 9, 6, 5, 144, 14, 9, 6, 5, 144]
52  5  [144, 14, 9, 6, 5, 144, 14, 9, 6, 5, 144, 14, 9, 6, 5, 144, 14, 9, 6]
53  5  [14, 9, 6, 5, 144, 14, 9, 6, 5, 144, 14, 9, 6, 5, 144, 14, 9, 6, 5]
54  5  [144, 14, 9, 6, 5, 144, 14, 9, 6, 5, 144, 14, 9, 6, 5, 144, 14, 9, 6]
55  5  [9, 6, 5, 144, 14, 9, 6, 5, 144, 14, 9, 6, 5, 144, 14, 9, 6, 5, 144]
56  7  [10, 7, 146, 75, 13, 152, 25, 10, 7, 146, 75, 13, 152, 25, 10, 7, 146, 75, 13]
57  7  [25, 10, 7, 146, 75, 13, 152, 25, 10, 7, 146, 75, 13, 152, 25, 10, 7, 146, 75]
58  5  [144, 14, 9, 6, 5, 144, 14, 9, 6, 5, 144, 14, 9, 6, 5, 144, 14, 9, 6]
59  7  [25, 10, 7, 146, 75, 13, 152, 25, 10, 7, 146, 75, 13, 152, 25, 10, 7, 146, 75]
60  7  [75, 13, 152, 25, 10, 7, 146, 75, 13, 152, 25, 10, 7, 146, 75, 13, 152, 25, 10]
61  5  [14, 9, 6, 5, 144, 14, 9, 6, 5, 144, 14, 9, 6, 5, 144, 14, 9, 6, 5]
62  5  [14, 9, 6, 5, 144, 14, 9, 6, 5, 144, 14, 9, 6, 5, 144, 14, 9, 6, 5]
63  7  [10, 7, 146, 75, 13, 152, 25, 10, 7, 146, 75, 13, 152, 25, 10, 7, 146, 75, 13]
64  7  [75, 13, 152, 25, 10, 7, 146, 75, 13, 152, 25, 10, 7, 146, 75, 13, 152, 25, 10]
65  5  [9, 6, 5, 144, 14, 9, 6, 5, 144, 14, 9, 6, 5, 144, 14, 9, 6, 5, 144]
66  5  [9, 6, 5, 144, 14, 9, 6, 5, 144, 14, 9, 6, 5, 144, 14, 9, 6, 5, 144]
67  5  [144, 14, 9, 6, 5, 144, 14, 9, 6, 5, 144, 14, 9, 6, 5, 144, 14, 9, 6]
68  7  [146, 75, 13, 152, 25, 10, 7, 146, 75, 13, 152, 25, 10, 7, 146, 75, 13, 152, 25]
69  5  [14, 9, 6, 5, 144, 14, 9, 6, 5, 144, 14, 9, 6, 5, 144, 14, 9, 6, 5]
70  5  [9, 6, 5, 144, 14, 9, 6, 5, 144, 14, 9, 6, 5, 144, 14, 9, 6, 5, 144]
71  5  [5, 144, 14, 9, 6, 5, 144, 14, 9, 6, 5, 144, 14, 9, 6, 5, 144, 14, 9]
72  7  [75, 13, 152, 25, 10, 7, 146, 75, 13, 152, 25, 10, 7, 146, 75, 13, 152, 25, 10]
73  7  [13, 152, 25, 10, 7, 146, 75, 13, 152, 25, 10, 7, 146, 75, 13, 152, 25, 10, 7]
74  5  [14, 9, 6, 5, 144, 14, 9, 6, 5, 144, 14, 9, 6, 5, 144, 14, 9, 6, 5]
75  7  [10, 7, 146, 75, 13, 152, 25, 10, 7, 146, 75, 13, 152, 25, 10, 7, 146, 75, 13]
76  5  [144, 14, 9, 6, 5, 144, 14, 9, 6, 5, 144, 14, 9, 6, 5, 144, 14, 9, 6]
77  5  [9, 6, 5, 144, 14, 9, 6, 5, 144, 14, 9, 6, 5, 144, 14, 9, 6, 5, 144]
78  5  [9, 6, 5, 144, 14, 9, 6, 5, 144, 14, 9, 6, 5, 144, 14, 9, 6, 5, 144]
79  5  [9, 6, 5, 144, 14, 9, 6, 5, 144, 14, 9, 6, 5, 144, 14, 9, 6, 5, 144]
80  7  [10, 7, 146, 75, 13, 152, 25, 10, 7, 146, 75, 13, 152, 25, 10, 7, 146, 75, 13]
81  7  [75, 13, 152, 25, 10, 7, 146, 75, 13, 152, 25, 10, 7, 146, 75, 13, 152, 25, 10]
82  7  [13, 152, 25, 10, 7, 146, 75, 13, 152, 25, 10, 7, 146, 75, 13, 152, 25, 10, 7]
83  7  [7, 146, 75, 13, 152, 25, 10, 7, 146, 75, 13, 152, 25, 10, 7, 146, 75, 13, 152]
84  5  [9, 6, 5, 144, 14, 9, 6, 5, 144, 14, 9, 6, 5, 144, 14, 9, 6, 5, 144]
85  7  [25, 10, 7, 146, 75, 13, 152, 25, 10, 7, 146, 75, 13, 152, 25, 10, 7, 146, 75]
86  5  [5, 144, 14, 9, 6, 5, 144, 14, 9, 6, 5, 144, 14, 9, 6, 5, 144, 14, 9]
87  7  [146, 75, 13, 152, 25, 10, 7, 146, 75, 13, 152, 25, 10, 7, 146, 75, 13, 152, 25]
88  5  [144, 14, 9, 6, 5, 144, 14, 9, 6, 5, 144, 14, 9, 6, 5, 144, 14, 9, 6]
89  5  [144, 14, 9, 6, 5, 144, 14, 9, 6, 5, 144, 14, 9, 6, 5, 144, 14, 9, 6]
90  7  [10, 7, 146, 75, 13, 152, 25, 10, 7, 146, 75, 13, 152, 25, 10, 7, 146, 75, 13]
91  5  [9, 6, 5, 144, 14, 9, 6, 5, 144, 14, 9, 6, 5, 144, 14, 9, 6, 5, 144]
92  5  [9, 6, 5, 144, 14, 9, 6, 5, 144, 14, 9, 6, 5, 144, 14, 9, 6, 5, 144]
93  7  [25, 10, 7, 146, 75, 13, 152, 25, 10, 7, 146, 75, 13, 152, 25, 10, 7, 146, 75]
94  5  [14, 9, 6, 5, 144, 14, 9, 6, 5, 144, 14, 9, 6, 5, 144, 14, 9, 6, 5]
95  5  [9, 6, 5, 144, 14, 9, 6, 5, 144, 14, 9, 6, 5, 144, 14, 9, 6, 5, 144]
96  7  [10, 7, 146, 75, 13, 152, 25, 10, 7, 146, 75, 13, 152, 25, 10, 7, 146, 75, 13]
97  7  [152, 25, 10, 7, 146, 75, 13, 152, 25, 10, 7, 146, 75, 13, 152, 25, 10, 7, 146]
98  5  [9, 6, 5, 144, 14, 9, 6, 5, 144, 14, 9, 6, 5, 144, 14, 9, 6, 5, 144]
99  5  [144, 14, 9, 6, 5, 144, 14, 9, 6, 5, 144, 14, 9, 6, 5, 144, 14, 9, 6]
100  5  [9, 6, 5, 144, 14, 9, 6, 5, 144, 14, 9, 6, 5, 144, 14, 9, 6, 5, 144]
101  5  [14, 9, 6, 5, 144, 14, 9, 6, 5, 144, 14, 9, 6, 5, 144, 14, 9, 6, 5]
102  7  [25, 10, 7, 146, 75, 13, 152, 25, 10, 7, 146, 75, 13, 152, 25, 10, 7, 146, 75]
103  5  [14, 9, 6, 5, 144, 14, 9, 6, 5, 144, 14, 9, 6, 5, 144, 14, 9, 6, 5]
104  7  [10, 7, 146, 75, 13, 152, 25, 10, 7, 146, 75, 13, 152, 25, 10, 7, 146, 75, 13]
