1  1  0 [1]
2  9  8 [9, 6, 5, 142, 73, 210, 17, 154, 20]
3  9  4 [6, 5, 142, 73, 210, 17, 154, 20, 9]
4  1  0 [4]
5  9  0 [5, 142, 73, 210, 17, 154, 20, 9, 6]
6  9  0 [6, 5, 142, 73, 210, 17, 154, 20, 9]
7  9  3 [9, 6, 5, 142, 73, 210, 17, 154, 20]
8  9  1 [6, 5, 142, 73, 210, 17, 154, 20, 9]
9  9  0 [9, 6, 5, 142, 73, 210, 17, 154, 20]
10  9  4 [9, 6, 5, 142, 73, 210, 17, 154, 20]
11  9  5 [20, 9, 6, 5, 142, 73, 210, 17, 154]
12  9  4 [9, 6, 5, 142, 73, 210, 17, 154, 20]
13  9  4 [6, 5, 142, 73, 210, 17, 154, 20, 9]
14  9  1 [9, 6, 5, 142, 73, 210, 17, 154, 20]
15  9  2 [6, 5, 142, 73, 210, 17, 154, 20, 9]
16  9  2 [6, 5, 142, 73, 210, 17, 154, 20, 9]
17  9  0 [17, 154, 20, 9, 6, 5, 142, 73, 210]
18  9  2 [6, 5, 142, 73, 210, 17, 154, 20, 9]
19  9  2 [20, 9, 6, 5, 142, 73, 210, 17, 154]
20  9  0 [20, 9, 6, 5, 142, 73, 210, 17, 154]
21  9  5 [9, 6, 5, 142, 73, 210, 17, 154, 20]
22  9  5 [6, 5, 142, 73, 210, 17, 154, 20, 9]
23  9  4 [6, 5, 142, 73, 210, 17, 154, 20, 9]
24  9  1 [9, 6, 5, 142, 73, 210, 17, 154, 20]
25  9  5 [9, 6, 5, 142, 73, 210, 17, 154, 20]
26  9  3 [6, 5, 142, 73, 210, 17, 154, 20, 9]
27  9  1 [9, 6, 5, 142, 73, 210, 17, 154, 20]
28  9  6 [20, 9, 6, 5, 142, 73, 210, 17, 154]
29  9  8 [6, 5, 142, 73, 210, 17, 154, 20, 9]
30  9  5 [9, 6, 5, 142, 73, 210, 17, 154, 20]
31  9  4 [6, 5, 142, 73, 210, 17, 154, 20, 9]
32  9  5 [9, 6, 5, 142, 73, 210, 17, 154, 20]
33  9  2 [9, 6, 5, 142, 73, 210, 17, 154, 20]
34  9  3 [20, 9, 6, 5, 142, 73, 210, 17, 154]
35  9  5 [9, 6, 5, 142, 73, 210, 17, 154, 20]
36  9  5 [9, 6, 5, 142, 73, 210, 17, 154, 20]
37  9  5 [20, 9, 6, 5, 142, 73, 210, 17, 154]
38  9  6 [9, 6, 5, 142, 73, 210, 17, 154, 20]
39  9  3 [6, 5, 142, 73, 210, 17, 154, 20, 9]
40  9  6 [20, 9, 6, 5, 142, 73, 210, 17, 154]
41  9  3 [20, 9, 6, 5, 142, 73, 210, 17, 154]
42  9  5 [9, 6, 5, 142, 73, 210, 17, 154, 20]
43  9  4 [6, 5, 142, 73, 210, 17, 154, 20, 9]
44  9  3 [6, 5, 142, 73, 210, 17, 154, 20, 9]
45  9  6 [20, 9, 6, 5, 142, 73, 210, 17, 154]
46  9  6 [9, 6, 5, 142, 73, 210, 17, 154, 20]
47  9  10 [6, 5, 142, 73, 210, 17, 154, 20, 9]
48  9  6 [20, 9, 6, 5, 142, 73, 210, 17, 154]
49  9  2 [9, 6, 5, 142, 73, 210, 17, 154, 20]
50  9  5 [9, 6, 5, 142, 73, 210, 17, 154, 20]
51  9  1 [20, 9, 6, 5, 142, 73, 210, 17, 154]
52  9  1 [17, 154, 20, 9, 6, 5, 142, 73, 210]
53  9  5 [6, 5, 142, 73, 210, 17, 154, 20, 9]
54  9  6 [20, 9, 6, 5, 142, 73, 210, 17, 154]
55  9  3 [6, 5, 142, 73, 210, 17, 154, 20, 9]
56  9  5 [6, 5, 142, 73, 210, 17, 154, 20, 9]
57  9  6 [6, 5, 142, 73, 210, 17, 154, 20, 9]
58  9  5 [6, 5, 142, 73, 210, 17, 154, 20, 9]
59  9  4 [6, 5, 142, 73, 210, 17, 154, 20, 9]
60  9  5 [9, 6, 5, 142, 73, 210, 17, 154, 20]
61  9  4 [20, 9, 6, 5, 142, 73, 210, 17, 154]
62  9  3 [9, 6, 5, 142, 73, 210, 17, 154, 20]
63  9  5 [6, 5, 142, 73, 210, 17, 154, 20, 9]
64  9  5 [9, 6, 5, 142, 73, 210, 17, 154, 20]
65  9  3 [6, 5, 142, 73, 210, 17, 154, 20, 9]
66  9  3 [6, 5, 142, 73, 210, 17, 154, 20, 9]
67  9  3 [9, 6, 5, 142, 73, 210, 17, 154, 20]
68  9  6 [9, 6, 5, 142, 73, 210, 17, 154, 20]
69  9  4 [6, 5, 142, 73, 210, 17, 154, 20, 9]
70  9  2 [9, 6, 5, 142, 73, 210, 17, 154, 20]
71  9  7 [9, 6, 5, 142, 73, 210, 17, 154, 20]
72  9  5 [9, 6, 5, 142, 73, 210, 17, 154, 20]
73  9  0 [73, 210, 17, 154, 20, 9, 6, 5, 142]
74  9  4 [6, 5, 142, 73, 210, 17, 154, 20, 9]
75  9  5 [6, 5, 142, 73, 210, 17, 154, 20, 9]
76  9  5 [6, 5, 142, 73, 210, 17, 154, 20, 9]
77  9  3 [6, 5, 142, 73, 210, 17, 154, 20, 9]
78  9  3 [6, 5, 142, 73, 210, 17, 154, 20, 9]
79  9  4 [6, 5, 142, 73, 210, 17, 154, 20, 9]
80  9  5 [6, 5, 142, 73, 210, 17, 154, 20, 9]
81  9  5 [9, 6, 5, 142, 73, 210, 17, 154, 20]
82  9  5 [6, 5, 142, 73, 210, 17, 154, 20, 9]
83  9  2 [20, 9, 6, 5, 142, 73, 210, 17, 154]
84  9  2 [9, 6, 5, 142, 73, 210, 17, 154, 20]
85  9  6 [6, 5, 142, 73, 210, 17, 154, 20, 9]
86  9  7 [20, 9, 6, 5, 142, 73, 210, 17, 154]
87  9  6 [9, 6, 5, 142, 73, 210, 17, 154, 20]
88  9  1 [17, 154, 20, 9, 6, 5, 142, 73, 210]
89  9  9 [20, 9, 6, 5, 142, 73, 210, 17, 154]
90  9  5 [6, 5, 142, 73, 210, 17, 154, 20, 9]
91  9  1 [20, 9, 6, 5, 142, 73, 210, 17, 154]
92  9  2 [9, 6, 5, 142, 73, 210, 17, 154, 20]
93  9  4 [20, 9, 6, 5, 142, 73, 210, 17, 154]
94  9  3 [9, 6, 5, 142, 73, 210, 17, 154, 20]
95  9  2 [9, 6, 5, 142, 73, 210, 17, 154, 20]
96  9  5 [6, 5, 142, 73, 210, 17, 154, 20, 9]
97  9  7 [9, 6, 5, 142, 73, 210, 17, 154, 20]
98  9  3 [6, 5, 142, 73, 210, 17, 154, 20, 9]
99  9  1 [17, 154, 20, 9, 6, 5, 142, 73, 210]
100  9  2 [9, 6, 5, 142, 73, 210, 17, 154, 20]
