1,1,0,[1]
2,8,14,[9, 6, 5, 467, 929, 1391, 120, 14]
3,8,12,[5, 467, 929, 1391, 120, 14, 9, 6]
4,1,0,[4]
5,8,7,[467, 929, 1391, 120, 14, 9, 6, 5]
6,8,7,[5, 467, 929, 1391, 120, 14, 9, 6]
7,8,13,[5, 467, 929, 1391, 120, 14, 9, 6]
8,8,8,[5, 467, 929, 1391, 120, 14, 9, 6]
9,8,7,[6, 5, 467, 929, 1391, 120, 14, 9]
10,8,14,[5, 467, 929, 1391, 120, 14, 9, 6]
11,3,2,[473, 54, 11]
12,8,14,[5, 467, 929, 1391, 120, 14, 9, 6]
13,8,16,[5, 467, 929, 1391, 120, 14, 9, 6]
14,8,7,[9, 6, 5, 467, 929, 1391, 120, 14]
15,8,9,[5, 467, 929, 1391, 120, 14, 9, 6]
16,8,9,[5, 467, 929, 1391, 120, 14, 9, 6]
17,8,12,[9, 6, 5, 467, 929, 1391, 120, 14]
18,8,9,[5, 467, 929, 1391, 120, 14, 9, 6]
19,8,17,[5, 467, 929, 1391, 120, 14, 9, 6]
20,8,8,[6, 5, 467, 929, 1391, 120, 14, 9]
21,8,15,[5, 467, 929, 1391, 120, 14, 9, 6]
22,8,17,[5, 467, 929, 1391, 120, 14, 9, 6]
23,8,20,[5, 467, 929, 1391, 120, 14, 9, 6]
24,8,8,[6, 5, 467, 929, 1391, 120, 14, 9]
25,8,15,[5, 467, 929, 1391, 120, 14, 9, 6]
26,8,10,[5, 467, 929, 1391, 120, 14, 9, 6]
27,8,8,[6, 5, 467, 929, 1391, 120, 14, 9]
28,3,3,[473, 54, 11]
29,8,14,[5, 467, 929, 1391, 120, 14, 9, 6]
30,8,15,[5, 467, 929, 1391, 120, 14, 9, 6]
31,8,18,[5, 467, 929, 1391, 120, 14, 9, 6]
32,8,15,[5, 467, 929, 1391, 120, 14, 9, 6]
33,8,8,[9, 6, 5, 467, 929, 1391, 120, 14]
34,8,18,[5, 467, 929, 1391, 120, 14, 9, 6]
35,8,15,[5, 467, 929, 1391, 120, 14, 9, 6]
36,8,15,[5, 467, 929, 1391, 120, 14, 9, 6]
37,8,12,[9, 6, 5, 467, 929, 1391, 120, 14]
38,8,16,[5, 467, 929, 1391, 120, 14, 9, 6]
39,8,10,[5, 467, 929, 1391, 120, 14, 9, 6]
40,3,3,[473, 54, 11]
41,8,21,[5, 467, 929, 1391, 120, 14, 9, 6]
42,8,15,[5, 467, 929, 1391, 120, 14, 9, 6]
43,8,13,[5, 467, 929, 1391, 120, 14, 9, 6]
44,8,10,[5, 467, 929, 1391, 120, 14, 9, 6]
45,3,3,[473, 54, 11]
46,8,16,[5, 467, 929, 1391, 120, 14, 9, 6]
47,8,18,[9, 6, 5, 467, 929, 1391, 120, 14]
48,3,3,[473, 54, 11]
49,8,8,[9, 6, 5, 467, 929, 1391, 120, 14]
50,8,15,[5, 467, 929, 1391, 120, 14, 9, 6]
51,8,9,[6, 5, 467, 929, 1391, 120, 14, 9]
52,8,13,[9, 6, 5, 467, 929, 1391, 120, 14]
53,8,19,[5, 467, 929, 1391, 120, 14, 9, 6]
54,3,2,[11, 473, 54]
55,8,10,[5, 467, 929, 1391, 120, 14, 9, 6]
56,8,17,[5, 467, 929, 1391, 120, 14, 9, 6]
57,8,18,[5, 467, 929, 1391, 120, 14, 9, 6]
58,8,19,[5, 467, 929, 1391, 120, 14, 9, 6]
59,8,14,[5, 467, 929, 1391, 120, 14, 9, 6]
60,8,15,[5, 467, 929, 1391, 120, 14, 9, 6]
61,7,6,[523, 985, 202, 103, 565, 118, 61]
62,8,9,[9, 6, 5, 467, 929, 1391, 120, 14]
63,8,17,[5, 467, 929, 1391, 120, 14, 9, 6]
64,8,15,[5, 467, 929, 1391, 120, 14, 9, 6]
65,8,10,[5, 467, 929, 1391, 120, 14, 9, 6]
66,8,10,[5, 467, 929, 1391, 120, 14, 9, 6]
67,8,18,[5, 467, 929, 1391, 120, 14, 9, 6]
68,8,16,[5, 467, 929, 1391, 120, 14, 9, 6]
69,8,11,[5, 467, 929, 1391, 120, 14, 9, 6]
70,8,8,[9, 6, 5, 467, 929, 1391, 120, 14]
71,3,4,[11, 473, 54]
72,8,15,[5, 467, 929, 1391, 120, 14, 9, 6]
73,8,12,[5, 467, 929, 1391, 120, 14, 9, 6]
74,8,11,[5, 467, 929, 1391, 120, 14, 9, 6]
75,8,17,[5, 467, 929, 1391, 120, 14, 9, 6]
76,8,21,[5, 467, 929, 1391, 120, 14, 9, 6]
77,8,10,[5, 467, 929, 1391, 120, 14, 9, 6]
78,8,10,[5, 467, 929, 1391, 120, 14, 9, 6]
79,8,24,[5, 467, 929, 1391, 120, 14, 9, 6]
80,8,17,[5, 467, 929, 1391, 120, 14, 9, 6]
81,8,15,[5, 467, 929, 1391, 120, 14, 9, 6]
82,8,14,[5, 467, 929, 1391, 120, 14, 9, 6]
83,8,11,[6, 5, 467, 929, 1391, 120, 14, 9]
84,8,8,[9, 6, 5, 467, 929, 1391, 120, 14]
85,8,18,[5, 467, 929, 1391, 120, 14, 9, 6]
86,3,4,[473, 54, 11]
87,8,16,[5, 467, 929, 1391, 120, 14, 9, 6]
88,8,13,[9, 6, 5, 467, 929, 1391, 120, 14]
89,3,5,[473, 54, 11]
90,8,17,[5, 467, 929, 1391, 120, 14, 9, 6]
91,8,9,[6, 5, 467, 929, 1391, 120, 14, 9]
92,8,9,[6, 5, 467, 929, 1391, 120, 14, 9]
93,8,19,[5, 467, 929, 1391, 120, 14, 9, 6]
94,8,9,[9, 6, 5, 467, 929, 1391, 120, 14]
95,8,9,[6, 5, 467, 929, 1391, 120, 14, 9]
96,8,17,[5, 467, 929, 1391, 120, 14, 9, 6]
97,8,19,[5, 467, 929, 1391, 120, 14, 9, 6]
98,8,10,[5, 467, 929, 1391, 120, 14, 9, 6]
99,8,13,[9, 6, 5, 467, 929, 1391, 120, 14]
100,8,8,[9, 6, 5, 467, 929, 1391, 120, 14]
101,8,12,[6, 5, 467, 929, 1391, 120, 14, 9]
102,8,18,[5, 467, 929, 1391, 120, 14, 9, 6]
103,7,6,[565, 118, 61, 523, 985, 202, 103]
104,8,18,[5, 467, 929, 1391, 120, 14, 9, 6]
105,8,10,[5, 467, 929, 1391, 120, 14, 9, 6]
106,8,11,[5, 467, 929, 1391, 120, 14, 9, 6]
107,3,8,[473, 54, 11]
108,8,17,[5, 467, 929, 1391, 120, 14, 9, 6]
109,8,25,[5, 467, 929, 1391, 120, 14, 9, 6]
110,8,10,[5, 467, 929, 1391, 120, 14, 9, 6]
111,3,4,[473, 54, 11]
112,8,10,[5, 467, 929, 1391, 120, 14, 9, 6]
113,8,10,[9, 6, 5, 467, 929, 1391, 120, 14]
114,8,9,[6, 5, 467, 929, 1391, 120, 14, 9]
115,3,4,[473, 54, 11]
116,8,9,[9, 6, 5, 467, 929, 1391, 120, 14]
117,8,18,[5, 467, 929, 1391, 120, 14, 9, 6]
118,7,6,[61, 523, 985, 202, 103, 565, 118]
119,8,9,[6, 5, 467, 929, 1391, 120, 14, 9]
120,8,7,[14, 9, 6, 5, 467, 929, 1391, 120]
121,8,18,[5, 467, 929, 1391, 120, 14, 9, 6]
122,8,18,[5, 467, 929, 1391, 120, 14, 9, 6]
123,8,11,[5, 467, 929, 1391, 120, 14, 9, 6]
124,8,16,[5, 467, 929, 1391, 120, 14, 9, 6]
125,8,10,[5, 467, 929, 1391, 120, 14, 9, 6]
126,8,10,[5, 467, 929, 1391, 120, 14, 9, 6]
127,8,17,[5, 467, 929, 1391, 120, 14, 9, 6]
128,8,8,[9, 6, 5, 467, 929, 1391, 120, 14]
129,8,17,[5, 467, 929, 1391, 120, 14, 9, 6]
130,8,9,[6, 5, 467, 929, 1391, 120, 14, 9]
131,8,13,[5, 467, 929, 1391, 120, 14, 9, 6]
132,8,10,[5, 467, 929, 1391, 120, 14, 9, 6]
133,8,11,[5, 467, 929, 1391, 120, 14, 9, 6]
134,8,12,[5, 467, 929, 1391, 120, 14, 9, 6]
135,8,8,[9, 6, 5, 467, 929, 1391, 120, 14]
136,8,21,[5, 467, 929, 1391, 120, 14, 9, 6]
137,8,21,[5, 467, 929, 1391, 120, 14, 9, 6]
138,3,4,[473, 54, 11]
139,3,8,[11, 473, 54]
140,8,10,[5, 467, 929, 1391, 120, 14, 9, 6]
141,8,16,[5, 467, 929, 1391, 120, 14, 9, 6]
142,8,13,[5, 467, 929, 1391, 120, 14, 9, 6]
143,8,9,[6, 5, 467, 929, 1391, 120, 14, 9]
144,8,8,[9, 6, 5, 467, 929, 1391, 120, 14]
145,8,19,[5, 467, 929, 1391, 120, 14, 9, 6]
146,8,18,[5, 467, 929, 1391, 120, 14, 9, 6]
147,8,13,[9, 6, 5, 467, 929, 1391, 120, 14]
148,8,22,[5, 467, 929, 1391, 120, 14, 9, 6]
149,8,17,[5, 467, 929, 1391, 120, 14, 9, 6]
150,8,10,[5, 467, 929, 1391, 120, 14, 9, 6]
151,8,22,[5, 467, 929, 1391, 120, 14, 9, 6]
152,8,16,[5, 467, 929, 1391, 120, 14, 9, 6]
153,8,21,[5, 467, 929, 1391, 120, 14, 9, 6]
154,8,9,[6, 5, 467, 929, 1391, 120, 14, 9]
155,8,16,[5, 467, 929, 1391, 120, 14, 9, 6]
156,8,9,[6, 5, 467, 929, 1391, 120, 14, 9]
157,8,11,[9, 6, 5, 467, 929, 1391, 120, 14]
158,8,16,[5, 467, 929, 1391, 120, 14, 9, 6]
159,8,18,[5, 467, 929, 1391, 120, 14, 9, 6]
160,8,10,[5, 467, 929, 1391, 120, 14, 9, 6]
161,8,16,[5, 467, 929, 1391, 120, 14, 9, 6]
162,8,8,[9, 6, 5, 467, 929, 1391, 120, 14]
163,8,10,[6, 5, 467, 929, 1391, 120, 14, 9]
164,3,4,[473, 54, 11]
165,8,18,[5, 467, 929, 1391, 120, 14, 9, 6]
166,8,19,[5, 467, 929, 1391, 120, 14, 9, 6]
167,3,4,[11, 473, 54]
168,8,10,[5, 467, 929, 1391, 120, 14, 9, 6]
169,8,11,[5, 467, 929, 1391, 120, 14, 9, 6]
170,8,9,[6, 5, 467, 929, 1391, 120, 14, 9]
171,8,16,[5, 467, 929, 1391, 120, 14, 9, 6]
172,8,19,[9, 6, 5, 467, 929, 1391, 120, 14]
173,8,12,[5, 467, 929, 1391, 120, 14, 9, 6]
174,8,19,[5, 467, 929, 1391, 120, 14, 9, 6]
175,8,13,[9, 6, 5, 467, 929, 1391, 120, 14]
176,8,18,[5, 467, 929, 1391, 120, 14, 9, 6]
177,8,10,[9, 6, 5, 467, 929, 1391, 120, 14]
178,8,10,[6, 5, 467, 929, 1391, 120, 14, 9]
179,8,24,[5, 467, 929, 1391, 120, 14, 9, 6]
180,8,10,[5, 467, 929, 1391, 120, 14, 9, 6]
181,8,18,[5, 467, 929, 1391, 120, 14, 9, 6]
182,8,18,[5, 467, 929, 1391, 120, 14, 9, 6]
183,8,16,[5, 467, 929, 1391, 120, 14, 9, 6]
184,8,15,[5, 467, 929, 1391, 120, 14, 9, 6]
185,8,16,[5, 467, 929, 1391, 120, 14, 9, 6]
186,8,16,[5, 467, 929, 1391, 120, 14, 9, 6]
187,3,4,[473, 54, 11]
188,8,10,[6, 5, 467, 929, 1391, 120, 14, 9]
189,8,10,[5, 467, 929, 1391, 120, 14, 9, 6]
190,8,11,[5, 467, 929, 1391, 120, 14, 9, 6]
191,8,14,[5, 467, 929, 1391, 120, 14, 9, 6]
192,8,10,[5, 467, 929, 1391, 120, 14, 9, 6]
193,8,23,[5, 467, 929, 1391, 120, 14, 9, 6]
194,8,14,[9, 6, 5, 467, 929, 1391, 120, 14]
195,8,16,[5, 467, 929, 1391, 120, 14, 9, 6]
196,8,10,[5, 467, 929, 1391, 120, 14, 9, 6]
197,8,13,[5, 467, 929, 1391, 120, 14, 9, 6]
198,8,18,[5, 467, 929, 1391, 120, 14, 9, 6]
199,8,20,[5, 467, 929, 1391, 120, 14, 9, 6]
200,8,10,[5, 467, 929, 1391, 120, 14, 9, 6]
