1  1  0 [1]
2  9  7 [8, 6, 5, 194, 99, 17, 206, 105, 15]
3  9  2 [15, 8, 6, 5, 194, 99, 17, 206, 105]
4  1  0 [4]
5  9  0 [5, 194, 99, 17, 206, 105, 15, 8, 6]
6  9  0 [6, 5, 194, 99, 17, 206, 105, 15, 8]
7  9  3 [8, 6, 5, 194, 99, 17, 206, 105, 15]
8  9  0 [8, 6, 5, 194, 99, 17, 206, 105, 15]
9  9  1 [6, 5, 194, 99, 17, 206, 105, 15, 8]
10  9  4 [8, 6, 5, 194, 99, 17, 206, 105, 15]
11  9  3 [8, 6, 5, 194, 99, 17, 206, 105, 15]
12  9  4 [8, 6, 5, 194, 99, 17, 206, 105, 15]
13  9  6 [8, 6, 5, 194, 99, 17, 206, 105, 15]
14  9  2 [6, 5, 194, 99, 17, 206, 105, 15, 8]
15  9  0 [15, 8, 6, 5, 194, 99, 17, 206, 105]
16  9  1 [8, 6, 5, 194, 99, 17, 206, 105, 15]
17  9  0 [17, 206, 105, 15, 8, 6, 5, 194, 99]
18  9  1 [8, 6, 5, 194, 99, 17, 206, 105, 15]
19  9  7 [8, 6, 5, 194, 99, 17, 206, 105, 15]
20  9  2 [6, 5, 194, 99, 17, 206, 105, 15, 8]
21  9  5 [8, 6, 5, 194, 99, 17, 206, 105, 15]
22  9  7 [8, 6, 5, 194, 99, 17, 206, 105, 15]
23  9  10 [8, 6, 5, 194, 99, 17, 206, 105, 15]
24  9  2 [6, 5, 194, 99, 17, 206, 105, 15, 8]
25  9  5 [8, 6, 5, 194, 99, 17, 206, 105, 15]
26  9  1 [15, 8, 6, 5, 194, 99, 17, 206, 105]
27  9  2 [6, 5, 194, 99, 17, 206, 105, 15, 8]
28  9  4 [8, 6, 5, 194, 99, 17, 206, 105, 15]
29  9  7 [8, 6, 5, 194, 99, 17, 206, 105, 15]
30  9  5 [8, 6, 5, 194, 99, 17, 206, 105, 15]
31  9  4 [6, 5, 194, 99, 17, 206, 105, 15, 8]
32  9  5 [8, 6, 5, 194, 99, 17, 206, 105, 15]
33  9  3 [6, 5, 194, 99, 17, 206, 105, 15, 8]
34  9  8 [8, 6, 5, 194, 99, 17, 206, 105, 15]
35  9  5 [8, 6, 5, 194, 99, 17, 206, 105, 15]
36  9  5 [8, 6, 5, 194, 99, 17, 206, 105, 15]
37  9  7 [8, 6, 5, 194, 99, 17, 206, 105, 15]
38  9  6 [8, 6, 5, 194, 99, 17, 206, 105, 15]
39  9  2 [8, 6, 5, 194, 99, 17, 206, 105, 15]
40  9  4 [8, 6, 5, 194, 99, 17, 206, 105, 15]
41  9  7 [8, 6, 5, 194, 99, 17, 206, 105, 15]
42  9  5 [8, 6, 5, 194, 99, 17, 206, 105, 15]
43  9  7 [8, 6, 5, 194, 99, 17, 206, 105, 15]
44  9  1 [15, 8, 6, 5, 194, 99, 17, 206, 105]
45  9  4 [8, 6, 5, 194, 99, 17, 206, 105, 15]
46  9  6 [8, 6, 5, 194, 99, 17, 206, 105, 15]
47  9  9 [8, 6, 5, 194, 99, 17, 206, 105, 15]
48  9  4 [8, 6, 5, 194, 99, 17, 206, 105, 15]
49  9  3 [6, 5, 194, 99, 17, 206, 105, 15, 8]
50  9  5 [8, 6, 5, 194, 99, 17, 206, 105, 15]
51  9  3 [6, 5, 194, 99, 17, 206, 105, 15, 8]
52  9  1 [17, 206, 105, 15, 8, 6, 5, 194, 99]
53  9  4 [6, 5, 194, 99, 17, 206, 105, 15, 8]
54  9  4 [8, 6, 5, 194, 99, 17, 206, 105, 15]
55  9  2 [8, 6, 5, 194, 99, 17, 206, 105, 15]
56  9  7 [8, 6, 5, 194, 99, 17, 206, 105, 15]
57  9  8 [8, 6, 5, 194, 99, 17, 206, 105, 15]
58  9  5 [6, 5, 194, 99, 17, 206, 105, 15, 8]
59  9  9 [8, 6, 5, 194, 99, 17, 206, 105, 15]
60  9  5 [8, 6, 5, 194, 99, 17, 206, 105, 15]
61  9  2 [17, 206, 105, 15, 8, 6, 5, 194, 99]
62  9  4 [6, 5, 194, 99, 17, 206, 105, 15, 8]
63  9  7 [8, 6, 5, 194, 99, 17, 206, 105, 15]
64  9  5 [8, 6, 5, 194, 99, 17, 206, 105, 15]
65  9  2 [8, 6, 5, 194, 99, 17, 206, 105, 15]
66  9  2 [8, 6, 5, 194, 99, 17, 206, 105, 15]
67  9  3 [8, 6, 5, 194, 99, 17, 206, 105, 15]
68  9  6 [8, 6, 5, 194, 99, 17, 206, 105, 15]
69  9  2 [15, 8, 6, 5, 194, 99, 17, 206, 105]
70  9  3 [6, 5, 194, 99, 17, 206, 105, 15, 8]
71  9  9 [8, 6, 5, 194, 99, 17, 206, 105, 15]
72  9  5 [8, 6, 5, 194, 99, 17, 206, 105, 15]
73  9  4 [15, 8, 6, 5, 194, 99, 17, 206, 105]
74  9  3 [8, 6, 5, 194, 99, 17, 206, 105, 15]
75  9  7 [8, 6, 5, 194, 99, 17, 206, 105, 15]
76  9  11 [8, 6, 5, 194, 99, 17, 206, 105, 15]
77  9  2 [8, 6, 5, 194, 99, 17, 206, 105, 15]
78  9  2 [8, 6, 5, 194, 99, 17, 206, 105, 15]
79  9  11 [8, 6, 5, 194, 99, 17, 206, 105, 15]
80  9  7 [8, 6, 5, 194, 99, 17, 206, 105, 15]
81  9  5 [8, 6, 5, 194, 99, 17, 206, 105, 15]
82  9  8 [8, 6, 5, 194, 99, 17, 206, 105, 15]
83  9  7 [8, 6, 5, 194, 99, 17, 206, 105, 15]
84  9  3 [6, 5, 194, 99, 17, 206, 105, 15, 8]
85  9  8 [8, 6, 5, 194, 99, 17, 206, 105, 15]
86  9  5 [8, 6, 5, 194, 99, 17, 206, 105, 15]
87  9  6 [8, 6, 5, 194, 99, 17, 206, 105, 15]
88  9  1 [17, 206, 105, 15, 8, 6, 5, 194, 99]
89  9  8 [8, 6, 5, 194, 99, 17, 206, 105, 15]
90  9  7 [8, 6, 5, 194, 99, 17, 206, 105, 15]
91  9  3 [6, 5, 194, 99, 17, 206, 105, 15, 8]
92  9  3 [6, 5, 194, 99, 17, 206, 105, 15, 8]
93  9  9 [8, 6, 5, 194, 99, 17, 206, 105, 15]
94  9  4 [6, 5, 194, 99, 17, 206, 105, 15, 8]
95  9  3 [6, 5, 194, 99, 17, 206, 105, 15, 8]
96  9  7 [8, 6, 5, 194, 99, 17, 206, 105, 15]
97  9  3 [15, 8, 6, 5, 194, 99, 17, 206, 105]
98  9  2 [8, 6, 5, 194, 99, 17, 206, 105, 15]
99  9  0 [99, 17, 206, 105, 15, 8, 6, 5, 194]
100  9  3 [6, 5, 194, 99, 17, 206, 105, 15, 8]
