1  1  [1]
2  14  [123, 44, 15, 8, 6, 5, 121, 22, 13, 129, 46, 25, 10, 7]
3  14  [6, 5, 121, 22, 13, 129, 46, 25, 10, 7, 123, 44, 15, 8]
4  1  [4]
5  14  [129, 46, 25, 10, 7, 123, 44, 15, 8, 6, 5, 121, 22, 13]
6  14  [13, 129, 46, 25, 10, 7, 123, 44, 15, 8, 6, 5, 121, 22]
7  14  [8, 6, 5, 121, 22, 13, 129, 46, 25, 10, 7, 123, 44, 15]
8  14  [22, 13, 129, 46, 25, 10, 7, 123, 44, 15, 8, 6, 5, 121]
9  14  [22, 13, 129, 46, 25, 10, 7, 123, 44, 15, 8, 6, 5, 121]
10  14  [15, 8, 6, 5, 121, 22, 13, 129, 46, 25, 10, 7, 123, 44]
11  14  [8, 6, 5, 121, 22, 13, 129, 46, 25, 10, 7, 123, 44, 15]
12  14  [15, 8, 6, 5, 121, 22, 13, 129, 46, 25, 10, 7, 123, 44]
13  14  [10, 7, 123, 44, 15, 8, 6, 5, 121, 22, 13, 129, 46, 25]
14  14  [121, 22, 13, 129, 46, 25, 10, 7, 123, 44, 15, 8, 6, 5]
15  14  [121, 22, 13, 129, 46, 25, 10, 7, 123, 44, 15, 8, 6, 5]
16  14  [121, 22, 13, 129, 46, 25, 10, 7, 123, 44, 15, 8, 6, 5]
17  14  [8, 6, 5, 121, 22, 13, 129, 46, 25, 10, 7, 123, 44, 15]
18  14  [121, 22, 13, 129, 46, 25, 10, 7, 123, 44, 15, 8, 6, 5]
19  14  [6, 5, 121, 22, 13, 129, 46, 25, 10, 7, 123, 44, 15, 8]
20  14  [121, 22, 13, 129, 46, 25, 10, 7, 123, 44, 15, 8, 6, 5]
21  14  [44, 15, 8, 6, 5, 121, 22, 13, 129, 46, 25, 10, 7, 123]
22  14  [25, 10, 7, 123, 44, 15, 8, 6, 5, 121, 22, 13, 129, 46]
23  14  [10, 7, 123, 44, 15, 8, 6, 5, 121, 22, 13, 129, 46, 25]
24  14  [121, 22, 13, 129, 46, 25, 10, 7, 123, 44, 15, 8, 6, 5]
25  14  [44, 15, 8, 6, 5, 121, 22, 13, 129, 46, 25, 10, 7, 123]
26  14  [5, 121, 22, 13, 129, 46, 25, 10, 7, 123, 44, 15, 8, 6]
27  14  [121, 22, 13, 129, 46, 25, 10, 7, 123, 44, 15, 8, 6, 5]
28  14  [15, 8, 6, 5, 121, 22, 13, 129, 46, 25, 10, 7, 123, 44]
29  14  [44, 15, 8, 6, 5, 121, 22, 13, 129, 46, 25, 10, 7, 123]
30  14  [44, 15, 8, 6, 5, 121, 22, 13, 129, 46, 25, 10, 7, 123]
31  14  [44, 15, 8, 6, 5, 121, 22, 13, 129, 46, 25, 10, 7, 123]
32  14  [44, 15, 8, 6, 5, 121, 22, 13, 129, 46, 25, 10, 7, 123]
33  14  [5, 121, 22, 13, 129, 46, 25, 10, 7, 123, 44, 15, 8, 6]
34  14  [8, 6, 5, 121, 22, 13, 129, 46, 25, 10, 7, 123, 44, 15]
35  14  [44, 15, 8, 6, 5, 121, 22, 13, 129, 46, 25, 10, 7, 123]
36  14  [44, 15, 8, 6, 5, 121, 22, 13, 129, 46, 25, 10, 7, 123]
37  14  [46, 25, 10, 7, 123, 44, 15, 8, 6, 5, 121, 22, 13, 129]
38  14  [123, 44, 15, 8, 6, 5, 121, 22, 13, 129, 46, 25, 10, 7]
39  14  [5, 121, 22, 13, 129, 46, 25, 10, 7, 123, 44, 15, 8, 6]
40  14  [15, 8, 6, 5, 121, 22, 13, 129, 46, 25, 10, 7, 123, 44]
41  14  [129, 46, 25, 10, 7, 123, 44, 15, 8, 6, 5, 121, 22, 13]
42  14  [44, 15, 8, 6, 5, 121, 22, 13, 129, 46, 25, 10, 7, 123]
43  14  [129, 46, 25, 10, 7, 123, 44, 15, 8, 6, 5, 121, 22, 13]
44  14  [5, 121, 22, 13, 129, 46, 25, 10, 7, 123, 44, 15, 8, 6]
45  14  [15, 8, 6, 5, 121, 22, 13, 129, 46, 25, 10, 7, 123, 44]
46  14  [123, 44, 15, 8, 6, 5, 121, 22, 13, 129, 46, 25, 10, 7]
47  14  [22, 13, 129, 46, 25, 10, 7, 123, 44, 15, 8, 6, 5, 121]
48  14  [15, 8, 6, 5, 121, 22, 13, 129, 46, 25, 10, 7, 123, 44]
49  14  [5, 121, 22, 13, 129, 46, 25, 10, 7, 123, 44, 15, 8, 6]
50  14  [44, 15, 8, 6, 5, 121, 22, 13, 129, 46, 25, 10, 7, 123]
51  14  [5, 121, 22, 13, 129, 46, 25, 10, 7, 123, 44, 15, 8, 6]
52  14  [15, 8, 6, 5, 121, 22, 13, 129, 46, 25, 10, 7, 123, 44]
53  14  [8, 6, 5, 121, 22, 13, 129, 46, 25, 10, 7, 123, 44, 15]
54  14  [15, 8, 6, 5, 121, 22, 13, 129, 46, 25, 10, 7, 123, 44]
55  14  [5, 121, 22, 13, 129, 46, 25, 10, 7, 123, 44, 15, 8, 6]
56  14  [25, 10, 7, 123, 44, 15, 8, 6, 5, 121, 22, 13, 129, 46]
57  14  [46, 25, 10, 7, 123, 44, 15, 8, 6, 5, 121, 22, 13, 129]
58  14  [123, 44, 15, 8, 6, 5, 121, 22, 13, 129, 46, 25, 10, 7]
59  14  [44, 15, 8, 6, 5, 121, 22, 13, 129, 46, 25, 10, 7, 123]
60  14  [44, 15, 8, 6, 5, 121, 22, 13, 129, 46, 25, 10, 7, 123]
61  14  [15, 8, 6, 5, 121, 22, 13, 129, 46, 25, 10, 7, 123, 44]
62  14  [6, 5, 121, 22, 13, 129, 46, 25, 10, 7, 123, 44, 15, 8]
63  14  [25, 10, 7, 123, 44, 15, 8, 6, 5, 121, 22, 13, 129, 46]
64  14  [44, 15, 8, 6, 5, 121, 22, 13, 129, 46, 25, 10, 7, 123]
65  14  [5, 121, 22, 13, 129, 46, 25, 10, 7, 123, 44, 15, 8, 6]
66  14  [5, 121, 22, 13, 129, 46, 25, 10, 7, 123, 44, 15, 8, 6]
67  14  [7, 123, 44, 15, 8, 6, 5, 121, 22, 13, 129, 46, 25, 10]
68  14  [123, 44, 15, 8, 6, 5, 121, 22, 13, 129, 46, 25, 10, 7]
69  14  [6, 5, 121, 22, 13, 129, 46, 25, 10, 7, 123, 44, 15, 8]
70  14  [5, 121, 22, 13, 129, 46, 25, 10, 7, 123, 44, 15, 8, 6]
71  14  [123, 44, 15, 8, 6, 5, 121, 22, 13, 129, 46, 25, 10, 7]
72  14  [44, 15, 8, 6, 5, 121, 22, 13, 129, 46, 25, 10, 7, 123]
73  14  [6, 5, 121, 22, 13, 129, 46, 25, 10, 7, 123, 44, 15, 8]
74  14  [6, 5, 121, 22, 13, 129, 46, 25, 10, 7, 123, 44, 15, 8]
75  14  [25, 10, 7, 123, 44, 15, 8, 6, 5, 121, 22, 13, 129, 46]
76  14  [25, 10, 7, 123, 44, 15, 8, 6, 5, 121, 22, 13, 129, 46]
77  14  [5, 121, 22, 13, 129, 46, 25, 10, 7, 123, 44, 15, 8, 6]
78  14  [5, 121, 22, 13, 129, 46, 25, 10, 7, 123, 44, 15, 8, 6]
79  14  [7, 123, 44, 15, 8, 6, 5, 121, 22, 13, 129, 46, 25, 10]
80  14  [25, 10, 7, 123, 44, 15, 8, 6, 5, 121, 22, 13, 129, 46]
81  14  [44, 15, 8, 6, 5, 121, 22, 13, 129, 46, 25, 10, 7, 123]
82  14  [13, 129, 46, 25, 10, 7, 123, 44, 15, 8, 6, 5, 121, 22]
83  14  [8, 6, 5, 121, 22, 13, 129, 46, 25, 10, 7, 123, 44, 15]
84  14  [5, 121, 22, 13, 129, 46, 25, 10, 7, 123, 44, 15, 8, 6]
85  14  [46, 25, 10, 7, 123, 44, 15, 8, 6, 5, 121, 22, 13, 129]
86  14  [44, 15, 8, 6, 5, 121, 22, 13, 129, 46, 25, 10, 7, 123]
87  14  [123, 44, 15, 8, 6, 5, 121, 22, 13, 129, 46, 25, 10, 7]
88  14  [15, 8, 6, 5, 121, 22, 13, 129, 46, 25, 10, 7, 123, 44]
89  14  [10, 7, 123, 44, 15, 8, 6, 5, 121, 22, 13, 129, 46, 25]
90  14  [25, 10, 7, 123, 44, 15, 8, 6, 5, 121, 22, 13, 129, 46]
91  14  [5, 121, 22, 13, 129, 46, 25, 10, 7, 123, 44, 15, 8, 6]
92  14  [5, 121, 22, 13, 129, 46, 25, 10, 7, 123, 44, 15, 8, 6]
93  14  [15, 8, 6, 5, 121, 22, 13, 129, 46, 25, 10, 7, 123, 44]
94  14  [6, 5, 121, 22, 13, 129, 46, 25, 10, 7, 123, 44, 15, 8]
95  14  [5, 121, 22, 13, 129, 46, 25, 10, 7, 123, 44, 15, 8, 6]
96  14  [25, 10, 7, 123, 44, 15, 8, 6, 5, 121, 22, 13, 129, 46]
97  14  [15, 8, 6, 5, 121, 22, 13, 129, 46, 25, 10, 7, 123, 44]
98  14  [5, 121, 22, 13, 129, 46, 25, 10, 7, 123, 44, 15, 8, 6]
99  14  [15, 8, 6, 5, 121, 22, 13, 129, 46, 25, 10, 7, 123, 44]
100  14  [5, 121, 22, 13, 129, 46, 25, 10, 7, 123, 44, 15, 8, 6]
101  14  [10, 7, 123, 44, 15, 8, 6, 5, 121, 22, 13, 129, 46, 25]
102  14  [46, 25, 10, 7, 123, 44, 15, 8, 6, 5, 121, 22, 13, 129]
103  14  [129, 46, 25, 10, 7, 123, 44, 15, 8, 6, 5, 121, 22, 13]
104  14  [8, 6, 5, 121, 22, 13, 129, 46, 25, 10, 7, 123, 44, 15]
