1,1,0,[1]
2,4,6,[7, 348, 36, 10]
3,12,16,[5, 346, 175, 17, 358, 181, 522, 37, 378, 18, 8, 6]
4,1,0,[4]
5,12,11,[346, 175, 17, 358, 181, 522, 37, 378, 18, 8, 6, 5]
6,12,11,[5, 346, 175, 17, 358, 181, 522, 37, 378, 18, 8, 6]
7,4,3,[348, 36, 10, 7]
8,12,11,[6, 5, 346, 175, 17, 358, 181, 522, 37, 378, 18, 8]
9,12,12,[5, 346, 175, 17, 358, 181, 522, 37, 378, 18, 8, 6]
10,4,3,[7, 348, 36, 10]
11,4,6,[7, 348, 36, 10]
12,4,4,[348, 36, 10, 7]
13,4,7,[348, 36, 10, 7]
14,12,13,[5, 346, 175, 17, 358, 181, 522, 37, 378, 18, 8, 6]
15,12,12,[6, 5, 346, 175, 17, 358, 181, 522, 37, 378, 18, 8]
16,12,12,[6, 5, 346, 175, 17, 358, 181, 522, 37, 378, 18, 8]
17,12,11,[358, 181, 522, 37, 378, 18, 8, 6, 5, 346, 175, 17]
18,12,11,[8, 6, 5, 346, 175, 17, 358, 181, 522, 37, 378, 18]
19,12,13,[358, 181, 522, 37, 378, 18, 8, 6, 5, 346, 175, 17]
20,12,13,[5, 346, 175, 17, 358, 181, 522, 37, 378, 18, 8, 6]
21,4,4,[7, 348, 36, 10]
22,4,8,[348, 36, 10, 7]
23,12,15,[5, 346, 175, 17, 358, 181, 522, 37, 378, 18, 8, 6]
24,12,13,[5, 346, 175, 17, 358, 181, 522, 37, 378, 18, 8, 6]
25,4,4,[7, 348, 36, 10]
26,12,13,[6, 5, 346, 175, 17, 358, 181, 522, 37, 378, 18, 8]
27,12,13,[5, 346, 175, 17, 358, 181, 522, 37, 378, 18, 8, 6]
28,4,7,[7, 348, 36, 10]
29,12,15,[6, 5, 346, 175, 17, 358, 181, 522, 37, 378, 18, 8]
30,4,4,[7, 348, 36, 10]
31,4,7,[7, 348, 36, 10]
32,4,4,[7, 348, 36, 10]
33,12,14,[5, 346, 175, 17, 358, 181, 522, 37, 378, 18, 8, 6]
34,12,14,[358, 181, 522, 37, 378, 18, 8, 6, 5, 346, 175, 17]
35,4,5,[348, 36, 10, 7]
36,4,3,[10, 7, 348, 36]
37,12,11,[378, 18, 8, 6, 5, 346, 175, 17, 358, 181, 522, 37]
38,4,5,[7, 348, 36, 10]
39,12,13,[6, 5, 346, 175, 17, 358, 181, 522, 37, 378, 18, 8]
40,4,7,[7, 348, 36, 10]
41,12,19,[5, 346, 175, 17, 358, 181, 522, 37, 378, 18, 8, 6]
42,4,5,[348, 36, 10, 7]
43,12,13,[358, 181, 522, 37, 378, 18, 8, 6, 5, 346, 175, 17]
44,12,13,[6, 5, 346, 175, 17, 358, 181, 522, 37, 378, 18, 8]
45,4,7,[7, 348, 36, 10]
46,4,5,[7, 348, 36, 10]
47,4,8,[7, 348, 36, 10]
48,4,7,[7, 348, 36, 10]
49,12,14,[5, 346, 175, 17, 358, 181, 522, 37, 378, 18, 8, 6]
50,4,5,[348, 36, 10, 7]
51,12,14,[5, 346, 175, 17, 358, 181, 522, 37, 378, 18, 8, 6]
52,12,12,[358, 181, 522, 37, 378, 18, 8, 6, 5, 346, 175, 17]
53,12,15,[8, 6, 5, 346, 175, 17, 358, 181, 522, 37, 378, 18]
54,4,7,[7, 348, 36, 10]
55,12,13,[6, 5, 346, 175, 17, 358, 181, 522, 37, 378, 18, 8]
56,4,8,[348, 36, 10, 7]
57,4,9,[348, 36, 10, 7]
58,4,8,[7, 348, 36, 10]
59,12,13,[8, 6, 5, 346, 175, 17, 358, 181, 522, 37, 378, 18]
60,4,5,[348, 36, 10, 7]
61,4,7,[348, 36, 10, 7]
62,12,15,[5, 346, 175, 17, 358, 181, 522, 37, 378, 18, 8, 6]
63,4,8,[348, 36, 10, 7]
64,4,5,[348, 36, 10, 7]
65,12,12,[8, 6, 5, 346, 175, 17, 358, 181, 522, 37, 378, 18]
66,12,13,[6, 5, 346, 175, 17, 358, 181, 522, 37, 378, 18, 8]
67,12,15,[6, 5, 346, 175, 17, 358, 181, 522, 37, 378, 18, 8]
68,4,5,[7, 348, 36, 10]
69,12,14,[6, 5, 346, 175, 17, 358, 181, 522, 37, 378, 18, 8]
70,12,14,[5, 346, 175, 17, 358, 181, 522, 37, 378, 18, 8, 6]
71,12,17,[358, 181, 522, 37, 378, 18, 8, 6, 5, 346, 175, 17]
72,4,5,[348, 36, 10, 7]
73,4,9,[7, 348, 36, 10]
74,12,14,[6, 5, 346, 175, 17, 358, 181, 522, 37, 378, 18, 8]
75,4,8,[348, 36, 10, 7]
76,12,16,[5, 346, 175, 17, 358, 181, 522, 37, 378, 18, 8, 6]
77,12,12,[8, 6, 5, 346, 175, 17, 358, 181, 522, 37, 378, 18]
78,12,12,[8, 6, 5, 346, 175, 17, 358, 181, 522, 37, 378, 18]
79,12,15,[358, 181, 522, 37, 378, 18, 8, 6, 5, 346, 175, 17]
80,4,8,[348, 36, 10, 7]
81,4,5,[348, 36, 10, 7]
82,12,14,[358, 181, 522, 37, 378, 18, 8, 6, 5, 346, 175, 17]
83,12,15,[8, 6, 5, 346, 175, 17, 358, 181, 522, 37, 378, 18]
84,12,14,[5, 346, 175, 17, 358, 181, 522, 37, 378, 18, 8, 6]
85,4,9,[348, 36, 10, 7]
86,4,8,[7, 348, 36, 10]
87,4,5,[7, 348, 36, 10]
88,12,12,[358, 181, 522, 37, 378, 18, 8, 6, 5, 346, 175, 17]
89,4,7,[348, 36, 10, 7]
90,4,8,[348, 36, 10, 7]
91,12,14,[5, 346, 175, 17, 358, 181, 522, 37, 378, 18, 8, 6]
92,12,14,[5, 346, 175, 17, 358, 181, 522, 37, 378, 18, 8, 6]
93,12,15,[358, 181, 522, 37, 378, 18, 8, 6, 5, 346, 175, 17]
94,12,15,[5, 346, 175, 17, 358, 181, 522, 37, 378, 18, 8, 6]
95,12,14,[5, 346, 175, 17, 358, 181, 522, 37, 378, 18, 8, 6]
96,4,8,[348, 36, 10, 7]
97,12,14,[8, 6, 5, 346, 175, 17, 358, 181, 522, 37, 378, 18]
98,12,13,[6, 5, 346, 175, 17, 358, 181, 522, 37, 378, 18, 8]
99,12,12,[358, 181, 522, 37, 378, 18, 8, 6, 5, 346, 175, 17]
100,12,14,[5, 346, 175, 17, 358, 181, 522, 37, 378, 18, 8, 6]
101,4,6,[7, 348, 36, 10]
102,4,9,[348, 36, 10, 7]
103,12,15,[6, 5, 346, 175, 17, 358, 181, 522, 37, 378, 18, 8]
104,12,14,[358, 181, 522, 37, 378, 18, 8, 6, 5, 346, 175, 17]
105,12,13,[6, 5, 346, 175, 17, 358, 181, 522, 37, 378, 18, 8]
106,12,14,[6, 5, 346, 175, 17, 358, 181, 522, 37, 378, 18, 8]
107,12,15,[358, 181, 522, 37, 378, 18, 8, 6, 5, 346, 175, 17]
108,4,8,[348, 36, 10, 7]
109,12,13,[8, 6, 5, 346, 175, 17, 358, 181, 522, 37, 378, 18]
110,12,12,[8, 6, 5, 346, 175, 17, 358, 181, 522, 37, 378, 18]
111,4,8,[7, 348, 36, 10]
112,12,13,[6, 5, 346, 175, 17, 358, 181, 522, 37, 378, 18, 8]
113,12,19,[6, 5, 346, 175, 17, 358, 181, 522, 37, 378, 18, 8]
114,12,14,[5, 346, 175, 17, 358, 181, 522, 37, 378, 18, 8, 6]
115,4,8,[7, 348, 36, 10]
116,12,15,[5, 346, 175, 17, 358, 181, 522, 37, 378, 18, 8, 6]
117,12,14,[358, 181, 522, 37, 378, 18, 8, 6, 5, 346, 175, 17]
118,4,8,[348, 36, 10, 7]
119,12,14,[5, 346, 175, 17, 358, 181, 522, 37, 378, 18, 8, 6]
120,12,14,[5, 346, 175, 17, 358, 181, 522, 37, 378, 18, 8, 6]
121,4,9,[348, 36, 10, 7]
122,4,9,[348, 36, 10, 7]
123,12,14,[6, 5, 346, 175, 17, 358, 181, 522, 37, 378, 18, 8]
124,4,6,[348, 36, 10, 7]
125,12,13,[6, 5, 346, 175, 17, 358, 181, 522, 37, 378, 18, 8]
126,12,13,[6, 5, 346, 175, 17, 358, 181, 522, 37, 378, 18, 8]
127,12,17,[5, 346, 175, 17, 358, 181, 522, 37, 378, 18, 8, 6]
128,12,14,[5, 346, 175, 17, 358, 181, 522, 37, 378, 18, 8, 6]
129,4,6,[7, 348, 36, 10]
130,12,14,[5, 346, 175, 17, 358, 181, 522, 37, 378, 18, 8, 6]
131,12,14,[8, 6, 5, 346, 175, 17, 358, 181, 522, 37, 378, 18]
132,12,12,[8, 6, 5, 346, 175, 17, 358, 181, 522, 37, 378, 18]
133,12,14,[6, 5, 346, 175, 17, 358, 181, 522, 37, 378, 18, 8]
134,12,15,[6, 5, 346, 175, 17, 358, 181, 522, 37, 378, 18, 8]
135,12,14,[5, 346, 175, 17, 358, 181, 522, 37, 378, 18, 8, 6]
136,12,16,[5, 346, 175, 17, 358, 181, 522, 37, 378, 18, 8, 6]
137,4,13,[348, 36, 10, 7]
138,4,8,[7, 348, 36, 10]
139,12,13,[8, 6, 5, 346, 175, 17, 358, 181, 522, 37, 378, 18]
140,12,13,[6, 5, 346, 175, 17, 358, 181, 522, 37, 378, 18, 8]
141,4,6,[348, 36, 10, 7]
142,4,10,[7, 348, 36, 10]
143,12,14,[5, 346, 175, 17, 358, 181, 522, 37, 378, 18, 8, 6]
144,12,14,[5, 346, 175, 17, 358, 181, 522, 37, 378, 18, 8, 6]
145,12,15,[358, 181, 522, 37, 378, 18, 8, 6, 5, 346, 175, 17]
146,4,9,[348, 36, 10, 7]
147,12,12,[358, 181, 522, 37, 378, 18, 8, 6, 5, 346, 175, 17]
148,12,20,[5, 346, 175, 17, 358, 181, 522, 37, 378, 18, 8, 6]
149,4,6,[7, 348, 36, 10]
150,12,13,[6, 5, 346, 175, 17, 358, 181, 522, 37, 378, 18, 8]
151,4,9,[7, 348, 36, 10]
152,4,5,[7, 348, 36, 10]
153,12,16,[5, 346, 175, 17, 358, 181, 522, 37, 378, 18, 8, 6]
154,12,14,[5, 346, 175, 17, 358, 181, 522, 37, 378, 18, 8, 6]
155,4,4,[10, 7, 348, 36]
156,12,14,[5, 346, 175, 17, 358, 181, 522, 37, 378, 18, 8, 6]
157,12,14,[358, 181, 522, 37, 378, 18, 8, 6, 5, 346, 175, 17]
158,4,6,[348, 36, 10, 7]
159,4,9,[348, 36, 10, 7]
160,12,13,[6, 5, 346, 175, 17, 358, 181, 522, 37, 378, 18, 8]
161,4,5,[7, 348, 36, 10]
162,12,14,[5, 346, 175, 17, 358, 181, 522, 37, 378, 18, 8, 6]
163,12,15,[358, 181, 522, 37, 378, 18, 8, 6, 5, 346, 175, 17]
164,4,8,[7, 348, 36, 10]
165,12,14,[358, 181, 522, 37, 378, 18, 8, 6, 5, 346, 175, 17]
166,4,10,[348, 36, 10, 7]
167,12,16,[8, 6, 5, 346, 175, 17, 358, 181, 522, 37, 378, 18]
168,12,13,[6, 5, 346, 175, 17, 358, 181, 522, 37, 378, 18, 8]
169,12,14,[6, 5, 346, 175, 17, 358, 181, 522, 37, 378, 18, 8]
170,12,14,[5, 346, 175, 17, 358, 181, 522, 37, 378, 18, 8, 6]
171,4,5,[7, 348, 36, 10]
172,4,9,[7, 348, 36, 10]
173,12,16,[6, 5, 346, 175, 17, 358, 181, 522, 37, 378, 18, 8]
174,12,15,[358, 181, 522, 37, 378, 18, 8, 6, 5, 346, 175, 17]
175,12,11,[17, 358, 181, 522, 37, 378, 18, 8, 6, 5, 346, 175]
176,12,14,[358, 181, 522, 37, 378, 18, 8, 6, 5, 346, 175, 17]
177,12,16,[5, 346, 175, 17, 358, 181, 522, 37, 378, 18, 8, 6]
178,12,15,[5, 346, 175, 17, 358, 181, 522, 37, 378, 18, 8, 6]
179,12,15,[5, 346, 175, 17, 358, 181, 522, 37, 378, 18, 8, 6]
180,12,13,[6, 5, 346, 175, 17, 358, 181, 522, 37, 378, 18, 8]
181,12,11,[522, 37, 378, 18, 8, 6, 5, 346, 175, 17, 358, 181]
182,4,9,[348, 36, 10, 7]
183,4,6,[348, 36, 10, 7]
184,12,16,[6, 5, 346, 175, 17, 358, 181, 522, 37, 378, 18, 8]
185,4,6,[348, 36, 10, 7]
186,4,4,[10, 7, 348, 36]
187,4,8,[7, 348, 36, 10]
188,12,15,[5, 346, 175, 17, 358, 181, 522, 37, 378, 18, 8, 6]
189,12,13,[6, 5, 346, 175, 17, 358, 181, 522, 37, 378, 18, 8]
190,12,14,[6, 5, 346, 175, 17, 358, 181, 522, 37, 378, 18, 8]
191,4,6,[7, 348, 36, 10]
192,12,13,[6, 5, 346, 175, 17, 358, 181, 522, 37, 378, 18, 8]
193,12,17,[5, 346, 175, 17, 358, 181, 522, 37, 378, 18, 8, 6]
194,12,13,[358, 181, 522, 37, 378, 18, 8, 6, 5, 346, 175, 17]
195,4,5,[7, 348, 36, 10]
196,12,12,[8, 6, 5, 346, 175, 17, 358, 181, 522, 37, 378, 18]
197,12,17,[5, 346, 175, 17, 358, 181, 522, 37, 378, 18, 8, 6]
198,12,14,[358, 181, 522, 37, 378, 18, 8, 6, 5, 346, 175, 17]
199,12,13,[8, 6, 5, 346, 175, 17, 358, 181, 522, 37, 378, 18]
200,12,13,[6, 5, 346, 175, 17, 358, 181, 522, 37, 378, 18, 8]
