1,1,0,[1],[0]
2,6,9,[5, 6, 9, 24, 114, 545],[1, 0, 0, 0, 0, 0]
3,6,7,[5, 6, 9, 24, 114, 545],[1, 0, 0, 0, 0, 0]
4,1,0,[4],[0]
5,6,0,[5, 6, 9, 24, 114, 545],[1, 0, 0, 0, 0, 0]
6,6,0,[5, 6, 9, 24, 114, 545],[1, 0, 0, 0, 0, 0]
7,8,0,[7, 10, 21, 208, 547, 1087, 1627, 2167],[1, 0, 0, 0, 1, 1, 1, 0]
8,6,1,[5, 6, 9, 24, 114, 545],[1, 0, 0, 0, 0, 0]
9,6,0,[5, 6, 9, 24, 114, 545],[1, 0, 0, 0, 0, 0]
10,8,0,[7, 10, 21, 208, 547, 1087, 1627, 2167],[1, 0, 0, 0, 1, 1, 1, 0]
11,3,0,[11, 48, 551],[1, 0, 0]
12,8,1,[7, 10, 21, 208, 547, 1087, 1627, 2167],[1, 0, 0, 0, 1, 1, 1, 0]
13,3,4,[11, 48, 551],[1, 0, 0]
14,6,1,[5, 6, 9, 24, 114, 545],[1, 0, 0, 0, 0, 0]
15,6,2,[5, 6, 9, 24, 114, 545],[1, 0, 0, 0, 0, 0]
16,6,2,[5, 6, 9, 24, 114, 545],[1, 0, 0, 0, 0, 0]
17,6,13,[5, 6, 9, 24, 114, 545],[1, 0, 0, 0, 0, 0]
18,6,2,[5, 6, 9, 24, 114, 545],[1, 0, 0, 0, 0, 0]
19,3,7,[11, 48, 551],[1, 0, 0]
20,6,1,[5, 6, 9, 24, 114, 545],[1, 0, 0, 0, 0, 0]
21,8,0,[7, 10, 21, 208, 547, 1087, 1627, 2167],[1, 0, 0, 0, 1, 1, 1, 0]
22,3,5,[11, 48, 551],[1, 0, 0]
23,6,6,[5, 6, 9, 24, 114, 545],[1, 0, 0, 0, 0, 0]
24,6,0,[5, 6, 9, 24, 114, 545],[1, 0, 0, 0, 0, 0]
25,8,1,[7, 10, 21, 208, 547, 1087, 1627, 2167],[1, 0, 0, 0, 1, 1, 1, 0]
26,6,3,[5, 6, 9, 24, 114, 545],[1, 0, 0, 0, 0, 0]
27,6,1,[5, 6, 9, 24, 114, 545],[1, 0, 0, 0, 0, 0]
28,3,1,[11, 48, 551],[1, 0, 0]
29,6,4,[5, 6, 9, 24, 114, 545],[1, 0, 0, 0, 0, 0]
30,8,1,[7, 10, 21, 208, 547, 1087, 1627, 2167],[1, 0, 0, 0, 1, 1, 1, 0]
31,6,6,[5, 6, 9, 24, 114, 545],[1, 0, 0, 0, 0, 0]
32,8,1,[7, 10, 21, 208, 547, 1087, 1627, 2167],[1, 0, 0, 0, 1, 1, 1, 0]
33,6,2,[5, 6, 9, 24, 114, 545],[1, 0, 0, 0, 0, 0]
34,3,8,[11, 48, 551],[1, 0, 0]
35,8,2,[7, 10, 21, 208, 547, 1087, 1627, 2167],[1, 0, 0, 0, 1, 1, 1, 0]
36,8,1,[7, 10, 21, 208, 547, 1087, 1627, 2167],[1, 0, 0, 0, 1, 1, 1, 0]
37,6,8,[5, 6, 9, 24, 114, 545],[1, 0, 0, 0, 0, 0]
38,8,1,[7, 10, 21, 208, 547, 1087, 1627, 2167],[1, 0, 0, 0, 1, 1, 1, 0]
39,6,3,[5, 6, 9, 24, 114, 545],[1, 0, 0, 0, 0, 0]
40,3,1,[11, 48, 551],[1, 0, 0]
41,3,7,[11, 48, 551],[1, 0, 0]
42,8,2,[7, 10, 21, 208, 547, 1087, 1627, 2167],[1, 0, 0, 0, 1, 1, 1, 0]
43,8,4,[7, 10, 21, 208, 547, 1087, 1627, 2167],[1, 0, 0, 0, 1, 1, 1, 0]
44,6,3,[5, 6, 9, 24, 114, 545],[1, 0, 0, 0, 0, 0]
45,3,1,[11, 48, 551],[1, 0, 0]
46,8,2,[7, 10, 21, 208, 547, 1087, 1627, 2167],[1, 0, 0, 0, 1, 1, 1, 0]
47,6,11,[5, 6, 9, 24, 114, 545],[1, 0, 0, 0, 0, 0]
48,3,0,[11, 48, 551],[1, 0, 0]
49,6,2,[5, 6, 9, 24, 114, 545],[1, 0, 0, 0, 0, 0]
50,8,2,[7, 10, 21, 208, 547, 1087, 1627, 2167],[1, 0, 0, 0, 1, 1, 1, 0]
51,6,2,[5, 6, 9, 24, 114, 545],[1, 0, 0, 0, 0, 0]
52,6,14,[5, 6, 9, 24, 114, 545],[1, 0, 0, 0, 0, 0]
53,6,3,[5, 6, 9, 24, 114, 545],[1, 0, 0, 0, 0, 0]
54,3,1,[11, 48, 551],[1, 0, 0]
55,6,3,[5, 6, 9, 24, 114, 545],[1, 0, 0, 0, 0, 0]
56,3,5,[11, 48, 551],[1, 0, 0]
57,3,6,[11, 48, 551],[1, 0, 0]
58,6,7,[5, 6, 9, 24, 114, 545],[1, 0, 0, 0, 0, 0]
59,6,5,[5, 6, 9, 24, 114, 545],[1, 0, 0, 0, 0, 0]
60,8,2,[7, 10, 21, 208, 547, 1087, 1627, 2167],[1, 0, 0, 0, 1, 1, 1, 0]
61,6,4,[5, 6, 9, 24, 114, 545],[1, 0, 0, 0, 0, 0]
62,6,3,[5, 6, 9, 24, 114, 545],[1, 0, 0, 0, 0, 0]
63,3,5,[11, 48, 551],[1, 0, 0]
64,8,2,[7, 10, 21, 208, 547, 1087, 1627, 2167],[1, 0, 0, 0, 1, 1, 1, 0]
65,6,3,[5, 6, 9, 24, 114, 545],[1, 0, 0, 0, 0, 0]
66,6,3,[5, 6, 9, 24, 114, 545],[1, 0, 0, 0, 0, 0]
67,8,4,[7, 10, 21, 208, 547, 1087, 1627, 2167],[1, 0, 0, 0, 1, 1, 1, 0]
68,8,1,[7, 10, 21, 208, 547, 1087, 1627, 2167],[1, 0, 0, 0, 1, 1, 1, 0]
69,6,4,[5, 6, 9, 24, 114, 545],[1, 0, 0, 0, 0, 0]
70,6,2,[5, 6, 9, 24, 114, 545],[1, 0, 0, 0, 0, 0]
71,8,4,[7, 10, 21, 208, 547, 1087, 1627, 2167],[1, 0, 0, 0, 1, 1, 1, 0]
72,8,2,[7, 10, 21, 208, 547, 1087, 1627, 2167],[1, 0, 0, 0, 1, 1, 1, 0]
73,6,16,[5, 6, 9, 24, 114, 545],[1, 0, 0, 0, 0, 0]
74,6,4,[5, 6, 9, 24, 114, 545],[1, 0, 0, 0, 0, 0]
75,3,5,[11, 48, 551],[1, 0, 0]
76,6,7,[5, 6, 9, 24, 114, 545],[1, 0, 0, 0, 0, 0]
77,6,3,[5, 6, 9, 24, 114, 545],[1, 0, 0, 0, 0, 0]
78,6,3,[5, 6, 9, 24, 114, 545],[1, 0, 0, 0, 0, 0]
79,3,8,[11, 48, 551],[1, 0, 0]
80,3,5,[11, 48, 551],[1, 0, 0]
81,8,2,[7, 10, 21, 208, 547, 1087, 1627, 2167],[1, 0, 0, 0, 1, 1, 1, 0]
82,8,5,[7, 10, 21, 208, 547, 1087, 1627, 2167],[1, 0, 0, 0, 1, 1, 1, 0]
83,3,7,[11, 48, 551],[1, 0, 0]
84,6,2,[5, 6, 9, 24, 114, 545],[1, 0, 0, 0, 0, 0]
85,3,6,[11, 48, 551],[1, 0, 0]
86,3,2,[11, 48, 551],[1, 0, 0]
87,8,2,[7, 10, 21, 208, 547, 1087, 1627, 2167],[1, 0, 0, 0, 1, 1, 1, 0]
88,6,14,[5, 6, 9, 24, 114, 545],[1, 0, 0, 0, 0, 0]
89,3,3,[11, 48, 551],[1, 0, 0]
90,3,5,[11, 48, 551],[1, 0, 0]
91,6,2,[5, 6, 9, 24, 114, 545],[1, 0, 0, 0, 0, 0]
92,6,2,[5, 6, 9, 24, 114, 545],[1, 0, 0, 0, 0, 0]
93,3,9,[11, 48, 551],[1, 0, 0]
94,6,3,[5, 6, 9, 24, 114, 545],[1, 0, 0, 0, 0, 0]
95,6,1,[5, 6, 9, 24, 114, 545],[1, 0, 0, 0, 0, 0]
96,3,5,[11, 48, 551],[1, 0, 0]
97,6,3,[5, 6, 9, 24, 114, 545],[1, 0, 0, 0, 0, 0]
98,6,3,[5, 6, 9, 24, 114, 545],[1, 0, 0, 0, 0, 0]
99,6,14,[5, 6, 9, 24, 114, 545],[1, 0, 0, 0, 0, 0]
100,6,2,[5, 6, 9, 24, 114, 545],[1, 0, 0, 0, 0, 0]
