1,1,0,[1],[0]
2,4,2,[17, 52, 235, 466],[1, 0, 0, 0]
3,10,10,[5, 6, 9, 27, 61, 118, 229, 454, 510, 678],[1, 0, 0, 0, 1, 0, 1, 0, 0, 0]
4,1,0,[4],[0]
5,10,0,[5, 6, 9, 27, 61, 118, 229, 454, 510, 678],[1, 0, 0, 0, 1, 0, 1, 0, 0, 0]
6,10,0,[5, 6, 9, 27, 61, 118, 229, 454, 510, 678],[1, 0, 0, 0, 1, 0, 1, 0, 0, 0]
7,7,0,[7, 10, 11, 28, 32, 456, 460],[1, 0, 1, 0, 0, 0, 0]
8,10,1,[5, 6, 9, 27, 61, 118, 229, 454, 510, 678],[1, 0, 0, 0, 1, 0, 1, 0, 0, 0]
9,10,0,[5, 6, 9, 27, 61, 118, 229, 454, 510, 678],[1, 0, 0, 0, 1, 0, 1, 0, 0, 0]
10,7,0,[7, 10, 11, 28, 32, 456, 460],[1, 0, 1, 0, 0, 0, 0]
11,7,0,[7, 10, 11, 28, 32, 456, 460],[1, 0, 1, 0, 0, 0, 0]
12,7,1,[7, 10, 11, 28, 32, 456, 460],[1, 0, 1, 0, 0, 0, 0]
13,10,7,[5, 6, 9, 27, 61, 118, 229, 454, 510, 678],[1, 0, 0, 0, 1, 0, 1, 0, 0, 0]
14,10,1,[5, 6, 9, 27, 61, 118, 229, 454, 510, 678],[1, 0, 0, 0, 1, 0, 1, 0, 0, 0]
15,10,2,[5, 6, 9, 27, 61, 118, 229, 454, 510, 678],[1, 0, 0, 0, 1, 0, 1, 0, 0, 0]
16,10,2,[5, 6, 9, 27, 61, 118, 229, 454, 510, 678],[1, 0, 0, 0, 1, 0, 1, 0, 0, 0]
17,4,0,[17, 52, 235, 466],[1, 0, 0, 0]
18,10,2,[5, 6, 9, 27, 61, 118, 229, 454, 510, 678],[1, 0, 0, 0, 1, 0, 1, 0, 0, 0]
19,10,7,[5, 6, 9, 27, 61, 118, 229, 454, 510, 678],[1, 0, 0, 0, 1, 0, 1, 0, 0, 0]
20,10,1,[5, 6, 9, 27, 61, 118, 229, 454, 510, 678],[1, 0, 0, 0, 1, 0, 1, 0, 0, 0]
21,7,1,[7, 10, 11, 28, 32, 456, 460],[1, 0, 1, 0, 0, 0, 0]
22,10,8,[5, 6, 9, 27, 61, 118, 229, 454, 510, 678],[1, 0, 0, 0, 1, 0, 1, 0, 0, 0]
23,10,5,[5, 6, 9, 27, 61, 118, 229, 454, 510, 678],[1, 0, 0, 0, 1, 0, 1, 0, 0, 0]
24,10,1,[5, 6, 9, 27, 61, 118, 229, 454, 510, 678],[1, 0, 0, 0, 1, 0, 1, 0, 0, 0]
25,7,1,[7, 10, 11, 28, 32, 456, 460],[1, 0, 1, 0, 0, 0, 0]
26,10,3,[5, 6, 9, 27, 61, 118, 229, 454, 510, 678],[1, 0, 0, 0, 1, 0, 1, 0, 0, 0]
27,10,0,[5, 6, 9, 27, 61, 118, 229, 454, 510, 678],[1, 0, 0, 0, 1, 0, 1, 0, 0, 0]
28,7,0,[7, 10, 11, 28, 32, 456, 460],[1, 0, 1, 0, 0, 0, 0]
29,10,6,[5, 6, 9, 27, 61, 118, 229, 454, 510, 678],[1, 0, 0, 0, 1, 0, 1, 0, 0, 0]
30,7,1,[7, 10, 11, 28, 32, 456, 460],[1, 0, 1, 0, 0, 0, 0]
31,10,4,[5, 6, 9, 27, 61, 118, 229, 454, 510, 678],[1, 0, 0, 0, 1, 0, 1, 0, 0, 0]
32,7,0,[7, 10, 11, 28, 32, 456, 460],[1, 0, 1, 0, 0, 0, 0]
33,10,2,[5, 6, 9, 27, 61, 118, 229, 454, 510, 678],[1, 0, 0, 0, 1, 0, 1, 0, 0, 0]
34,10,8,[5, 6, 9, 27, 61, 118, 229, 454, 510, 678],[1, 0, 0, 0, 1, 0, 1, 0, 0, 0]
35,7,2,[7, 10, 11, 28, 32, 456, 460],[1, 0, 1, 0, 0, 0, 0]
36,7,1,[7, 10, 11, 28, 32, 456, 460],[1, 0, 1, 0, 0, 0, 0]
37,4,2,[17, 52, 235, 466],[1, 0, 0, 0]
38,7,2,[7, 10, 11, 28, 32, 456, 460],[1, 0, 1, 0, 0, 0, 0]
39,10,3,[5, 6, 9, 27, 61, 118, 229, 454, 510, 678],[1, 0, 0, 0, 1, 0, 1, 0, 0, 0]
40,7,1,[7, 10, 11, 28, 32, 456, 460],[1, 0, 1, 0, 0, 0, 0]
41,7,3,[7, 10, 11, 28, 32, 456, 460],[1, 0, 1, 0, 0, 0, 0]
42,7,2,[7, 10, 11, 28, 32, 456, 460],[1, 0, 1, 0, 0, 0, 0]
43,7,3,[7, 10, 11, 28, 32, 456, 460],[1, 0, 1, 0, 0, 0, 0]
44,10,3,[5, 6, 9, 27, 61, 118, 229, 454, 510, 678],[1, 0, 0, 0, 1, 0, 1, 0, 0, 0]
45,7,1,[7, 10, 11, 28, 32, 456, 460],[1, 0, 1, 0, 0, 0, 0]
46,7,2,[7, 10, 11, 28, 32, 456, 460],[1, 0, 1, 0, 0, 0, 0]
47,10,5,[5, 6, 9, 27, 61, 118, 229, 454, 510, 678],[1, 0, 0, 0, 1, 0, 1, 0, 0, 0]
48,7,1,[7, 10, 11, 28, 32, 456, 460],[1, 0, 1, 0, 0, 0, 0]
49,10,2,[5, 6, 9, 27, 61, 118, 229, 454, 510, 678],[1, 0, 0, 0, 1, 0, 1, 0, 0, 0]
50,7,2,[7, 10, 11, 28, 32, 456, 460],[1, 0, 1, 0, 0, 0, 0]
51,10,2,[5, 6, 9, 27, 61, 118, 229, 454, 510, 678],[1, 0, 0, 0, 1, 0, 1, 0, 0, 0]
52,4,0,[17, 52, 235, 466],[1, 0, 0, 0]
53,10,11,[5, 6, 9, 27, 61, 118, 229, 454, 510, 678],[1, 0, 0, 0, 1, 0, 1, 0, 0, 0]
54,7,1,[7, 10, 11, 28, 32, 456, 460],[1, 0, 1, 0, 0, 0, 0]
55,10,3,[5, 6, 9, 27, 61, 118, 229, 454, 510, 678],[1, 0, 0, 0, 1, 0, 1, 0, 0, 0]
56,10,8,[5, 6, 9, 27, 61, 118, 229, 454, 510, 678],[1, 0, 0, 0, 1, 0, 1, 0, 0, 0]
57,10,9,[5, 6, 9, 27, 61, 118, 229, 454, 510, 678],[1, 0, 0, 0, 1, 0, 1, 0, 0, 0]
58,10,5,[5, 6, 9, 27, 61, 118, 229, 454, 510, 678],[1, 0, 0, 0, 1, 0, 1, 0, 0, 0]
59,7,6,[7, 10, 11, 28, 32, 456, 460],[1, 0, 1, 0, 0, 0, 0]
60,7,2,[7, 10, 11, 28, 32, 456, 460],[1, 0, 1, 0, 0, 0, 0]
61,10,0,[5, 6, 9, 27, 61, 118, 229, 454, 510, 678],[1, 0, 0, 0, 1, 0, 1, 0, 0, 0]
62,10,3,[5, 6, 9, 27, 61, 118, 229, 454, 510, 678],[1, 0, 0, 0, 1, 0, 1, 0, 0, 0]
63,10,8,[5, 6, 9, 27, 61, 118, 229, 454, 510, 678],[1, 0, 0, 0, 1, 0, 1, 0, 0, 0]
64,7,2,[7, 10, 11, 28, 32, 456, 460],[1, 0, 1, 0, 0, 0, 0]
65,10,3,[5, 6, 9, 27, 61, 118, 229, 454, 510, 678],[1, 0, 0, 0, 1, 0, 1, 0, 0, 0]
66,10,3,[5, 6, 9, 27, 61, 118, 229, 454, 510, 678],[1, 0, 0, 0, 1, 0, 1, 0, 0, 0]
67,7,4,[7, 10, 11, 28, 32, 456, 460],[1, 0, 1, 0, 0, 0, 0]
68,7,2,[7, 10, 11, 28, 32, 456, 460],[1, 0, 1, 0, 0, 0, 0]
69,10,4,[5, 6, 9, 27, 61, 118, 229, 454, 510, 678],[1, 0, 0, 0, 1, 0, 1, 0, 0, 0]
70,10,2,[5, 6, 9, 27, 61, 118, 229, 454, 510, 678],[1, 0, 0, 0, 1, 0, 1, 0, 0, 0]
71,10,3,[5, 6, 9, 27, 61, 118, 229, 454, 510, 678],[1, 0, 0, 0, 1, 0, 1, 0, 0, 0]
72,7,2,[7, 10, 11, 28, 32, 456, 460],[1, 0, 1, 0, 0, 0, 0]
73,4,4,[17, 52, 235, 466],[1, 0, 0, 0]
74,10,4,[5, 6, 9, 27, 61, 118, 229, 454, 510, 678],[1, 0, 0, 0, 1, 0, 1, 0, 0, 0]
75,10,8,[5, 6, 9, 27, 61, 118, 229, 454, 510, 678],[1, 0, 0, 0, 1, 0, 1, 0, 0, 0]
76,10,6,[5, 6, 9, 27, 61, 118, 229, 454, 510, 678],[1, 0, 0, 0, 1, 0, 1, 0, 0, 0]
77,10,3,[5, 6, 9, 27, 61, 118, 229, 454, 510, 678],[1, 0, 0, 0, 1, 0, 1, 0, 0, 0]
78,10,3,[5, 6, 9, 27, 61, 118, 229, 454, 510, 678],[1, 0, 0, 0, 1, 0, 1, 0, 0, 0]
79,10,10,[5, 6, 9, 27, 61, 118, 229, 454, 510, 678],[1, 0, 0, 0, 1, 0, 1, 0, 0, 0]
80,10,8,[5, 6, 9, 27, 61, 118, 229, 454, 510, 678],[1, 0, 0, 0, 1, 0, 1, 0, 0, 0]
81,7,2,[7, 10, 11, 28, 32, 456, 460],[1, 0, 1, 0, 0, 0, 0]
82,7,4,[7, 10, 11, 28, 32, 456, 460],[1, 0, 1, 0, 0, 0, 0]
83,7,3,[7, 10, 11, 28, 32, 456, 460],[1, 0, 1, 0, 0, 0, 0]
84,10,2,[5, 6, 9, 27, 61, 118, 229, 454, 510, 678],[1, 0, 0, 0, 1, 0, 1, 0, 0, 0]
85,10,9,[5, 6, 9, 27, 61, 118, 229, 454, 510, 678],[1, 0, 0, 0, 1, 0, 1, 0, 0, 0]
86,7,2,[7, 10, 11, 28, 32, 456, 460],[1, 0, 1, 0, 0, 0, 0]
87,7,1,[7, 10, 11, 28, 32, 456, 460],[1, 0, 1, 0, 0, 0, 0]
88,4,1,[17, 52, 235, 466],[1, 0, 0, 0]
89,10,11,[5, 6, 9, 27, 61, 118, 229, 454, 510, 678],[1, 0, 0, 0, 1, 0, 1, 0, 0, 0]
90,10,8,[5, 6, 9, 27, 61, 118, 229, 454, 510, 678],[1, 0, 0, 0, 1, 0, 1, 0, 0, 0]
91,10,2,[5, 6, 9, 27, 61, 118, 229, 454, 510, 678],[1, 0, 0, 0, 1, 0, 1, 0, 0, 0]
92,10,1,[5, 6, 9, 27, 61, 118, 229, 454, 510, 678],[1, 0, 0, 0, 1, 0, 1, 0, 0, 0]
93,10,9,[5, 6, 9, 27, 61, 118, 229, 454, 510, 678],[1, 0, 0, 0, 1, 0, 1, 0, 0, 0]
94,10,3,[5, 6, 9, 27, 61, 118, 229, 454, 510, 678],[1, 0, 0, 0, 1, 0, 1, 0, 0, 0]
95,10,2,[5, 6, 9, 27, 61, 118, 229, 454, 510, 678],[1, 0, 0, 0, 1, 0, 1, 0, 0, 0]
96,10,8,[5, 6, 9, 27, 61, 118, 229, 454, 510, 678],[1, 0, 0, 0, 1, 0, 1, 0, 0, 0]
97,7,3,[7, 10, 11, 28, 32, 456, 460],[1, 0, 1, 0, 0, 0, 0]
98,10,3,[5, 6, 9, 27, 61, 118, 229, 454, 510, 678],[1, 0, 0, 0, 1, 0, 1, 0, 0, 0]
99,4,1,[17, 52, 235, 466],[1, 0, 0, 0]
100,10,2,[5, 6, 9, 27, 61, 118, 229, 454, 510, 678],[1, 0, 0, 0, 1, 0, 1, 0, 0, 0]
