1,1,0,[1]
2,6,9,[5, 453, 154, 20, 9, 6]
3,6,13,[5, 453, 154, 20, 9, 6]
4,1,0,[4]
5,6,5,[453, 154, 20, 9, 6, 5]
6,6,5,[5, 453, 154, 20, 9, 6]
7,4,3,[455, 25, 10, 7]
8,6,6,[5, 453, 154, 20, 9, 6]
9,6,5,[6, 5, 453, 154, 20, 9]
10,4,3,[7, 455, 25, 10]
11,6,10,[5, 453, 154, 20, 9, 6]
12,4,4,[455, 25, 10, 7]
13,6,16,[5, 453, 154, 20, 9, 6]
14,6,6,[6, 5, 453, 154, 20, 9]
15,6,7,[5, 453, 154, 20, 9, 6]
16,6,7,[5, 453, 154, 20, 9, 6]
17,6,10,[5, 453, 154, 20, 9, 6]
18,6,7,[5, 453, 154, 20, 9, 6]
19,6,12,[5, 453, 154, 20, 9, 6]
20,6,5,[9, 6, 5, 453, 154, 20]
21,4,4,[7, 455, 25, 10]
22,6,17,[5, 453, 154, 20, 9, 6]
23,6,10,[5, 453, 154, 20, 9, 6]
24,6,6,[6, 5, 453, 154, 20, 9]
25,4,3,[10, 7, 455, 25]
26,6,8,[5, 453, 154, 20, 9, 6]
27,6,6,[6, 5, 453, 154, 20, 9]
28,6,11,[5, 453, 154, 20, 9, 6]
29,4,3,[477, 59, 507, 29]
30,4,4,[7, 455, 25, 10]
31,6,23,[5, 453, 154, 20, 9, 6]
32,4,4,[7, 455, 25, 10]
33,6,7,[6, 5, 453, 154, 20, 9]
34,6,13,[5, 453, 154, 20, 9, 6]
35,4,5,[455, 25, 10, 7]
36,4,4,[7, 455, 25, 10]
37,6,20,[5, 453, 154, 20, 9, 6]
38,4,5,[7, 455, 25, 10]
39,6,8,[5, 453, 154, 20, 9, 6]
40,6,11,[5, 453, 154, 20, 9, 6]
41,6,21,[5, 453, 154, 20, 9, 6]
42,4,5,[455, 25, 10, 7]
43,6,14,[5, 453, 154, 20, 9, 6]
44,6,8,[5, 453, 154, 20, 9, 6]
45,6,11,[5, 453, 154, 20, 9, 6]
46,4,4,[10, 7, 455, 25]
47,6,19,[5, 453, 154, 20, 9, 6]
48,6,11,[5, 453, 154, 20, 9, 6]
49,6,7,[6, 5, 453, 154, 20, 9]
50,4,5,[455, 25, 10, 7]
51,6,6,[9, 6, 5, 453, 154, 20]
52,6,11,[5, 453, 154, 20, 9, 6]
53,6,9,[6, 5, 453, 154, 20, 9]
54,6,11,[5, 453, 154, 20, 9, 6]
55,6,8,[5, 453, 154, 20, 9, 6]
56,6,17,[5, 453, 154, 20, 9, 6]
57,6,18,[5, 453, 154, 20, 9, 6]
58,6,24,[5, 453, 154, 20, 9, 6]
59,4,3,[507, 29, 477, 59]
60,4,5,[455, 25, 10, 7]
61,6,17,[5, 453, 154, 20, 9, 6]
62,6,8,[6, 5, 453, 154, 20, 9]
63,6,17,[5, 453, 154, 20, 9, 6]
64,4,5,[455, 25, 10, 7]
65,6,8,[5, 453, 154, 20, 9, 6]
66,6,8,[5, 453, 154, 20, 9, 6]
67,6,19,[5, 453, 154, 20, 9, 6]
68,4,5,[7, 455, 25, 10]
69,6,9,[5, 453, 154, 20, 9, 6]
70,6,7,[6, 5, 453, 154, 20, 9]
71,6,15,[5, 453, 154, 20, 9, 6]
72,4,5,[455, 25, 10, 7]
73,6,11,[5, 453, 154, 20, 9, 6]
74,6,9,[5, 453, 154, 20, 9, 6]
75,6,17,[5, 453, 154, 20, 9, 6]
76,6,11,[5, 453, 154, 20, 9, 6]
77,6,8,[5, 453, 154, 20, 9, 6]
78,6,8,[5, 453, 154, 20, 9, 6]
79,6,13,[5, 453, 154, 20, 9, 6]
80,6,17,[5, 453, 154, 20, 9, 6]
81,4,5,[455, 25, 10, 7]
82,6,15,[5, 453, 154, 20, 9, 6]
83,6,10,[5, 453, 154, 20, 9, 6]
84,6,7,[6, 5, 453, 154, 20, 9]
85,6,18,[5, 453, 154, 20, 9, 6]
86,6,12,[5, 453, 154, 20, 9, 6]
87,4,5,[7, 455, 25, 10]
88,6,11,[5, 453, 154, 20, 9, 6]
89,6,20,[5, 453, 154, 20, 9, 6]
90,6,17,[5, 453, 154, 20, 9, 6]
91,6,6,[9, 6, 5, 453, 154, 20]
92,6,7,[6, 5, 453, 154, 20, 9]
93,6,14,[5, 453, 154, 20, 9, 6]
94,6,8,[6, 5, 453, 154, 20, 9]
95,6,7,[6, 5, 453, 154, 20, 9]
96,6,17,[5, 453, 154, 20, 9, 6]
97,6,9,[6, 5, 453, 154, 20, 9]
98,6,8,[5, 453, 154, 20, 9, 6]
99,6,11,[5, 453, 154, 20, 9, 6]
100,6,7,[6, 5, 453, 154, 20, 9]
101,6,21,[5, 453, 154, 20, 9, 6]
102,6,18,[5, 453, 154, 20, 9, 6]
103,6,13,[5, 453, 154, 20, 9, 6]
104,6,13,[5, 453, 154, 20, 9, 6]
105,6,8,[5, 453, 154, 20, 9, 6]
106,6,9,[5, 453, 154, 20, 9, 6]
107,6,13,[5, 453, 154, 20, 9, 6]
108,6,17,[5, 453, 154, 20, 9, 6]
109,6,20,[5, 453, 154, 20, 9, 6]
110,6,8,[5, 453, 154, 20, 9, 6]
111,6,12,[5, 453, 154, 20, 9, 6]
112,6,8,[5, 453, 154, 20, 9, 6]
113,6,25,[5, 453, 154, 20, 9, 6]
114,6,7,[6, 5, 453, 154, 20, 9]
115,6,12,[5, 453, 154, 20, 9, 6]
116,6,8,[6, 5, 453, 154, 20, 9]
117,6,13,[5, 453, 154, 20, 9, 6]
118,6,18,[5, 453, 154, 20, 9, 6]
119,6,7,[6, 5, 453, 154, 20, 9]
120,6,7,[6, 5, 453, 154, 20, 9]
121,6,18,[5, 453, 154, 20, 9, 6]
122,6,18,[5, 453, 154, 20, 9, 6]
123,6,9,[5, 453, 154, 20, 9, 6]
124,4,6,[455, 25, 10, 7]
125,6,8,[5, 453, 154, 20, 9, 6]
126,6,8,[5, 453, 154, 20, 9, 6]
127,6,9,[6, 5, 453, 154, 20, 9]
128,6,7,[6, 5, 453, 154, 20, 9]
129,4,5,[10, 7, 455, 25]
130,6,6,[9, 6, 5, 453, 154, 20]
131,6,10,[5, 453, 154, 20, 9, 6]
132,6,8,[5, 453, 154, 20, 9, 6]
133,6,9,[5, 453, 154, 20, 9, 6]
134,6,10,[5, 453, 154, 20, 9, 6]
135,6,7,[6, 5, 453, 154, 20, 9]
136,6,11,[5, 453, 154, 20, 9, 6]
137,6,8,[6, 5, 453, 154, 20, 9]
138,6,12,[5, 453, 154, 20, 9, 6]
139,6,16,[5, 453, 154, 20, 9, 6]
140,6,8,[5, 453, 154, 20, 9, 6]
141,4,6,[455, 25, 10, 7]
142,6,12,[5, 453, 154, 20, 9, 6]
143,6,7,[6, 5, 453, 154, 20, 9]
144,6,7,[6, 5, 453, 154, 20, 9]
145,6,14,[5, 453, 154, 20, 9, 6]
146,6,18,[5, 453, 154, 20, 9, 6]
147,6,11,[5, 453, 154, 20, 9, 6]
148,6,22,[5, 453, 154, 20, 9, 6]
149,6,16,[5, 453, 154, 20, 9, 6]
150,6,8,[5, 453, 154, 20, 9, 6]
151,4,8,[7, 455, 25, 10]
152,4,4,[10, 7, 455, 25]
153,6,11,[5, 453, 154, 20, 9, 6]
154,6,5,[20, 9, 6, 5, 453, 154]
155,4,5,[7, 455, 25, 10]
156,6,6,[9, 6, 5, 453, 154, 20]
157,6,8,[6, 5, 453, 154, 20, 9]
158,4,6,[455, 25, 10, 7]
159,6,18,[5, 453, 154, 20, 9, 6]
160,6,8,[5, 453, 154, 20, 9, 6]
161,4,5,[7, 455, 25, 10]
162,6,7,[6, 5, 453, 154, 20, 9]
163,4,7,[455, 25, 10, 7]
164,6,12,[5, 453, 154, 20, 9, 6]
165,6,13,[5, 453, 154, 20, 9, 6]
166,6,19,[5, 453, 154, 20, 9, 6]
167,6,9,[6, 5, 453, 154, 20, 9]
168,6,8,[5, 453, 154, 20, 9, 6]
169,6,9,[5, 453, 154, 20, 9, 6]
170,6,7,[6, 5, 453, 154, 20, 9]
171,4,4,[10, 7, 455, 25]
172,6,20,[5, 453, 154, 20, 9, 6]
173,4,6,[7, 455, 25, 10]
174,6,14,[5, 453, 154, 20, 9, 6]
175,6,11,[5, 453, 154, 20, 9, 6]
176,6,13,[5, 453, 154, 20, 9, 6]
177,6,9,[6, 5, 453, 154, 20, 9]
178,6,7,[9, 6, 5, 453, 154, 20]
179,6,9,[6, 5, 453, 154, 20, 9]
180,6,8,[5, 453, 154, 20, 9, 6]
181,6,13,[5, 453, 154, 20, 9, 6]
182,6,18,[5, 453, 154, 20, 9, 6]
183,4,6,[455, 25, 10, 7]
184,4,4,[477, 59, 507, 29]
185,4,6,[455, 25, 10, 7]
186,4,5,[7, 455, 25, 10]
187,6,12,[5, 453, 154, 20, 9, 6]
188,6,7,[9, 6, 5, 453, 154, 20]
189,6,8,[5, 453, 154, 20, 9, 6]
190,6,9,[5, 453, 154, 20, 9, 6]
191,6,10,[5, 453, 154, 20, 9, 6]
192,6,8,[5, 453, 154, 20, 9, 6]
193,6,14,[5, 453, 154, 20, 9, 6]
194,6,12,[5, 453, 154, 20, 9, 6]
195,4,5,[7, 455, 25, 10]
196,6,8,[5, 453, 154, 20, 9, 6]
197,6,8,[9, 6, 5, 453, 154, 20]
198,6,13,[5, 453, 154, 20, 9, 6]
199,4,8,[455, 25, 10, 7]
200,6,8,[5, 453, 154, 20, 9, 6]
