1,1,0,[1]
2,6,8,[6, 5, 228, 26, 15, 8]
3,4,10,[7, 230, 30, 10]
4,1,0,[4]
5,6,5,[228, 26, 15, 8, 6, 5]
6,6,5,[5, 228, 26, 15, 8, 6]
7,4,3,[230, 30, 10, 7]
8,6,5,[6, 5, 228, 26, 15, 8]
9,6,6,[5, 228, 26, 15, 8, 6]
10,4,3,[7, 230, 30, 10]
11,4,6,[7, 230, 30, 10]
12,4,4,[230, 30, 10, 7]
13,3,2,[236, 63, 13]
14,6,7,[5, 228, 26, 15, 8, 6]
15,6,5,[8, 6, 5, 228, 26, 15]
16,6,6,[6, 5, 228, 26, 15, 8]
17,6,8,[6, 5, 228, 26, 15, 8]
18,6,6,[6, 5, 228, 26, 15, 8]
19,6,9,[5, 228, 26, 15, 8, 6]
20,6,7,[5, 228, 26, 15, 8, 6]
21,4,4,[7, 230, 30, 10]
22,3,3,[236, 63, 13]
23,4,7,[7, 230, 30, 10]
24,6,7,[5, 228, 26, 15, 8, 6]
25,4,4,[7, 230, 30, 10]
26,6,5,[15, 8, 6, 5, 228, 26]
27,6,7,[5, 228, 26, 15, 8, 6]
28,4,7,[7, 230, 30, 10]
29,6,10,[6, 5, 228, 26, 15, 8]
30,4,3,[10, 7, 230, 30]
31,4,8,[7, 230, 30, 10]
32,4,4,[7, 230, 30, 10]
33,6,8,[5, 228, 26, 15, 8, 6]
34,6,10,[5, 228, 26, 15, 8, 6]
35,4,5,[230, 30, 10, 7]
36,4,4,[7, 230, 30, 10]
37,3,5,[236, 63, 13]
38,4,5,[7, 230, 30, 10]
39,6,7,[6, 5, 228, 26, 15, 8]
40,4,7,[7, 230, 30, 10]
41,6,9,[5, 228, 26, 15, 8, 6]
42,4,5,[230, 30, 10, 7]
43,4,9,[7, 230, 30, 10]
44,6,6,[8, 6, 5, 228, 26, 15]
45,4,7,[7, 230, 30, 10]
46,4,5,[7, 230, 30, 10]
47,6,8,[6, 5, 228, 26, 15, 8]
48,4,7,[7, 230, 30, 10]
49,6,8,[5, 228, 26, 15, 8, 6]
50,4,5,[230, 30, 10, 7]
51,6,8,[5, 228, 26, 15, 8, 6]
52,6,9,[6, 5, 228, 26, 15, 8]
53,4,5,[10, 7, 230, 30]
54,4,7,[7, 230, 30, 10]
55,6,7,[6, 5, 228, 26, 15, 8]
56,3,3,[236, 63, 13]
57,3,4,[236, 63, 13]
58,4,9,[7, 230, 30, 10]
59,6,11,[6, 5, 228, 26, 15, 8]
60,4,5,[230, 30, 10, 7]
61,3,5,[236, 63, 13]
62,6,9,[5, 228, 26, 15, 8, 6]
63,3,2,[13, 236, 63]
64,4,5,[230, 30, 10, 7]
65,6,7,[6, 5, 228, 26, 15, 8]
66,6,7,[6, 5, 228, 26, 15, 8]
67,4,6,[7, 230, 30, 10]
68,4,5,[7, 230, 30, 10]
69,6,6,[15, 8, 6, 5, 228, 26]
70,6,8,[5, 228, 26, 15, 8, 6]
71,6,11,[5, 228, 26, 15, 8, 6]
72,4,5,[230, 30, 10, 7]
73,4,11,[7, 230, 30, 10]
74,6,8,[6, 5, 228, 26, 15, 8]
75,3,3,[236, 63, 13]
76,4,8,[7, 230, 30, 10]
77,6,7,[6, 5, 228, 26, 15, 8]
78,6,7,[6, 5, 228, 26, 15, 8]
79,4,10,[7, 230, 30, 10]
80,3,3,[236, 63, 13]
81,4,5,[230, 30, 10, 7]
82,4,10,[7, 230, 30, 10]
83,4,6,[7, 230, 30, 10]
84,6,8,[5, 228, 26, 15, 8, 6]
85,3,4,[236, 63, 13]
86,4,8,[7, 230, 30, 10]
87,4,5,[7, 230, 30, 10]
88,6,9,[6, 5, 228, 26, 15, 8]
89,3,5,[236, 63, 13]
90,3,3,[236, 63, 13]
91,6,8,[5, 228, 26, 15, 8, 6]
92,6,8,[5, 228, 26, 15, 8, 6]
93,6,11,[5, 228, 26, 15, 8, 6]
94,6,9,[5, 228, 26, 15, 8, 6]
95,6,8,[5, 228, 26, 15, 8, 6]
96,3,3,[236, 63, 13]
97,6,10,[6, 5, 228, 26, 15, 8]
98,6,7,[6, 5, 228, 26, 15, 8]
99,6,9,[6, 5, 228, 26, 15, 8]
100,6,8,[5, 228, 26, 15, 8, 6]
101,6,8,[6, 5, 228, 26, 15, 8]
102,3,4,[236, 63, 13]
103,6,12,[5, 228, 26, 15, 8, 6]
104,6,10,[5, 228, 26, 15, 8, 6]
105,6,6,[8, 6, 5, 228, 26, 15]
106,6,8,[6, 5, 228, 26, 15, 8]
107,4,6,[7, 230, 30, 10]
108,3,3,[236, 63, 13]
109,4,7,[7, 230, 30, 10]
110,6,7,[6, 5, 228, 26, 15, 8]
111,4,8,[7, 230, 30, 10]
112,6,6,[8, 6, 5, 228, 26, 15]
113,6,8,[6, 5, 228, 26, 15, 8]
114,6,8,[5, 228, 26, 15, 8, 6]
115,4,8,[7, 230, 30, 10]
116,6,9,[5, 228, 26, 15, 8, 6]
117,6,10,[5, 228, 26, 15, 8, 6]
118,3,6,[236, 63, 13]
119,6,8,[5, 228, 26, 15, 8, 6]
120,6,8,[5, 228, 26, 15, 8, 6]
121,3,4,[236, 63, 13]
122,3,3,[13, 236, 63]
123,6,7,[8, 6, 5, 228, 26, 15]
124,4,6,[230, 30, 10, 7]
125,6,6,[8, 6, 5, 228, 26, 15]
126,6,6,[8, 6, 5, 228, 26, 15]
127,6,11,[5, 228, 26, 15, 8, 6]
128,6,8,[5, 228, 26, 15, 8, 6]
129,4,6,[7, 230, 30, 10]
130,6,8,[5, 228, 26, 15, 8, 6]
131,4,7,[230, 30, 10, 7]
132,6,7,[6, 5, 228, 26, 15, 8]
133,6,6,[15, 8, 6, 5, 228, 26]
134,6,7,[15, 8, 6, 5, 228, 26]
135,6,8,[5, 228, 26, 15, 8, 6]
136,4,8,[7, 230, 30, 10]
137,6,10,[6, 5, 228, 26, 15, 8]
138,4,8,[7, 230, 30, 10]
139,4,8,[230, 30, 10, 7]
140,6,7,[6, 5, 228, 26, 15, 8]
141,4,6,[230, 30, 10, 7]
142,4,12,[7, 230, 30, 10]
143,6,8,[5, 228, 26, 15, 8, 6]
144,6,8,[5, 228, 26, 15, 8, 6]
145,6,11,[5, 228, 26, 15, 8, 6]
146,3,4,[236, 63, 13]
147,6,9,[6, 5, 228, 26, 15, 8]
148,6,10,[5, 228, 26, 15, 8, 6]
149,4,7,[7, 230, 30, 10]
150,6,6,[8, 6, 5, 228, 26, 15]
151,4,5,[10, 7, 230, 30]
152,4,5,[7, 230, 30, 10]
153,4,8,[7, 230, 30, 10]
154,6,8,[5, 228, 26, 15, 8, 6]
155,4,5,[7, 230, 30, 10]
156,6,8,[5, 228, 26, 15, 8, 6]
157,4,9,[7, 230, 30, 10]
158,4,6,[230, 30, 10, 7]
159,3,4,[236, 63, 13]
160,6,6,[8, 6, 5, 228, 26, 15]
161,4,4,[10, 7, 230, 30]
162,6,8,[5, 228, 26, 15, 8, 6]
163,4,7,[7, 230, 30, 10]
164,4,8,[7, 230, 30, 10]
165,6,10,[5, 228, 26, 15, 8, 6]
166,3,5,[236, 63, 13]
167,4,9,[7, 230, 30, 10]
168,6,7,[6, 5, 228, 26, 15, 8]
169,6,6,[15, 8, 6, 5, 228, 26]
170,6,8,[5, 228, 26, 15, 8, 6]
171,4,5,[7, 230, 30, 10]
172,6,9,[6, 5, 228, 26, 15, 8]
173,4,6,[7, 230, 30, 10]
174,6,11,[5, 228, 26, 15, 8, 6]
175,6,9,[6, 5, 228, 26, 15, 8]
176,6,10,[5, 228, 26, 15, 8, 6]
177,6,10,[5, 228, 26, 15, 8, 6]
178,6,9,[5, 228, 26, 15, 8, 6]
179,4,7,[230, 30, 10, 7]
180,6,6,[8, 6, 5, 228, 26, 15]
181,6,8,[8, 6, 5, 228, 26, 15]
182,3,4,[236, 63, 13]
183,4,6,[230, 30, 10, 7]
184,6,11,[6, 5, 228, 26, 15, 8]
185,4,6,[230, 30, 10, 7]
186,4,5,[7, 230, 30, 10]
187,4,8,[7, 230, 30, 10]
188,6,9,[5, 228, 26, 15, 8, 6]
189,6,7,[6, 5, 228, 26, 15, 8]
190,6,6,[15, 8, 6, 5, 228, 26]
191,4,10,[7, 230, 30, 10]
192,6,6,[8, 6, 5, 228, 26, 15]
193,4,9,[7, 230, 30, 10]
194,6,10,[6, 5, 228, 26, 15, 8]
195,4,5,[7, 230, 30, 10]
196,6,7,[6, 5, 228, 26, 15, 8]
197,6,11,[5, 228, 26, 15, 8, 6]
198,6,10,[5, 228, 26, 15, 8, 6]
199,6,11,[6, 5, 228, 26, 15, 8]
200,6,7,[6, 5, 228, 26, 15, 8]
