1  1  0 [1]
2  9  3 [19, 110, 18, 8, 6, 5, 96, 13, 104]
3  9  5 [6, 5, 96, 13, 104, 19, 110, 18, 8]
4  1  0 [4]
5  9  0 [5, 96, 13, 104, 19, 110, 18, 8, 6]
6  9  0 [6, 5, 96, 13, 104, 19, 110, 18, 8]
7  9  3 [8, 6, 5, 96, 13, 104, 19, 110, 18]
8  9  0 [8, 6, 5, 96, 13, 104, 19, 110, 18]
9  9  1 [6, 5, 96, 13, 104, 19, 110, 18, 8]
10  9  4 [8, 6, 5, 96, 13, 104, 19, 110, 18]
11  9  3 [13, 104, 19, 110, 18, 8, 6, 5, 96]
12  9  4 [8, 6, 5, 96, 13, 104, 19, 110, 18]
13  9  0 [13, 104, 19, 110, 18, 8, 6, 5, 96]
14  9  2 [6, 5, 96, 13, 104, 19, 110, 18, 8]
15  9  1 [8, 6, 5, 96, 13, 104, 19, 110, 18]
16  9  1 [8, 6, 5, 96, 13, 104, 19, 110, 18]
17  9  2 [13, 104, 19, 110, 18, 8, 6, 5, 96]
18  9  0 [18, 8, 6, 5, 96, 13, 104, 19, 110]
19  9  0 [19, 110, 18, 8, 6, 5, 96, 13, 104]
20  9  2 [6, 5, 96, 13, 104, 19, 110, 18, 8]
21  9  5 [8, 6, 5, 96, 13, 104, 19, 110, 18]
22  9  1 [13, 104, 19, 110, 18, 8, 6, 5, 96]
23  9  4 [6, 5, 96, 13, 104, 19, 110, 18, 8]
24  9  2 [6, 5, 96, 13, 104, 19, 110, 18, 8]
25  9  5 [8, 6, 5, 96, 13, 104, 19, 110, 18]
26  9  2 [8, 6, 5, 96, 13, 104, 19, 110, 18]
27  9  2 [6, 5, 96, 13, 104, 19, 110, 18, 8]
28  9  4 [13, 104, 19, 110, 18, 8, 6, 5, 96]
29  9  4 [6, 5, 96, 13, 104, 19, 110, 18, 8]
30  9  5 [8, 6, 5, 96, 13, 104, 19, 110, 18]
31  9  3 [13, 104, 19, 110, 18, 8, 6, 5, 96]
32  9  5 [8, 6, 5, 96, 13, 104, 19, 110, 18]
33  9  3 [6, 5, 96, 13, 104, 19, 110, 18, 8]
34  9  1 [19, 110, 18, 8, 6, 5, 96, 13, 104]
35  9  5 [8, 6, 5, 96, 13, 104, 19, 110, 18]
36  9  5 [8, 6, 5, 96, 13, 104, 19, 110, 18]
37  9  4 [6, 5, 96, 13, 104, 19, 110, 18, 8]
38  9  6 [8, 6, 5, 96, 13, 104, 19, 110, 18]
39  9  2 [8, 6, 5, 96, 13, 104, 19, 110, 18]
40  9  4 [13, 104, 19, 110, 18, 8, 6, 5, 96]
41  9  2 [18, 8, 6, 5, 96, 13, 104, 19, 110]
42  9  5 [8, 6, 5, 96, 13, 104, 19, 110, 18]
43  9  5 [8, 6, 5, 96, 13, 104, 19, 110, 18]
44  9  2 [8, 6, 5, 96, 13, 104, 19, 110, 18]
45  9  4 [13, 104, 19, 110, 18, 8, 6, 5, 96]
46  9  6 [8, 6, 5, 96, 13, 104, 19, 110, 18]
47  9  6 [13, 104, 19, 110, 18, 8, 6, 5, 96]
48  9  4 [13, 104, 19, 110, 18, 8, 6, 5, 96]
49  9  3 [6, 5, 96, 13, 104, 19, 110, 18, 8]
50  9  5 [8, 6, 5, 96, 13, 104, 19, 110, 18]
51  9  3 [6, 5, 96, 13, 104, 19, 110, 18, 8]
52  9  3 [13, 104, 19, 110, 18, 8, 6, 5, 96]
53  9  4 [6, 5, 96, 13, 104, 19, 110, 18, 8]
54  9  4 [13, 104, 19, 110, 18, 8, 6, 5, 96]
55  9  2 [8, 6, 5, 96, 13, 104, 19, 110, 18]
56  9  1 [13, 104, 19, 110, 18, 8, 6, 5, 96]
57  9  2 [13, 104, 19, 110, 18, 8, 6, 5, 96]
58  9  4 [13, 104, 19, 110, 18, 8, 6, 5, 96]
59  9  3 [8, 6, 5, 96, 13, 104, 19, 110, 18]
60  9  5 [8, 6, 5, 96, 13, 104, 19, 110, 18]
61  9  7 [8, 6, 5, 96, 13, 104, 19, 110, 18]
62  9  4 [6, 5, 96, 13, 104, 19, 110, 18, 8]
63  9  1 [13, 104, 19, 110, 18, 8, 6, 5, 96]
64  9  5 [8, 6, 5, 96, 13, 104, 19, 110, 18]
65  9  1 [18, 8, 6, 5, 96, 13, 104, 19, 110]
66  9  2 [8, 6, 5, 96, 13, 104, 19, 110, 18]
67  9  7 [8, 6, 5, 96, 13, 104, 19, 110, 18]
68  9  6 [8, 6, 5, 96, 13, 104, 19, 110, 18]
69  9  3 [8, 6, 5, 96, 13, 104, 19, 110, 18]
70  9  3 [6, 5, 96, 13, 104, 19, 110, 18, 8]
71  9  4 [6, 5, 96, 13, 104, 19, 110, 18, 8]
72  9  5 [8, 6, 5, 96, 13, 104, 19, 110, 18]
73  9  6 [13, 104, 19, 110, 18, 8, 6, 5, 96]
74  9  3 [8, 6, 5, 96, 13, 104, 19, 110, 18]
75  9  1 [13, 104, 19, 110, 18, 8, 6, 5, 96]
76  9  5 [6, 5, 96, 13, 104, 19, 110, 18, 8]
77  9  1 [18, 8, 6, 5, 96, 13, 104, 19, 110]
78  9  1 [18, 8, 6, 5, 96, 13, 104, 19, 110]
79  9  4 [6, 5, 96, 13, 104, 19, 110, 18, 8]
80  9  1 [13, 104, 19, 110, 18, 8, 6, 5, 96]
81  9  5 [8, 6, 5, 96, 13, 104, 19, 110, 18]
82  9  6 [8, 6, 5, 96, 13, 104, 19, 110, 18]
83  9  3 [19, 110, 18, 8, 6, 5, 96, 13, 104]
84  9  3 [6, 5, 96, 13, 104, 19, 110, 18, 8]
85  9  2 [13, 104, 19, 110, 18, 8, 6, 5, 96]
86  9  5 [13, 104, 19, 110, 18, 8, 6, 5, 96]
87  9  6 [8, 6, 5, 96, 13, 104, 19, 110, 18]
88  9  3 [13, 104, 19, 110, 18, 8, 6, 5, 96]
89  9  3 [8, 6, 5, 96, 13, 104, 19, 110, 18]
90  9  1 [13, 104, 19, 110, 18, 8, 6, 5, 96]
91  9  3 [6, 5, 96, 13, 104, 19, 110, 18, 8]
92  9  3 [6, 5, 96, 13, 104, 19, 110, 18, 8]
93  9  2 [19, 110, 18, 8, 6, 5, 96, 13, 104]
94  9  4 [6, 5, 96, 13, 104, 19, 110, 18, 8]
95  9  3 [6, 5, 96, 13, 104, 19, 110, 18, 8]
96  9  0 [96, 13, 104, 19, 110, 18, 8, 6, 5]
97  9  5 [6, 5, 96, 13, 104, 19, 110, 18, 8]
98  9  2 [8, 6, 5, 96, 13, 104, 19, 110, 18]
99  9  3 [13, 104, 19, 110, 18, 8, 6, 5, 96]
100  9  3 [6, 5, 96, 13, 104, 19, 110, 18, 8]
