1,1,0,[1],[0]
2,4,5,[7, 12, 42, 222],[1, 0, 0, 0]
3,4,4,[11, 28, 115, 226],[1, 0, 0, 0]
4,1,0,[4],[0]
5,5,0,[5, 6, 9, 20, 220],[1, 0, 0, 0, 0]
6,5,0,[5, 6, 9, 20, 220],[1, 0, 0, 0, 0]
7,4,0,[7, 12, 42, 222],[1, 0, 0, 0]
8,5,1,[5, 6, 9, 20, 220],[1, 0, 0, 0, 0]
9,5,0,[5, 6, 9, 20, 220],[1, 0, 0, 0, 0]
10,4,1,[7, 12, 42, 222],[1, 0, 0, 0]
11,4,0,[11, 28, 115, 226],[1, 0, 0, 0]
12,4,0,[7, 12, 42, 222],[1, 0, 0, 0]
13,5,5,[5, 6, 9, 20, 220],[1, 0, 0, 0, 0]
14,5,1,[5, 6, 9, 20, 220],[1, 0, 0, 0, 0]
15,5,2,[5, 6, 9, 20, 220],[1, 0, 0, 0, 0]
16,5,2,[5, 6, 9, 20, 220],[1, 0, 0, 0, 0]
17,4,3,[7, 12, 42, 222],[1, 0, 0, 0]
18,5,2,[5, 6, 9, 20, 220],[1, 0, 0, 0, 0]
19,4,4,[7, 12, 42, 222],[1, 0, 0, 0]
20,5,0,[5, 6, 9, 20, 220],[1, 0, 0, 0, 0]
21,4,2,[7, 12, 42, 222],[1, 0, 0, 0]
22,5,6,[5, 6, 9, 20, 220],[1, 0, 0, 0, 0]
23,5,5,[5, 6, 9, 20, 220],[1, 0, 0, 0, 0]
24,5,1,[5, 6, 9, 20, 220],[1, 0, 0, 0, 0]
25,4,2,[7, 12, 42, 222],[1, 0, 0, 0]
26,5,3,[5, 6, 9, 20, 220],[1, 0, 0, 0, 0]
27,5,1,[5, 6, 9, 20, 220],[1, 0, 0, 0, 0]
28,4,0,[11, 28, 115, 226],[1, 0, 0, 0]
29,5,5,[5, 6, 9, 20, 220],[1, 0, 0, 0, 0]
30,4,2,[7, 12, 42, 222],[1, 0, 0, 0]
31,4,5,[7, 12, 42, 222],[1, 0, 0, 0]
32,4,2,[7, 12, 42, 222],[1, 0, 0, 0]
33,5,2,[5, 6, 9, 20, 220],[1, 0, 0, 0, 0]
34,4,5,[7, 12, 42, 222],[1, 0, 0, 0]
35,4,1,[7, 12, 42, 222],[1, 0, 0, 0]
36,4,2,[7, 12, 42, 222],[1, 0, 0, 0]
37,4,5,[7, 12, 42, 222],[1, 0, 0, 0]
38,4,3,[7, 12, 42, 222],[1, 0, 0, 0]
39,5,3,[5, 6, 9, 20, 220],[1, 0, 0, 0, 0]
40,4,1,[11, 28, 115, 226],[1, 0, 0, 0]
41,5,4,[5, 6, 9, 20, 220],[1, 0, 0, 0, 0]
42,4,0,[7, 12, 42, 222],[1, 0, 0, 0]
43,4,3,[11, 28, 115, 226],[1, 0, 0, 0]
44,5,3,[5, 6, 9, 20, 220],[1, 0, 0, 0, 0]
45,4,1,[11, 28, 115, 226],[1, 0, 0, 0]
46,4,3,[7, 12, 42, 222],[1, 0, 0, 0]
47,5,6,[5, 6, 9, 20, 220],[1, 0, 0, 0, 0]
48,4,1,[11, 28, 115, 226],[1, 0, 0, 0]
49,5,2,[5, 6, 9, 20, 220],[1, 0, 0, 0, 0]
50,4,1,[7, 12, 42, 222],[1, 0, 0, 0]
51,5,1,[5, 6, 9, 20, 220],[1, 0, 0, 0, 0]
52,4,4,[7, 12, 42, 222],[1, 0, 0, 0]
53,5,7,[5, 6, 9, 20, 220],[1, 0, 0, 0, 0]
54,4,1,[11, 28, 115, 226],[1, 0, 0, 0]
55,5,3,[5, 6, 9, 20, 220],[1, 0, 0, 0, 0]
56,5,6,[5, 6, 9, 20, 220],[1, 0, 0, 0, 0]
57,5,7,[5, 6, 9, 20, 220],[1, 0, 0, 0, 0]
58,4,6,[7, 12, 42, 222],[1, 0, 0, 0]
59,4,5,[7, 12, 42, 222],[1, 0, 0, 0]
60,4,1,[7, 12, 42, 222],[1, 0, 0, 0]
61,4,4,[7, 12, 42, 222],[1, 0, 0, 0]
62,5,3,[5, 6, 9, 20, 220],[1, 0, 0, 0, 0]
63,5,6,[5, 6, 9, 20, 220],[1, 0, 0, 0, 0]
64,4,1,[7, 12, 42, 222],[1, 0, 0, 0]
65,5,3,[5, 6, 9, 20, 220],[1, 0, 0, 0, 0]
66,5,3,[5, 6, 9, 20, 220],[1, 0, 0, 0, 0]
67,4,6,[7, 12, 42, 222],[1, 0, 0, 0]
68,4,3,[7, 12, 42, 222],[1, 0, 0, 0]
69,5,4,[5, 6, 9, 20, 220],[1, 0, 0, 0, 0]
70,5,2,[5, 6, 9, 20, 220],[1, 0, 0, 0, 0]
71,5,5,[5, 6, 9, 20, 220],[1, 0, 0, 0, 0]
72,4,1,[7, 12, 42, 222],[1, 0, 0, 0]
73,5,4,[5, 6, 9, 20, 220],[1, 0, 0, 0, 0]
74,5,4,[5, 6, 9, 20, 220],[1, 0, 0, 0, 0]
75,5,6,[5, 6, 9, 20, 220],[1, 0, 0, 0, 0]
76,5,6,[5, 6, 9, 20, 220],[1, 0, 0, 0, 0]
77,5,3,[5, 6, 9, 20, 220],[1, 0, 0, 0, 0]
78,5,3,[5, 6, 9, 20, 220],[1, 0, 0, 0, 0]
79,4,6,[7, 12, 42, 222],[1, 0, 0, 0]
80,5,6,[5, 6, 9, 20, 220],[1, 0, 0, 0, 0]
81,4,1,[7, 12, 42, 222],[1, 0, 0, 0]
82,4,4,[11, 28, 115, 226],[1, 0, 0, 0]
83,5,7,[5, 6, 9, 20, 220],[1, 0, 0, 0, 0]
84,5,2,[5, 6, 9, 20, 220],[1, 0, 0, 0, 0]
85,5,7,[5, 6, 9, 20, 220],[1, 0, 0, 0, 0]
86,4,2,[11, 28, 115, 226],[1, 0, 0, 0]
87,4,3,[7, 12, 42, 222],[1, 0, 0, 0]
88,4,4,[7, 12, 42, 222],[1, 0, 0, 0]
89,5,3,[5, 6, 9, 20, 220],[1, 0, 0, 0, 0]
90,5,6,[5, 6, 9, 20, 220],[1, 0, 0, 0, 0]
91,5,1,[5, 6, 9, 20, 220],[1, 0, 0, 0, 0]
92,5,2,[5, 6, 9, 20, 220],[1, 0, 0, 0, 0]
93,4,6,[7, 12, 42, 222],[1, 0, 0, 0]
94,5,3,[5, 6, 9, 20, 220],[1, 0, 0, 0, 0]
95,5,2,[5, 6, 9, 20, 220],[1, 0, 0, 0, 0]
96,5,6,[5, 6, 9, 20, 220],[1, 0, 0, 0, 0]
97,5,8,[5, 6, 9, 20, 220],[1, 0, 0, 0, 0]
98,5,3,[5, 6, 9, 20, 220],[1, 0, 0, 0, 0]
99,4,4,[7, 12, 42, 222],[1, 0, 0, 0]
100,5,2,[5, 6, 9, 20, 220],[1, 0, 0, 0, 0]
