1,1,0,[1]
2,6,15,[13, 302, 153, 23, 312, 22]
3,6,15,[13, 302, 153, 23, 312, 22]
4,1,0,[4]
5,6,9,[13, 302, 153, 23, 312, 22]
6,6,10,[13, 302, 153, 23, 312, 22]
7,7,6,[296, 43, 332, 87, 32, 10, 7]
8,6,11,[13, 302, 153, 23, 312, 22]
9,6,11,[13, 302, 153, 23, 312, 22]
10,7,6,[7, 296, 43, 332, 87, 32, 10]
11,7,11,[7, 296, 43, 332, 87, 32, 10]
12,7,7,[296, 43, 332, 87, 32, 10, 7]
13,6,5,[302, 153, 23, 312, 22, 13]
14,6,12,[13, 302, 153, 23, 312, 22]
15,6,12,[13, 302, 153, 23, 312, 22]
16,6,12,[13, 302, 153, 23, 312, 22]
17,7,9,[7, 296, 43, 332, 87, 32, 10]
18,6,12,[13, 302, 153, 23, 312, 22]
19,6,7,[13, 302, 153, 23, 312, 22]
20,6,12,[13, 302, 153, 23, 312, 22]
21,7,7,[7, 296, 43, 332, 87, 32, 10]
22,6,5,[13, 302, 153, 23, 312, 22]
23,6,5,[312, 22, 13, 302, 153, 23]
24,6,12,[13, 302, 153, 23, 312, 22]
25,7,7,[7, 296, 43, 332, 87, 32, 10]
26,6,13,[13, 302, 153, 23, 312, 22]
27,6,12,[13, 302, 153, 23, 312, 22]
28,7,12,[7, 296, 43, 332, 87, 32, 10]
29,7,14,[7, 296, 43, 332, 87, 32, 10]
30,7,7,[7, 296, 43, 332, 87, 32, 10]
31,7,11,[7, 296, 43, 332, 87, 32, 10]
32,7,6,[10, 7, 296, 43, 332, 87, 32]
33,6,13,[13, 302, 153, 23, 312, 22]
34,6,8,[13, 302, 153, 23, 312, 22]
35,7,8,[296, 43, 332, 87, 32, 10, 7]
36,7,7,[7, 296, 43, 332, 87, 32, 10]
37,6,10,[13, 302, 153, 23, 312, 22]
38,7,8,[7, 296, 43, 332, 87, 32, 10]
39,6,13,[13, 302, 153, 23, 312, 22]
40,7,12,[7, 296, 43, 332, 87, 32, 10]
41,7,9,[7, 296, 43, 332, 87, 32, 10]
42,7,8,[296, 43, 332, 87, 32, 10, 7]
43,7,6,[332, 87, 32, 10, 7, 296, 43]
44,6,13,[13, 302, 153, 23, 312, 22]
45,7,12,[7, 296, 43, 332, 87, 32, 10]
46,7,8,[7, 296, 43, 332, 87, 32, 10]
47,6,14,[13, 302, 153, 23, 312, 22]
48,7,12,[7, 296, 43, 332, 87, 32, 10]
49,6,13,[13, 302, 153, 23, 312, 22]
50,7,8,[296, 43, 332, 87, 32, 10, 7]
51,6,13,[13, 302, 153, 23, 312, 22]
52,7,10,[7, 296, 43, 332, 87, 32, 10]
53,6,14,[13, 302, 153, 23, 312, 22]
54,7,12,[7, 296, 43, 332, 87, 32, 10]
55,6,13,[13, 302, 153, 23, 312, 22]
56,6,6,[302, 153, 23, 312, 22, 13]
57,6,6,[13, 302, 153, 23, 312, 22]
58,7,12,[7, 296, 43, 332, 87, 32, 10]
59,7,9,[7, 296, 43, 332, 87, 32, 10]
60,7,8,[296, 43, 332, 87, 32, 10, 7]
61,6,9,[13, 302, 153, 23, 312, 22]
62,6,14,[13, 302, 153, 23, 312, 22]
63,6,6,[302, 153, 23, 312, 22, 13]
64,7,8,[296, 43, 332, 87, 32, 10, 7]
65,6,13,[13, 302, 153, 23, 312, 22]
66,6,13,[13, 302, 153, 23, 312, 22]
67,6,11,[13, 302, 153, 23, 312, 22]
68,7,8,[7, 296, 43, 332, 87, 32, 10]
69,6,14,[13, 302, 153, 23, 312, 22]
70,6,13,[13, 302, 153, 23, 312, 22]
71,7,11,[7, 296, 43, 332, 87, 32, 10]
72,7,8,[296, 43, 332, 87, 32, 10, 7]
73,7,11,[296, 43, 332, 87, 32, 10, 7]
74,6,14,[13, 302, 153, 23, 312, 22]
75,6,6,[302, 153, 23, 312, 22, 13]
76,6,6,[312, 22, 13, 302, 153, 23]
77,6,13,[13, 302, 153, 23, 312, 22]
78,6,13,[13, 302, 153, 23, 312, 22]
79,7,13,[7, 296, 43, 332, 87, 32, 10]
80,6,6,[302, 153, 23, 312, 22, 13]
81,7,8,[296, 43, 332, 87, 32, 10, 7]
82,7,7,[332, 87, 32, 10, 7, 296, 43]
83,7,10,[7, 296, 43, 332, 87, 32, 10]
84,6,13,[13, 302, 153, 23, 312, 22]
85,6,6,[13, 302, 153, 23, 312, 22]
86,7,13,[7, 296, 43, 332, 87, 32, 10]
87,7,6,[32, 10, 7, 296, 43, 332, 87]
88,7,10,[7, 296, 43, 332, 87, 32, 10]
89,6,14,[13, 302, 153, 23, 312, 22]
90,6,6,[302, 153, 23, 312, 22, 13]
91,6,13,[13, 302, 153, 23, 312, 22]
92,6,13,[13, 302, 153, 23, 312, 22]
93,6,9,[13, 302, 153, 23, 312, 22]
94,6,14,[13, 302, 153, 23, 312, 22]
95,6,13,[13, 302, 153, 23, 312, 22]
96,6,6,[302, 153, 23, 312, 22, 13]
97,7,10,[7, 296, 43, 332, 87, 32, 10]
98,6,13,[13, 302, 153, 23, 312, 22]
99,7,10,[7, 296, 43, 332, 87, 32, 10]
100,6,13,[13, 302, 153, 23, 312, 22]
101,6,7,[312, 22, 13, 302, 153, 23]
102,6,6,[13, 302, 153, 23, 312, 22]
103,6,14,[13, 302, 153, 23, 312, 22]
104,6,8,[13, 302, 153, 23, 312, 22]
105,6,13,[13, 302, 153, 23, 312, 22]
106,6,14,[13, 302, 153, 23, 312, 22]
107,7,9,[7, 296, 43, 332, 87, 32, 10]
108,6,6,[302, 153, 23, 312, 22, 13]
109,6,16,[13, 302, 153, 23, 312, 22]
110,6,13,[13, 302, 153, 23, 312, 22]
111,7,13,[7, 296, 43, 332, 87, 32, 10]
112,6,13,[13, 302, 153, 23, 312, 22]
113,7,10,[296, 43, 332, 87, 32, 10, 7]
114,6,13,[13, 302, 153, 23, 312, 22]
115,7,13,[7, 296, 43, 332, 87, 32, 10]
116,6,14,[13, 302, 153, 23, 312, 22]
117,6,8,[13, 302, 153, 23, 312, 22]
118,6,10,[13, 302, 153, 23, 312, 22]
119,6,13,[13, 302, 153, 23, 312, 22]
120,6,13,[13, 302, 153, 23, 312, 22]
121,6,6,[13, 302, 153, 23, 312, 22]
122,6,7,[302, 153, 23, 312, 22, 13]
123,6,14,[13, 302, 153, 23, 312, 22]
124,7,9,[296, 43, 332, 87, 32, 10, 7]
125,6,13,[13, 302, 153, 23, 312, 22]
126,6,13,[13, 302, 153, 23, 312, 22]
127,6,7,[312, 22, 13, 302, 153, 23]
128,6,13,[13, 302, 153, 23, 312, 22]
129,7,9,[7, 296, 43, 332, 87, 32, 10]
130,6,13,[13, 302, 153, 23, 312, 22]
131,6,9,[13, 302, 153, 23, 312, 22]
132,6,13,[13, 302, 153, 23, 312, 22]
133,6,14,[13, 302, 153, 23, 312, 22]
134,6,15,[13, 302, 153, 23, 312, 22]
135,6,13,[13, 302, 153, 23, 312, 22]
136,6,6,[312, 22, 13, 302, 153, 23]
137,6,8,[312, 22, 13, 302, 153, 23]
138,7,13,[7, 296, 43, 332, 87, 32, 10]
139,7,15,[7, 296, 43, 332, 87, 32, 10]
140,6,13,[13, 302, 153, 23, 312, 22]
141,7,9,[296, 43, 332, 87, 32, 10, 7]
142,7,12,[296, 43, 332, 87, 32, 10, 7]
143,6,13,[13, 302, 153, 23, 312, 22]
144,6,13,[13, 302, 153, 23, 312, 22]
145,6,9,[13, 302, 153, 23, 312, 22]
146,6,7,[302, 153, 23, 312, 22, 13]
147,7,10,[7, 296, 43, 332, 87, 32, 10]
148,7,10,[7, 296, 43, 332, 87, 32, 10]
149,6,15,[13, 302, 153, 23, 312, 22]
150,6,13,[13, 302, 153, 23, 312, 22]
151,6,7,[13, 302, 153, 23, 312, 22]
152,7,8,[7, 296, 43, 332, 87, 32, 10]
153,6,5,[23, 312, 22, 13, 302, 153]
154,6,13,[13, 302, 153, 23, 312, 22]
155,7,8,[7, 296, 43, 332, 87, 32, 10]
156,6,13,[13, 302, 153, 23, 312, 22]
157,6,15,[13, 302, 153, 23, 312, 22]
158,7,9,[296, 43, 332, 87, 32, 10, 7]
159,6,7,[302, 153, 23, 312, 22, 13]
160,6,13,[13, 302, 153, 23, 312, 22]
161,7,8,[7, 296, 43, 332, 87, 32, 10]
162,6,13,[13, 302, 153, 23, 312, 22]
163,6,10,[13, 302, 153, 23, 312, 22]
164,7,13,[7, 296, 43, 332, 87, 32, 10]
165,6,8,[13, 302, 153, 23, 312, 22]
166,6,7,[13, 302, 153, 23, 312, 22]
167,7,14,[7, 296, 43, 332, 87, 32, 10]
168,6,13,[13, 302, 153, 23, 312, 22]
169,6,14,[13, 302, 153, 23, 312, 22]
170,6,13,[13, 302, 153, 23, 312, 22]
171,7,8,[7, 296, 43, 332, 87, 32, 10]
172,6,15,[13, 302, 153, 23, 312, 22]
173,6,7,[312, 22, 13, 302, 153, 23]
174,6,9,[13, 302, 153, 23, 312, 22]
175,7,10,[7, 296, 43, 332, 87, 32, 10]
176,6,8,[13, 302, 153, 23, 312, 22]
177,6,15,[13, 302, 153, 23, 312, 22]
178,6,14,[13, 302, 153, 23, 312, 22]
179,6,7,[312, 22, 13, 302, 153, 23]
180,6,13,[13, 302, 153, 23, 312, 22]
181,7,14,[7, 296, 43, 332, 87, 32, 10]
182,6,6,[13, 302, 153, 23, 312, 22]
183,7,9,[296, 43, 332, 87, 32, 10, 7]
184,7,15,[7, 296, 43, 332, 87, 32, 10]
185,7,9,[296, 43, 332, 87, 32, 10, 7]
186,7,8,[7, 296, 43, 332, 87, 32, 10]
187,7,13,[7, 296, 43, 332, 87, 32, 10]
188,6,14,[13, 302, 153, 23, 312, 22]
189,6,13,[13, 302, 153, 23, 312, 22]
190,6,14,[13, 302, 153, 23, 312, 22]
191,6,14,[13, 302, 153, 23, 312, 22]
192,6,13,[13, 302, 153, 23, 312, 22]
193,6,15,[13, 302, 153, 23, 312, 22]
194,7,11,[7, 296, 43, 332, 87, 32, 10]
195,7,8,[7, 296, 43, 332, 87, 32, 10]
196,6,13,[13, 302, 153, 23, 312, 22]
197,7,11,[7, 296, 43, 332, 87, 32, 10]
198,6,8,[13, 302, 153, 23, 312, 22]
199,6,13,[13, 302, 153, 23, 312, 22]
200,6,13,[13, 302, 153, 23, 312, 22]
