1,1,0,[1]
2,4,8,[420, 19, 416, 23]
3,10,12,[6, 5, 402, 72, 12, 7, 404, 105, 15, 8]
4,1,0,[4]
5,10,9,[402, 72, 12, 7, 404, 105, 15, 8, 6, 5]
6,10,9,[5, 402, 72, 12, 7, 404, 105, 15, 8, 6]
7,10,9,[404, 105, 15, 8, 6, 5, 402, 72, 12, 7]
8,10,9,[6, 5, 402, 72, 12, 7, 404, 105, 15, 8]
9,10,10,[5, 402, 72, 12, 7, 404, 105, 15, 8, 6]
10,10,10,[404, 105, 15, 8, 6, 5, 402, 72, 12, 7]
11,10,12,[8, 6, 5, 402, 72, 12, 7, 404, 105, 15]
12,10,9,[7, 404, 105, 15, 8, 6, 5, 402, 72, 12]
13,10,15,[8, 6, 5, 402, 72, 12, 7, 404, 105, 15]
14,10,11,[5, 402, 72, 12, 7, 404, 105, 15, 8, 6]
15,10,9,[8, 6, 5, 402, 72, 12, 7, 404, 105, 15]
16,10,10,[6, 5, 402, 72, 12, 7, 404, 105, 15, 8]
17,10,18,[8, 6, 5, 402, 72, 12, 7, 404, 105, 15]
18,10,10,[6, 5, 402, 72, 12, 7, 404, 105, 15, 8]
19,4,3,[416, 23, 420, 19]
20,10,11,[5, 402, 72, 12, 7, 404, 105, 15, 8, 6]
21,10,11,[404, 105, 15, 8, 6, 5, 402, 72, 12, 7]
22,10,16,[8, 6, 5, 402, 72, 12, 7, 404, 105, 15]
23,4,3,[420, 19, 416, 23]
24,10,11,[5, 402, 72, 12, 7, 404, 105, 15, 8, 6]
25,10,11,[404, 105, 15, 8, 6, 5, 402, 72, 12, 7]
26,10,10,[8, 6, 5, 402, 72, 12, 7, 404, 105, 15]
27,10,11,[5, 402, 72, 12, 7, 404, 105, 15, 8, 6]
28,10,13,[8, 6, 5, 402, 72, 12, 7, 404, 105, 15]
29,4,6,[420, 19, 416, 23]
30,10,11,[404, 105, 15, 8, 6, 5, 402, 72, 12, 7]
31,10,16,[8, 6, 5, 402, 72, 12, 7, 404, 105, 15]
32,10,11,[404, 105, 15, 8, 6, 5, 402, 72, 12, 7]
33,10,12,[5, 402, 72, 12, 7, 404, 105, 15, 8, 6]
34,4,4,[416, 23, 420, 19]
35,10,10,[7, 404, 105, 15, 8, 6, 5, 402, 72, 12]
36,10,11,[404, 105, 15, 8, 6, 5, 402, 72, 12, 7]
37,10,15,[8, 6, 5, 402, 72, 12, 7, 404, 105, 15]
38,10,12,[404, 105, 15, 8, 6, 5, 402, 72, 12, 7]
39,10,11,[6, 5, 402, 72, 12, 7, 404, 105, 15, 8]
40,10,13,[8, 6, 5, 402, 72, 12, 7, 404, 105, 15]
41,10,13,[6, 5, 402, 72, 12, 7, 404, 105, 15, 8]
42,10,10,[7, 404, 105, 15, 8, 6, 5, 402, 72, 12]
43,10,18,[8, 6, 5, 402, 72, 12, 7, 404, 105, 15]
44,10,10,[8, 6, 5, 402, 72, 12, 7, 404, 105, 15]
45,10,13,[8, 6, 5, 402, 72, 12, 7, 404, 105, 15]
46,10,12,[404, 105, 15, 8, 6, 5, 402, 72, 12, 7]
47,10,12,[8, 6, 5, 402, 72, 12, 7, 404, 105, 15]
48,10,13,[8, 6, 5, 402, 72, 12, 7, 404, 105, 15]
49,10,12,[5, 402, 72, 12, 7, 404, 105, 15, 8, 6]
50,10,10,[7, 404, 105, 15, 8, 6, 5, 402, 72, 12]
51,10,12,[5, 402, 72, 12, 7, 404, 105, 15, 8, 6]
52,10,19,[8, 6, 5, 402, 72, 12, 7, 404, 105, 15]
53,10,12,[6, 5, 402, 72, 12, 7, 404, 105, 15, 8]
54,10,13,[8, 6, 5, 402, 72, 12, 7, 404, 105, 15]
55,10,11,[6, 5, 402, 72, 12, 7, 404, 105, 15, 8]
56,10,16,[8, 6, 5, 402, 72, 12, 7, 404, 105, 15]
57,10,17,[8, 6, 5, 402, 72, 12, 7, 404, 105, 15]
58,10,17,[8, 6, 5, 402, 72, 12, 7, 404, 105, 15]
59,10,15,[8, 6, 5, 402, 72, 12, 7, 404, 105, 15]
60,10,10,[7, 404, 105, 15, 8, 6, 5, 402, 72, 12]
61,10,14,[404, 105, 15, 8, 6, 5, 402, 72, 12, 7]
62,10,13,[5, 402, 72, 12, 7, 404, 105, 15, 8, 6]
63,10,16,[8, 6, 5, 402, 72, 12, 7, 404, 105, 15]
64,10,10,[7, 404, 105, 15, 8, 6, 5, 402, 72, 12]
65,10,11,[6, 5, 402, 72, 12, 7, 404, 105, 15, 8]
66,10,11,[6, 5, 402, 72, 12, 7, 404, 105, 15, 8]
67,10,17,[8, 6, 5, 402, 72, 12, 7, 404, 105, 15]
68,10,12,[404, 105, 15, 8, 6, 5, 402, 72, 12, 7]
69,10,11,[8, 6, 5, 402, 72, 12, 7, 404, 105, 15]
70,10,12,[5, 402, 72, 12, 7, 404, 105, 15, 8, 6]
71,4,5,[420, 19, 416, 23]
72,10,9,[12, 7, 404, 105, 15, 8, 6, 5, 402, 72]
73,10,15,[8, 6, 5, 402, 72, 12, 7, 404, 105, 15]
74,10,12,[6, 5, 402, 72, 12, 7, 404, 105, 15, 8]
75,10,16,[8, 6, 5, 402, 72, 12, 7, 404, 105, 15]
76,4,4,[420, 19, 416, 23]
77,10,11,[6, 5, 402, 72, 12, 7, 404, 105, 15, 8]
78,10,11,[6, 5, 402, 72, 12, 7, 404, 105, 15, 8]
79,10,15,[8, 6, 5, 402, 72, 12, 7, 404, 105, 15]
80,10,16,[8, 6, 5, 402, 72, 12, 7, 404, 105, 15]
81,10,10,[7, 404, 105, 15, 8, 6, 5, 402, 72, 12]
82,10,19,[8, 6, 5, 402, 72, 12, 7, 404, 105, 15]
83,10,12,[6, 5, 402, 72, 12, 7, 404, 105, 15, 8]
84,10,12,[5, 402, 72, 12, 7, 404, 105, 15, 8, 6]
85,10,17,[8, 6, 5, 402, 72, 12, 7, 404, 105, 15]
86,10,14,[8, 6, 5, 402, 72, 12, 7, 404, 105, 15]
87,10,12,[404, 105, 15, 8, 6, 5, 402, 72, 12, 7]
88,10,19,[8, 6, 5, 402, 72, 12, 7, 404, 105, 15]
89,10,20,[8, 6, 5, 402, 72, 12, 7, 404, 105, 15]
90,10,16,[8, 6, 5, 402, 72, 12, 7, 404, 105, 15]
91,10,12,[5, 402, 72, 12, 7, 404, 105, 15, 8, 6]
92,10,12,[5, 402, 72, 12, 7, 404, 105, 15, 8, 6]
93,4,5,[416, 23, 420, 19]
94,10,13,[5, 402, 72, 12, 7, 404, 105, 15, 8, 6]
95,10,12,[5, 402, 72, 12, 7, 404, 105, 15, 8, 6]
96,10,16,[8, 6, 5, 402, 72, 12, 7, 404, 105, 15]
97,4,6,[416, 23, 420, 19]
98,10,11,[6, 5, 402, 72, 12, 7, 404, 105, 15, 8]
99,10,19,[8, 6, 5, 402, 72, 12, 7, 404, 105, 15]
100,10,12,[5, 402, 72, 12, 7, 404, 105, 15, 8, 6]
101,10,21,[8, 6, 5, 402, 72, 12, 7, 404, 105, 15]
102,10,17,[8, 6, 5, 402, 72, 12, 7, 404, 105, 15]
103,4,5,[416, 23, 420, 19]
104,4,4,[416, 23, 420, 19]
105,10,9,[15, 8, 6, 5, 402, 72, 12, 7, 404, 105]
106,10,12,[6, 5, 402, 72, 12, 7, 404, 105, 15, 8]
107,4,5,[416, 23, 420, 19]
108,10,16,[8, 6, 5, 402, 72, 12, 7, 404, 105, 15]
109,10,13,[404, 105, 15, 8, 6, 5, 402, 72, 12, 7]
110,10,11,[6, 5, 402, 72, 12, 7, 404, 105, 15, 8]
111,10,14,[8, 6, 5, 402, 72, 12, 7, 404, 105, 15]
112,10,10,[8, 6, 5, 402, 72, 12, 7, 404, 105, 15]
113,10,13,[5, 402, 72, 12, 7, 404, 105, 15, 8, 6]
114,10,12,[5, 402, 72, 12, 7, 404, 105, 15, 8, 6]
115,10,14,[8, 6, 5, 402, 72, 12, 7, 404, 105, 15]
116,10,13,[5, 402, 72, 12, 7, 404, 105, 15, 8, 6]
117,4,4,[416, 23, 420, 19]
118,10,15,[404, 105, 15, 8, 6, 5, 402, 72, 12, 7]
119,10,12,[5, 402, 72, 12, 7, 404, 105, 15, 8, 6]
120,10,12,[5, 402, 72, 12, 7, 404, 105, 15, 8, 6]
121,10,17,[8, 6, 5, 402, 72, 12, 7, 404, 105, 15]
122,10,17,[8, 6, 5, 402, 72, 12, 7, 404, 105, 15]
123,10,11,[8, 6, 5, 402, 72, 12, 7, 404, 105, 15]
124,10,11,[7, 404, 105, 15, 8, 6, 5, 402, 72, 12]
125,10,10,[8, 6, 5, 402, 72, 12, 7, 404, 105, 15]
126,10,10,[8, 6, 5, 402, 72, 12, 7, 404, 105, 15]
127,10,14,[5, 402, 72, 12, 7, 404, 105, 15, 8, 6]
128,10,12,[5, 402, 72, 12, 7, 404, 105, 15, 8, 6]
129,10,13,[404, 105, 15, 8, 6, 5, 402, 72, 12, 7]
130,10,12,[5, 402, 72, 12, 7, 404, 105, 15, 8, 6]
131,10,18,[8, 6, 5, 402, 72, 12, 7, 404, 105, 15]
132,10,11,[6, 5, 402, 72, 12, 7, 404, 105, 15, 8]
133,10,11,[8, 6, 5, 402, 72, 12, 7, 404, 105, 15]
134,10,12,[8, 6, 5, 402, 72, 12, 7, 404, 105, 15]
135,10,12,[5, 402, 72, 12, 7, 404, 105, 15, 8, 6]
136,4,4,[420, 19, 416, 23]
137,10,15,[5, 402, 72, 12, 7, 404, 105, 15, 8, 6]
138,10,14,[8, 6, 5, 402, 72, 12, 7, 404, 105, 15]
139,10,17,[8, 6, 5, 402, 72, 12, 7, 404, 105, 15]
140,10,11,[6, 5, 402, 72, 12, 7, 404, 105, 15, 8]
141,10,11,[7, 404, 105, 15, 8, 6, 5, 402, 72, 12]
142,10,16,[8, 6, 5, 402, 72, 12, 7, 404, 105, 15]
143,10,12,[5, 402, 72, 12, 7, 404, 105, 15, 8, 6]
144,10,12,[5, 402, 72, 12, 7, 404, 105, 15, 8, 6]
145,4,5,[416, 23, 420, 19]
146,10,17,[8, 6, 5, 402, 72, 12, 7, 404, 105, 15]
147,10,19,[8, 6, 5, 402, 72, 12, 7, 404, 105, 15]
148,10,14,[6, 5, 402, 72, 12, 7, 404, 105, 15, 8]
149,10,13,[404, 105, 15, 8, 6, 5, 402, 72, 12, 7]
150,10,10,[8, 6, 5, 402, 72, 12, 7, 404, 105, 15]
151,10,13,[7, 404, 105, 15, 8, 6, 5, 402, 72, 12]
152,10,12,[404, 105, 15, 8, 6, 5, 402, 72, 12, 7]
153,4,4,[420, 19, 416, 23]
154,10,12,[5, 402, 72, 12, 7, 404, 105, 15, 8, 6]
155,10,12,[404, 105, 15, 8, 6, 5, 402, 72, 12, 7]
156,10,12,[5, 402, 72, 12, 7, 404, 105, 15, 8, 6]
157,10,18,[8, 6, 5, 402, 72, 12, 7, 404, 105, 15]
158,10,11,[7, 404, 105, 15, 8, 6, 5, 402, 72, 12]
159,10,17,[8, 6, 5, 402, 72, 12, 7, 404, 105, 15]
160,10,10,[8, 6, 5, 402, 72, 12, 7, 404, 105, 15]
161,10,12,[404, 105, 15, 8, 6, 5, 402, 72, 12, 7]
162,10,12,[5, 402, 72, 12, 7, 404, 105, 15, 8, 6]
163,10,13,[5, 402, 72, 12, 7, 404, 105, 15, 8, 6]
164,10,14,[8, 6, 5, 402, 72, 12, 7, 404, 105, 15]
165,4,4,[416, 23, 420, 19]
166,10,18,[8, 6, 5, 402, 72, 12, 7, 404, 105, 15]
167,10,15,[8, 6, 5, 402, 72, 12, 7, 404, 105, 15]
168,10,11,[6, 5, 402, 72, 12, 7, 404, 105, 15, 8]
169,10,11,[8, 6, 5, 402, 72, 12, 7, 404, 105, 15]
170,10,12,[5, 402, 72, 12, 7, 404, 105, 15, 8, 6]
171,10,12,[404, 105, 15, 8, 6, 5, 402, 72, 12, 7]
172,10,13,[8, 6, 5, 402, 72, 12, 7, 404, 105, 15]
173,4,8,[420, 19, 416, 23]
174,4,5,[416, 23, 420, 19]
175,10,19,[8, 6, 5, 402, 72, 12, 7, 404, 105, 15]
176,4,4,[416, 23, 420, 19]
177,10,14,[5, 402, 72, 12, 7, 404, 105, 15, 8, 6]
178,10,13,[5, 402, 72, 12, 7, 404, 105, 15, 8, 6]
179,10,12,[6, 5, 402, 72, 12, 7, 404, 105, 15, 8]
180,10,10,[8, 6, 5, 402, 72, 12, 7, 404, 105, 15]
181,10,13,[404, 105, 15, 8, 6, 5, 402, 72, 12, 7]
182,10,17,[8, 6, 5, 402, 72, 12, 7, 404, 105, 15]
183,10,11,[7, 404, 105, 15, 8, 6, 5, 402, 72, 12]
184,4,7,[420, 19, 416, 23]
185,10,11,[7, 404, 105, 15, 8, 6, 5, 402, 72, 12]
186,10,12,[404, 105, 15, 8, 6, 5, 402, 72, 12, 7]
187,10,14,[8, 6, 5, 402, 72, 12, 7, 404, 105, 15]
188,10,13,[5, 402, 72, 12, 7, 404, 105, 15, 8, 6]
189,10,11,[6, 5, 402, 72, 12, 7, 404, 105, 15, 8]
190,10,11,[8, 6, 5, 402, 72, 12, 7, 404, 105, 15]
191,10,13,[404, 105, 15, 8, 6, 5, 402, 72, 12, 7]
192,10,10,[8, 6, 5, 402, 72, 12, 7, 404, 105, 15]
193,10,13,[6, 5, 402, 72, 12, 7, 404, 105, 15, 8]
194,10,20,[8, 6, 5, 402, 72, 12, 7, 404, 105, 15]
195,10,12,[404, 105, 15, 8, 6, 5, 402, 72, 12, 7]
196,10,11,[6, 5, 402, 72, 12, 7, 404, 105, 15, 8]
197,10,18,[8, 6, 5, 402, 72, 12, 7, 404, 105, 15]
198,4,4,[416, 23, 420, 19]
199,4,6,[420, 19, 416, 23]
200,10,11,[6, 5, 402, 72, 12, 7, 404, 105, 15, 8]
