1  1  [1]
2  6  [166, 85, 22, 13, 118, 61]
3  6  [13, 118, 61, 166, 85, 22]
4  1  [4]
5  5  [18, 8, 6, 5, 110]
6  5  [110, 18, 8, 6, 5]
7  5  [18, 8, 6, 5, 110]
8  5  [5, 110, 18, 8, 6]
9  5  [5, 110, 18, 8, 6]
10  5  [110, 18, 8, 6, 5]
11  5  [110, 18, 8, 6, 5]
12  5  [110, 18, 8, 6, 5]
13  6  [61, 166, 85, 22, 13, 118]
14  5  [6, 5, 110, 18, 8]
15  5  [6, 5, 110, 18, 8]
16  5  [6, 5, 110, 18, 8]
17  6  [22, 13, 118, 61, 166, 85]
18  5  [6, 5, 110, 18, 8]
19  5  [8, 6, 5, 110, 18]
20  5  [6, 5, 110, 18, 8]
21  5  [5, 110, 18, 8, 6]
22  6  [118, 61, 166, 85, 22, 13]
23  5  [18, 8, 6, 5, 110]
24  5  [6, 5, 110, 18, 8]
25  5  [5, 110, 18, 8, 6]
26  5  [8, 6, 5, 110, 18]
27  5  [6, 5, 110, 18, 8]
28  5  [5, 110, 18, 8, 6]
29  5  [5, 110, 18, 8, 6]
30  5  [5, 110, 18, 8, 6]
31  5  [5, 110, 18, 8, 6]
32  5  [5, 110, 18, 8, 6]
33  5  [8, 6, 5, 110, 18]
34  5  [18, 8, 6, 5, 110]
35  5  [5, 110, 18, 8, 6]
36  5  [5, 110, 18, 8, 6]
37  5  [6, 5, 110, 18, 8]
38  5  [6, 5, 110, 18, 8]
39  5  [8, 6, 5, 110, 18]
40  5  [5, 110, 18, 8, 6]
41  6  [22, 13, 118, 61, 166, 85]
42  5  [5, 110, 18, 8, 6]
43  6  [166, 85, 22, 13, 118, 61]
44  5  [8, 6, 5, 110, 18]
45  5  [5, 110, 18, 8, 6]
46  5  [6, 5, 110, 18, 8]
47  5  [8, 6, 5, 110, 18]
48  5  [5, 110, 18, 8, 6]
49  5  [8, 6, 5, 110, 18]
50  5  [5, 110, 18, 8, 6]
51  5  [8, 6, 5, 110, 18]
52  6  [85, 22, 13, 118, 61, 166]
53  5  [8, 6, 5, 110, 18]
54  5  [5, 110, 18, 8, 6]
55  5  [8, 6, 5, 110, 18]
56  6  [118, 61, 166, 85, 22, 13]
57  6  [13, 118, 61, 166, 85, 22]
58  5  [6, 5, 110, 18, 8]
59  5  [8, 6, 5, 110, 18]
60  5  [5, 110, 18, 8, 6]
61  6  [85, 22, 13, 118, 61, 166]
62  5  [18, 8, 6, 5, 110]
63  6  [118, 61, 166, 85, 22, 13]
64  5  [5, 110, 18, 8, 6]
65  5  [8, 6, 5, 110, 18]
66  5  [8, 6, 5, 110, 18]
67  5  [110, 18, 8, 6, 5]
68  5  [6, 5, 110, 18, 8]
69  5  [18, 8, 6, 5, 110]
70  5  [8, 6, 5, 110, 18]
71  5  [110, 18, 8, 6, 5]
72  5  [5, 110, 18, 8, 6]
73  5  [110, 18, 8, 6, 5]
74  5  [18, 8, 6, 5, 110]
75  6  [118, 61, 166, 85, 22, 13]
76  5  [110, 18, 8, 6, 5]
77  5  [8, 6, 5, 110, 18]
78  5  [8, 6, 5, 110, 18]
79  5  [8, 6, 5, 110, 18]
80  6  [118, 61, 166, 85, 22, 13]
81  5  [5, 110, 18, 8, 6]
82  6  [61, 166, 85, 22, 13, 118]
83  5  [110, 18, 8, 6, 5]
84  5  [8, 6, 5, 110, 18]
85  6  [13, 118, 61, 166, 85, 22]
86  5  [6, 5, 110, 18, 8]
87  5  [6, 5, 110, 18, 8]
88  6  [85, 22, 13, 118, 61, 166]
89  6  [61, 166, 85, 22, 13, 118]
90  6  [118, 61, 166, 85, 22, 13]
91  5  [8, 6, 5, 110, 18]
92  5  [8, 6, 5, 110, 18]
93  5  [110, 18, 8, 6, 5]
94  5  [18, 8, 6, 5, 110]
95  5  [8, 6, 5, 110, 18]
96  6  [118, 61, 166, 85, 22, 13]
97  5  [110, 18, 8, 6, 5]
98  5  [8, 6, 5, 110, 18]
99  6  [85, 22, 13, 118, 61, 166]
100  5  [8, 6, 5, 110, 18]
101  5  [110, 18, 8, 6, 5]
102  6  [13, 118, 61, 166, 85, 22]
103  5  [8, 6, 5, 110, 18]
104  5  [18, 8, 6, 5, 110]
