1  1  [1]
2  12  [11, 121, 22, 13, 123, 44, 15, 8, 6, 5, 115, 28]
3  12  [44, 15, 8, 6, 5, 115, 28, 11, 121, 22, 13, 123]
4  1  [4]
5  12  [44, 15, 8, 6, 5, 115, 28, 11, 121, 22, 13, 123]
6  12  [123, 44, 15, 8, 6, 5, 115, 28, 11, 121, 22, 13]
7  7  [46, 25, 10, 7, 117, 19, 129]
8  12  [13, 123, 44, 15, 8, 6, 5, 115, 28, 11, 121, 22]
9  12  [13, 123, 44, 15, 8, 6, 5, 115, 28, 11, 121, 22]
10  7  [129, 46, 25, 10, 7, 117, 19]
11  12  [6, 5, 115, 28, 11, 121, 22, 13, 123, 44, 15, 8]
12  7  [129, 46, 25, 10, 7, 117, 19]
13  12  [28, 11, 121, 22, 13, 123, 44, 15, 8, 6, 5, 115]
14  12  [22, 13, 123, 44, 15, 8, 6, 5, 115, 28, 11, 121]
15  12  [22, 13, 123, 44, 15, 8, 6, 5, 115, 28, 11, 121]
16  12  [22, 13, 123, 44, 15, 8, 6, 5, 115, 28, 11, 121]
17  12  [44, 15, 8, 6, 5, 115, 28, 11, 121, 22, 13, 123]
18  12  [22, 13, 123, 44, 15, 8, 6, 5, 115, 28, 11, 121]
19  7  [10, 7, 117, 19, 129, 46, 25]
20  12  [22, 13, 123, 44, 15, 8, 6, 5, 115, 28, 11, 121]
21  7  [19, 129, 46, 25, 10, 7, 117]
22  12  [115, 28, 11, 121, 22, 13, 123, 44, 15, 8, 6, 5]
23  12  [28, 11, 121, 22, 13, 123, 44, 15, 8, 6, 5, 115]
24  12  [22, 13, 123, 44, 15, 8, 6, 5, 115, 28, 11, 121]
25  7  [19, 129, 46, 25, 10, 7, 117]
26  12  [121, 22, 13, 123, 44, 15, 8, 6, 5, 115, 28, 11]
27  12  [22, 13, 123, 44, 15, 8, 6, 5, 115, 28, 11, 121]
28  12  [8, 6, 5, 115, 28, 11, 121, 22, 13, 123, 44, 15]
29  12  [13, 123, 44, 15, 8, 6, 5, 115, 28, 11, 121, 22]
30  7  [19, 129, 46, 25, 10, 7, 117]
31  7  [7, 117, 19, 129, 46, 25, 10]
32  7  [19, 129, 46, 25, 10, 7, 117]
33  12  [121, 22, 13, 123, 44, 15, 8, 6, 5, 115, 28, 11]
34  7  [25, 10, 7, 117, 19, 129, 46]
35  7  [19, 129, 46, 25, 10, 7, 117]
36  7  [19, 129, 46, 25, 10, 7, 117]
37  12  [13, 123, 44, 15, 8, 6, 5, 115, 28, 11, 121, 22]
38  7  [117, 19, 129, 46, 25, 10, 7]
39  12  [121, 22, 13, 123, 44, 15, 8, 6, 5, 115, 28, 11]
40  12  [8, 6, 5, 115, 28, 11, 121, 22, 13, 123, 44, 15]
41  7  [10, 7, 117, 19, 129, 46, 25]
42  7  [19, 129, 46, 25, 10, 7, 117]
43  12  [5, 115, 28, 11, 121, 22, 13, 123, 44, 15, 8, 6]
44  12  [121, 22, 13, 123, 44, 15, 8, 6, 5, 115, 28, 11]
45  12  [8, 6, 5, 115, 28, 11, 121, 22, 13, 123, 44, 15]
46  7  [117, 19, 129, 46, 25, 10, 7]
47  12  [115, 28, 11, 121, 22, 13, 123, 44, 15, 8, 6, 5]
48  12  [8, 6, 5, 115, 28, 11, 121, 22, 13, 123, 44, 15]
49  12  [121, 22, 13, 123, 44, 15, 8, 6, 5, 115, 28, 11]
50  7  [19, 129, 46, 25, 10, 7, 117]
51  12  [121, 22, 13, 123, 44, 15, 8, 6, 5, 115, 28, 11]
52  12  [123, 44, 15, 8, 6, 5, 115, 28, 11, 121, 22, 13]
53  12  [6, 5, 115, 28, 11, 121, 22, 13, 123, 44, 15, 8]
54  12  [8, 6, 5, 115, 28, 11, 121, 22, 13, 123, 44, 15]
55  12  [121, 22, 13, 123, 44, 15, 8, 6, 5, 115, 28, 11]
56  12  [115, 28, 11, 121, 22, 13, 123, 44, 15, 8, 6, 5]
57  12  [5, 115, 28, 11, 121, 22, 13, 123, 44, 15, 8, 6]
58  7  [10, 7, 117, 19, 129, 46, 25]
59  12  [28, 11, 121, 22, 13, 123, 44, 15, 8, 6, 5, 115]
60  7  [19, 129, 46, 25, 10, 7, 117]
61  7  [7, 117, 19, 129, 46, 25, 10]
62  12  [11, 121, 22, 13, 123, 44, 15, 8, 6, 5, 115, 28]
63  12  [115, 28, 11, 121, 22, 13, 123, 44, 15, 8, 6, 5]
64  7  [19, 129, 46, 25, 10, 7, 117]
65  12  [121, 22, 13, 123, 44, 15, 8, 6, 5, 115, 28, 11]
66  12  [121, 22, 13, 123, 44, 15, 8, 6, 5, 115, 28, 11]
67  12  [115, 28, 11, 121, 22, 13, 123, 44, 15, 8, 6, 5]
68  7  [117, 19, 129, 46, 25, 10, 7]
69  12  [11, 121, 22, 13, 123, 44, 15, 8, 6, 5, 115, 28]
70  12  [121, 22, 13, 123, 44, 15, 8, 6, 5, 115, 28, 11]
71  12  [115, 28, 11, 121, 22, 13, 123, 44, 15, 8, 6, 5]
72  7  [19, 129, 46, 25, 10, 7, 117]
73  7  [7, 117, 19, 129, 46, 25, 10]
74  12  [11, 121, 22, 13, 123, 44, 15, 8, 6, 5, 115, 28]
75  12  [115, 28, 11, 121, 22, 13, 123, 44, 15, 8, 6, 5]
76  12  [115, 28, 11, 121, 22, 13, 123, 44, 15, 8, 6, 5]
77  12  [121, 22, 13, 123, 44, 15, 8, 6, 5, 115, 28, 11]
78  12  [121, 22, 13, 123, 44, 15, 8, 6, 5, 115, 28, 11]
79  12  [11, 121, 22, 13, 123, 44, 15, 8, 6, 5, 115, 28]
80  12  [115, 28, 11, 121, 22, 13, 123, 44, 15, 8, 6, 5]
81  7  [19, 129, 46, 25, 10, 7, 117]
82  12  [6, 5, 115, 28, 11, 121, 22, 13, 123, 44, 15, 8]
83  7  [19, 129, 46, 25, 10, 7, 117]
84  12  [121, 22, 13, 123, 44, 15, 8, 6, 5, 115, 28, 11]
85  12  [5, 115, 28, 11, 121, 22, 13, 123, 44, 15, 8, 6]
86  12  [15, 8, 6, 5, 115, 28, 11, 121, 22, 13, 123, 44]
87  7  [117, 19, 129, 46, 25, 10, 7]
88  12  [123, 44, 15, 8, 6, 5, 115, 28, 11, 121, 22, 13]
89  12  [5, 115, 28, 11, 121, 22, 13, 123, 44, 15, 8, 6]
90  12  [115, 28, 11, 121, 22, 13, 123, 44, 15, 8, 6, 5]
91  12  [121, 22, 13, 123, 44, 15, 8, 6, 5, 115, 28, 11]
92  12  [121, 22, 13, 123, 44, 15, 8, 6, 5, 115, 28, 11]
93  7  [46, 25, 10, 7, 117, 19, 129]
94  12  [11, 121, 22, 13, 123, 44, 15, 8, 6, 5, 115, 28]
95  12  [121, 22, 13, 123, 44, 15, 8, 6, 5, 115, 28, 11]
96  12  [115, 28, 11, 121, 22, 13, 123, 44, 15, 8, 6, 5]
97  12  [121, 22, 13, 123, 44, 15, 8, 6, 5, 115, 28, 11]
98  12  [121, 22, 13, 123, 44, 15, 8, 6, 5, 115, 28, 11]
99  12  [123, 44, 15, 8, 6, 5, 115, 28, 11, 121, 22, 13]
100  12  [121, 22, 13, 123, 44, 15, 8, 6, 5, 115, 28, 11]
101  12  [115, 28, 11, 121, 22, 13, 123, 44, 15, 8, 6, 5]
102  12  [5, 115, 28, 11, 121, 22, 13, 123, 44, 15, 8, 6]
103  12  [115, 28, 11, 121, 22, 13, 123, 44, 15, 8, 6, 5]
104  7  [25, 10, 7, 117, 19, 129, 46]
