1,1,0,[1]
2,8,15,[179, 351, 22, 13, 185, 42, 12, 7]
3,7,12,[5, 177, 62, 33, 14, 9, 6]
4,1,0,[4]
5,7,6,[177, 62, 33, 14, 9, 6, 5]
6,7,6,[5, 177, 62, 33, 14, 9, 6]
7,8,7,[179, 351, 22, 13, 185, 42, 12, 7]
8,7,7,[5, 177, 62, 33, 14, 9, 6]
9,7,6,[6, 5, 177, 62, 33, 14, 9]
10,8,8,[179, 351, 22, 13, 185, 42, 12, 7]
11,8,10,[7, 179, 351, 22, 13, 185, 42, 12]
12,8,7,[7, 179, 351, 22, 13, 185, 42, 12]
13,8,7,[185, 42, 12, 7, 179, 351, 22, 13]
14,7,6,[9, 6, 5, 177, 62, 33, 14]
15,7,8,[5, 177, 62, 33, 14, 9, 6]
16,7,8,[5, 177, 62, 33, 14, 9, 6]
17,7,10,[5, 177, 62, 33, 14, 9, 6]
18,7,8,[5, 177, 62, 33, 14, 9, 6]
19,8,12,[179, 351, 22, 13, 185, 42, 12, 7]
20,7,7,[6, 5, 177, 62, 33, 14, 9]
21,8,9,[179, 351, 22, 13, 185, 42, 12, 7]
22,8,7,[13, 185, 42, 12, 7, 179, 351, 22]
23,8,11,[179, 351, 22, 13, 185, 42, 12, 7]
24,7,7,[6, 5, 177, 62, 33, 14, 9]
25,8,9,[179, 351, 22, 13, 185, 42, 12, 7]
26,7,9,[5, 177, 62, 33, 14, 9, 6]
27,7,7,[6, 5, 177, 62, 33, 14, 9]
28,8,11,[7, 179, 351, 22, 13, 185, 42, 12]
29,7,9,[9, 6, 5, 177, 62, 33, 14]
30,8,9,[179, 351, 22, 13, 185, 42, 12, 7]
31,8,11,[179, 351, 22, 13, 185, 42, 12, 7]
32,8,9,[179, 351, 22, 13, 185, 42, 12, 7]
33,7,6,[14, 9, 6, 5, 177, 62, 33]
34,8,13,[179, 351, 22, 13, 185, 42, 12, 7]
35,8,8,[7, 179, 351, 22, 13, 185, 42, 12]
36,8,9,[179, 351, 22, 13, 185, 42, 12, 7]
37,8,11,[179, 351, 22, 13, 185, 42, 12, 7]
38,8,10,[179, 351, 22, 13, 185, 42, 12, 7]
39,7,9,[5, 177, 62, 33, 14, 9, 6]
40,8,11,[7, 179, 351, 22, 13, 185, 42, 12]
41,7,12,[5, 177, 62, 33, 14, 9, 6]
42,8,7,[12, 7, 179, 351, 22, 13, 185, 42]
43,8,13,[7, 179, 351, 22, 13, 185, 42, 12]
44,7,9,[5, 177, 62, 33, 14, 9, 6]
45,8,11,[7, 179, 351, 22, 13, 185, 42, 12]
46,8,10,[179, 351, 22, 13, 185, 42, 12, 7]
47,8,14,[179, 351, 22, 13, 185, 42, 12, 7]
48,8,11,[7, 179, 351, 22, 13, 185, 42, 12]
49,7,7,[9, 6, 5, 177, 62, 33, 14]
50,8,8,[7, 179, 351, 22, 13, 185, 42, 12]
51,7,8,[6, 5, 177, 62, 33, 14, 9]
52,7,11,[5, 177, 62, 33, 14, 9, 6]
53,7,10,[5, 177, 62, 33, 14, 9, 6]
54,8,11,[7, 179, 351, 22, 13, 185, 42, 12]
55,7,9,[5, 177, 62, 33, 14, 9, 6]
56,8,8,[185, 42, 12, 7, 179, 351, 22, 13]
57,8,8,[13, 185, 42, 12, 7, 179, 351, 22]
58,8,12,[179, 351, 22, 13, 185, 42, 12, 7]
59,8,11,[179, 351, 22, 13, 185, 42, 12, 7]
60,8,8,[7, 179, 351, 22, 13, 185, 42, 12]
61,7,13,[5, 177, 62, 33, 14, 9, 6]
62,7,6,[33, 14, 9, 6, 5, 177, 62]
63,8,8,[185, 42, 12, 7, 179, 351, 22, 13]
64,8,8,[7, 179, 351, 22, 13, 185, 42, 12]
65,7,9,[5, 177, 62, 33, 14, 9, 6]
66,7,9,[5, 177, 62, 33, 14, 9, 6]
67,7,12,[5, 177, 62, 33, 14, 9, 6]
68,8,10,[179, 351, 22, 13, 185, 42, 12, 7]
69,7,10,[5, 177, 62, 33, 14, 9, 6]
70,7,7,[9, 6, 5, 177, 62, 33, 14]
71,7,10,[5, 177, 62, 33, 14, 9, 6]
72,8,8,[7, 179, 351, 22, 13, 185, 42, 12]
73,8,14,[179, 351, 22, 13, 185, 42, 12, 7]
74,7,10,[5, 177, 62, 33, 14, 9, 6]
75,8,8,[185, 42, 12, 7, 179, 351, 22, 13]
76,8,12,[179, 351, 22, 13, 185, 42, 12, 7]
77,7,9,[5, 177, 62, 33, 14, 9, 6]
78,7,9,[5, 177, 62, 33, 14, 9, 6]
79,7,13,[5, 177, 62, 33, 14, 9, 6]
80,8,8,[185, 42, 12, 7, 179, 351, 22, 13]
81,8,8,[7, 179, 351, 22, 13, 185, 42, 12]
82,8,14,[7, 179, 351, 22, 13, 185, 42, 12]
83,8,11,[179, 351, 22, 13, 185, 42, 12, 7]
84,7,7,[9, 6, 5, 177, 62, 33, 14]
85,8,8,[13, 185, 42, 12, 7, 179, 351, 22]
86,8,12,[7, 179, 351, 22, 13, 185, 42, 12]
87,8,10,[179, 351, 22, 13, 185, 42, 12, 7]
88,7,11,[5, 177, 62, 33, 14, 9, 6]
89,8,10,[7, 179, 351, 22, 13, 185, 42, 12]
90,8,8,[185, 42, 12, 7, 179, 351, 22, 13]
91,7,8,[6, 5, 177, 62, 33, 14, 9]
92,7,8,[6, 5, 177, 62, 33, 14, 9]
93,8,14,[179, 351, 22, 13, 185, 42, 12, 7]
94,7,8,[9, 6, 5, 177, 62, 33, 14]
95,7,8,[6, 5, 177, 62, 33, 14, 9]
96,8,8,[185, 42, 12, 7, 179, 351, 22, 13]
97,7,10,[6, 5, 177, 62, 33, 14, 9]
98,7,9,[5, 177, 62, 33, 14, 9, 6]
99,7,11,[5, 177, 62, 33, 14, 9, 6]
100,7,7,[9, 6, 5, 177, 62, 33, 14]
101,8,13,[179, 351, 22, 13, 185, 42, 12, 7]
102,8,8,[13, 185, 42, 12, 7, 179, 351, 22]
103,8,11,[179, 351, 22, 13, 185, 42, 12, 7]
104,8,13,[179, 351, 22, 13, 185, 42, 12, 7]
105,7,9,[5, 177, 62, 33, 14, 9, 6]
106,7,10,[5, 177, 62, 33, 14, 9, 6]
107,8,13,[179, 351, 22, 13, 185, 42, 12, 7]
108,8,8,[185, 42, 12, 7, 179, 351, 22, 13]
109,7,11,[6, 5, 177, 62, 33, 14, 9]
110,7,9,[5, 177, 62, 33, 14, 9, 6]
111,8,12,[7, 179, 351, 22, 13, 185, 42, 12]
112,7,9,[5, 177, 62, 33, 14, 9, 6]
113,7,9,[6, 5, 177, 62, 33, 14, 9]
114,7,8,[6, 5, 177, 62, 33, 14, 9]
115,8,12,[7, 179, 351, 22, 13, 185, 42, 12]
116,7,7,[14, 9, 6, 5, 177, 62, 33]
117,8,13,[179, 351, 22, 13, 185, 42, 12, 7]
118,7,14,[5, 177, 62, 33, 14, 9, 6]
119,7,8,[6, 5, 177, 62, 33, 14, 9]
120,7,7,[9, 6, 5, 177, 62, 33, 14]
121,8,8,[13, 185, 42, 12, 7, 179, 351, 22]
122,8,9,[185, 42, 12, 7, 179, 351, 22, 13]
123,7,10,[5, 177, 62, 33, 14, 9, 6]
124,8,9,[7, 179, 351, 22, 13, 185, 42, 12]
125,7,9,[5, 177, 62, 33, 14, 9, 6]
126,7,9,[5, 177, 62, 33, 14, 9, 6]
127,8,11,[179, 351, 22, 13, 185, 42, 12, 7]
128,7,7,[9, 6, 5, 177, 62, 33, 14]
129,8,11,[179, 351, 22, 13, 185, 42, 12, 7]
130,7,8,[6, 5, 177, 62, 33, 14, 9]
131,8,15,[179, 351, 22, 13, 185, 42, 12, 7]
132,7,9,[5, 177, 62, 33, 14, 9, 6]
133,7,10,[5, 177, 62, 33, 14, 9, 6]
134,7,11,[5, 177, 62, 33, 14, 9, 6]
135,7,7,[9, 6, 5, 177, 62, 33, 14]
136,8,12,[179, 351, 22, 13, 185, 42, 12, 7]
137,7,12,[5, 177, 62, 33, 14, 9, 6]
138,8,12,[7, 179, 351, 22, 13, 185, 42, 12]
139,7,9,[14, 9, 6, 5, 177, 62, 33]
140,7,9,[5, 177, 62, 33, 14, 9, 6]
141,8,9,[7, 179, 351, 22, 13, 185, 42, 12]
142,8,15,[179, 351, 22, 13, 185, 42, 12, 7]
143,7,8,[6, 5, 177, 62, 33, 14, 9]
144,7,7,[9, 6, 5, 177, 62, 33, 14]
145,8,14,[179, 351, 22, 13, 185, 42, 12, 7]
146,8,9,[185, 42, 12, 7, 179, 351, 22, 13]
147,7,11,[5, 177, 62, 33, 14, 9, 6]
148,7,13,[5, 177, 62, 33, 14, 9, 6]
149,7,11,[5, 177, 62, 33, 14, 9, 6]
150,7,9,[5, 177, 62, 33, 14, 9, 6]
151,8,11,[179, 351, 22, 13, 185, 42, 12, 7]
152,8,10,[179, 351, 22, 13, 185, 42, 12, 7]
153,8,12,[179, 351, 22, 13, 185, 42, 12, 7]
154,7,8,[6, 5, 177, 62, 33, 14, 9]
155,8,10,[179, 351, 22, 13, 185, 42, 12, 7]
156,7,8,[6, 5, 177, 62, 33, 14, 9]
157,8,13,[7, 179, 351, 22, 13, 185, 42, 12]
158,8,9,[7, 179, 351, 22, 13, 185, 42, 12]
159,8,9,[185, 42, 12, 7, 179, 351, 22, 13]
160,7,9,[5, 177, 62, 33, 14, 9, 6]
161,8,10,[179, 351, 22, 13, 185, 42, 12, 7]
162,7,7,[9, 6, 5, 177, 62, 33, 14]
163,8,10,[7, 179, 351, 22, 13, 185, 42, 12]
164,8,12,[7, 179, 351, 22, 13, 185, 42, 12]
165,8,13,[179, 351, 22, 13, 185, 42, 12, 7]
166,8,9,[13, 185, 42, 12, 7, 179, 351, 22]
167,7,9,[14, 9, 6, 5, 177, 62, 33]
168,7,9,[5, 177, 62, 33, 14, 9, 6]
169,7,10,[5, 177, 62, 33, 14, 9, 6]
170,7,8,[6, 5, 177, 62, 33, 14, 9]
171,8,10,[179, 351, 22, 13, 185, 42, 12, 7]
172,8,15,[179, 351, 22, 13, 185, 42, 12, 7]
173,8,13,[179, 351, 22, 13, 185, 42, 12, 7]
174,8,14,[179, 351, 22, 13, 185, 42, 12, 7]
175,7,11,[5, 177, 62, 33, 14, 9, 6]
176,8,13,[179, 351, 22, 13, 185, 42, 12, 7]
177,7,6,[62, 33, 14, 9, 6, 5, 177]
178,7,9,[6, 5, 177, 62, 33, 14, 9]
179,8,7,[351, 22, 13, 185, 42, 12, 7, 179]
180,7,9,[5, 177, 62, 33, 14, 9, 6]
181,7,10,[6, 5, 177, 62, 33, 14, 9]
182,8,8,[13, 185, 42, 12, 7, 179, 351, 22]
183,8,9,[7, 179, 351, 22, 13, 185, 42, 12]
184,7,10,[9, 6, 5, 177, 62, 33, 14]
185,8,7,[42, 12, 7, 179, 351, 22, 13, 185]
186,8,10,[179, 351, 22, 13, 185, 42, 12, 7]
187,8,12,[7, 179, 351, 22, 13, 185, 42, 12]
188,7,9,[6, 5, 177, 62, 33, 14, 9]
189,7,9,[5, 177, 62, 33, 14, 9, 6]
190,7,10,[5, 177, 62, 33, 14, 9, 6]
191,8,11,[179, 351, 22, 13, 185, 42, 12, 7]
192,7,9,[5, 177, 62, 33, 14, 9, 6]
193,7,11,[5, 177, 62, 33, 14, 9, 6]
194,7,12,[5, 177, 62, 33, 14, 9, 6]
195,8,10,[179, 351, 22, 13, 185, 42, 12, 7]
196,7,9,[5, 177, 62, 33, 14, 9, 6]
197,8,16,[179, 351, 22, 13, 185, 42, 12, 7]
198,8,13,[179, 351, 22, 13, 185, 42, 12, 7]
199,8,10,[7, 179, 351, 22, 13, 185, 42, 12]
200,7,9,[5, 177, 62, 33, 14, 9, 6]
