1  1  [1]
2  5  [119, 24, 9, 6, 5]
3  5  [6, 5, 119, 24, 9]
4  1  [4]
5  5  [24, 9, 6, 5, 119]
6  5  [119, 24, 9, 6, 5]
7  5  [119, 24, 9, 6, 5]
8  5  [5, 119, 24, 9, 6]
9  5  [5, 119, 24, 9, 6]
10  5  [5, 119, 24, 9, 6]
11  5  [24, 9, 6, 5, 119]
12  5  [5, 119, 24, 9, 6]
13  5  [6, 5, 119, 24, 9]
14  5  [6, 5, 119, 24, 9]
15  5  [6, 5, 119, 24, 9]
16  5  [6, 5, 119, 24, 9]
17  5  [9, 6, 5, 119, 24]
18  5  [6, 5, 119, 24, 9]
19  5  [119, 24, 9, 6, 5]
20  5  [6, 5, 119, 24, 9]
21  5  [6, 5, 119, 24, 9]
22  5  [9, 6, 5, 119, 24]
23  5  [6, 5, 119, 24, 9]
24  5  [6, 5, 119, 24, 9]
25  5  [6, 5, 119, 24, 9]
26  5  [9, 6, 5, 119, 24]
27  5  [6, 5, 119, 24, 9]
28  5  [119, 24, 9, 6, 5]
29  5  [24, 9, 6, 5, 119]
30  5  [6, 5, 119, 24, 9]
31  5  [9, 6, 5, 119, 24]
32  5  [6, 5, 119, 24, 9]
33  5  [9, 6, 5, 119, 24]
34  5  [5, 119, 24, 9, 6]
35  5  [6, 5, 119, 24, 9]
36  5  [6, 5, 119, 24, 9]
37  5  [6, 5, 119, 24, 9]
38  5  [9, 6, 5, 119, 24]
39  5  [9, 6, 5, 119, 24]
40  5  [119, 24, 9, 6, 5]
41  5  [24, 9, 6, 5, 119]
42  5  [6, 5, 119, 24, 9]
43  5  [5, 119, 24, 9, 6]
44  5  [9, 6, 5, 119, 24]
45  5  [119, 24, 9, 6, 5]
46  5  [9, 6, 5, 119, 24]
47  5  [24, 9, 6, 5, 119]
48  5  [119, 24, 9, 6, 5]
49  5  [9, 6, 5, 119, 24]
50  5  [6, 5, 119, 24, 9]
51  5  [9, 6, 5, 119, 24]
52  5  [24, 9, 6, 5, 119]
53  5  [6, 5, 119, 24, 9]
54  5  [119, 24, 9, 6, 5]
55  5  [9, 6, 5, 119, 24]
56  5  [9, 6, 5, 119, 24]
57  5  [24, 9, 6, 5, 119]
58  5  [24, 9, 6, 5, 119]
59  5  [9, 6, 5, 119, 24]
60  5  [6, 5, 119, 24, 9]
61  5  [119, 24, 9, 6, 5]
62  5  [24, 9, 6, 5, 119]
63  5  [9, 6, 5, 119, 24]
64  5  [6, 5, 119, 24, 9]
65  5  [9, 6, 5, 119, 24]
66  5  [9, 6, 5, 119, 24]
67  5  [119, 24, 9, 6, 5]
68  5  [9, 6, 5, 119, 24]
69  5  [24, 9, 6, 5, 119]
70  5  [9, 6, 5, 119, 24]
71  5  [24, 9, 6, 5, 119]
72  5  [6, 5, 119, 24, 9]
73  5  [6, 5, 119, 24, 9]
74  5  [24, 9, 6, 5, 119]
75  5  [9, 6, 5, 119, 24]
76  5  [9, 6, 5, 119, 24]
77  5  [9, 6, 5, 119, 24]
78  5  [9, 6, 5, 119, 24]
79  5  [9, 6, 5, 119, 24]
80  5  [9, 6, 5, 119, 24]
81  5  [6, 5, 119, 24, 9]
82  5  [6, 5, 119, 24, 9]
83  5  [5, 119, 24, 9, 6]
84  5  [9, 6, 5, 119, 24]
85  5  [24, 9, 6, 5, 119]
86  5  [5, 119, 24, 9, 6]
87  5  [9, 6, 5, 119, 24]
88  5  [24, 9, 6, 5, 119]
89  5  [24, 9, 6, 5, 119]
90  5  [9, 6, 5, 119, 24]
91  5  [9, 6, 5, 119, 24]
92  5  [9, 6, 5, 119, 24]
93  5  [6, 5, 119, 24, 9]
94  5  [24, 9, 6, 5, 119]
95  5  [9, 6, 5, 119, 24]
96  5  [9, 6, 5, 119, 24]
97  5  [119, 24, 9, 6, 5]
98  5  [9, 6, 5, 119, 24]
99  5  [24, 9, 6, 5, 119]
100  5  [9, 6, 5, 119, 24]
101  5  [6, 5, 119, 24, 9]
102  5  [24, 9, 6, 5, 119]
103  5  [119, 24, 9, 6, 5]
104  5  [5, 119, 24, 9, 6]
