1,1,0,[1],[0]
2,19,9,[5, 6, 7, 8, 12, 15, 19, 31, 34, 58, 60, 112, 263, 265, 277, 289, 521, 535, 779],[1, 0, 1, 0, 0, 0, 1, 1, 0, 0, 0, 0, 1, 0, 1, 0, 1, 0, 0]
3,19,3,[5, 6, 7, 8, 12, 15, 19, 31, 34, 58, 60, 112, 263, 265, 277, 289, 521, 535, 779],[1, 0, 1, 0, 0, 0, 1, 1, 0, 0, 0, 0, 1, 0, 1, 0, 1, 0, 0]
4,1,0,[4],[0]
5,19,0,[5, 6, 7, 8, 12, 15, 19, 31, 34, 58, 60, 112, 263, 265, 277, 289, 521, 535, 779],[1, 0, 1, 0, 0, 0, 1, 1, 0, 0, 0, 0, 1, 0, 1, 0, 1, 0, 0]
6,19,0,[5, 6, 7, 8, 12, 15, 19, 31, 34, 58, 60, 112, 263, 265, 277, 289, 521, 535, 779],[1, 0, 1, 0, 0, 0, 1, 1, 0, 0, 0, 0, 1, 0, 1, 0, 1, 0, 0]
7,19,0,[5, 6, 7, 8, 12, 15, 19, 31, 34, 58, 60, 112, 263, 265, 277, 289, 521, 535, 779],[1, 0, 1, 0, 0, 0, 1, 1, 0, 0, 0, 0, 1, 0, 1, 0, 1, 0, 0]
8,19,0,[5, 6, 7, 8, 12, 15, 19, 31, 34, 58, 60, 112, 263, 265, 277, 289, 521, 535, 779],[1, 0, 1, 0, 0, 0, 1, 1, 0, 0, 0, 0, 1, 0, 1, 0, 1, 0, 0]
9,19,1,[5, 6, 7, 8, 12, 15, 19, 31, 34, 58, 60, 112, 263, 265, 277, 289, 521, 535, 779],[1, 0, 1, 0, 0, 0, 1, 1, 0, 0, 0, 0, 1, 0, 1, 0, 1, 0, 0]
10,19,1,[5, 6, 7, 8, 12, 15, 19, 31, 34, 58, 60, 112, 263, 265, 277, 289, 521, 535, 779],[1, 0, 1, 0, 0, 0, 1, 1, 0, 0, 0, 0, 1, 0, 1, 0, 1, 0, 0]
11,4,0,[11, 48, 269, 527],[1, 0, 1, 0]
12,19,0,[5, 6, 7, 8, 12, 15, 19, 31, 34, 58, 60, 112, 263, 265, 277, 289, 521, 535, 779],[1, 0, 1, 0, 0, 0, 1, 1, 0, 0, 0, 0, 1, 0, 1, 0, 1, 0, 0]
13,19,6,[5, 6, 7, 8, 12, 15, 19, 31, 34, 58, 60, 112, 263, 265, 277, 289, 521, 535, 779],[1, 0, 1, 0, 0, 0, 1, 1, 0, 0, 0, 0, 1, 0, 1, 0, 1, 0, 0]
14,19,2,[5, 6, 7, 8, 12, 15, 19, 31, 34, 58, 60, 112, 263, 265, 277, 289, 521, 535, 779],[1, 0, 1, 0, 0, 0, 1, 1, 0, 0, 0, 0, 1, 0, 1, 0, 1, 0, 0]
15,19,0,[5, 6, 7, 8, 12, 15, 19, 31, 34, 58, 60, 112, 263, 265, 277, 289, 521, 535, 779],[1, 0, 1, 0, 0, 0, 1, 1, 0, 0, 0, 0, 1, 0, 1, 0, 1, 0, 0]
16,19,1,[5, 6, 7, 8, 12, 15, 19, 31, 34, 58, 60, 112, 263, 265, 277, 289, 521, 535, 779],[1, 0, 1, 0, 0, 0, 1, 1, 0, 0, 0, 0, 1, 0, 1, 0, 1, 0, 0]
17,19,4,[5, 6, 7, 8, 12, 15, 19, 31, 34, 58, 60, 112, 263, 265, 277, 289, 521, 535, 779],[1, 0, 1, 0, 0, 0, 1, 1, 0, 0, 0, 0, 1, 0, 1, 0, 1, 0, 0]
18,19,1,[5, 6, 7, 8, 12, 15, 19, 31, 34, 58, 60, 112, 263, 265, 277, 289, 521, 535, 779],[1, 0, 1, 0, 0, 0, 1, 1, 0, 0, 0, 0, 1, 0, 1, 0, 1, 0, 0]
19,19,0,[5, 6, 7, 8, 12, 15, 19, 31, 34, 58, 60, 112, 263, 265, 277, 289, 521, 535, 779],[1, 0, 1, 0, 0, 0, 1, 1, 0, 0, 0, 0, 1, 0, 1, 0, 1, 0, 0]
20,19,2,[5, 6, 7, 8, 12, 15, 19, 31, 34, 58, 60, 112, 263, 265, 277, 289, 521, 535, 779],[1, 0, 1, 0, 0, 0, 1, 1, 0, 0, 0, 0, 1, 0, 1, 0, 1, 0, 0]
21,19,2,[5, 6, 7, 8, 12, 15, 19, 31, 34, 58, 60, 112, 263, 265, 277, 289, 521, 535, 779],[1, 0, 1, 0, 0, 0, 1, 1, 0, 0, 0, 0, 1, 0, 1, 0, 1, 0, 0]
22,19,7,[5, 6, 7, 8, 12, 15, 19, 31, 34, 58, 60, 112, 263, 265, 277, 289, 521, 535, 779],[1, 0, 1, 0, 0, 0, 1, 1, 0, 0, 0, 0, 1, 0, 1, 0, 1, 0, 0]
23,19,5,[5, 6, 7, 8, 12, 15, 19, 31, 34, 58, 60, 112, 263, 265, 277, 289, 521, 535, 779],[1, 0, 1, 0, 0, 0, 1, 1, 0, 0, 0, 0, 1, 0, 1, 0, 1, 0, 0]
24,19,2,[5, 6, 7, 8, 12, 15, 19, 31, 34, 58, 60, 112, 263, 265, 277, 289, 521, 535, 779],[1, 0, 1, 0, 0, 0, 1, 1, 0, 0, 0, 0, 1, 0, 1, 0, 1, 0, 0]
25,19,2,[5, 6, 7, 8, 12, 15, 19, 31, 34, 58, 60, 112, 263, 265, 277, 289, 521, 535, 779],[1, 0, 1, 0, 0, 0, 1, 1, 0, 0, 0, 0, 1, 0, 1, 0, 1, 0, 0]
26,19,1,[5, 6, 7, 8, 12, 15, 19, 31, 34, 58, 60, 112, 263, 265, 277, 289, 521, 535, 779],[1, 0, 1, 0, 0, 0, 1, 1, 0, 0, 0, 0, 1, 0, 1, 0, 1, 0, 0]
27,19,2,[5, 6, 7, 8, 12, 15, 19, 31, 34, 58, 60, 112, 263, 265, 277, 289, 521, 535, 779],[1, 0, 1, 0, 0, 0, 1, 1, 0, 0, 0, 0, 1, 0, 1, 0, 1, 0, 0]
28,4,1,[11, 48, 269, 527],[1, 0, 1, 0]
29,4,2,[11, 48, 269, 527],[1, 0, 1, 0]
30,19,2,[5, 6, 7, 8, 12, 15, 19, 31, 34, 58, 60, 112, 263, 265, 277, 289, 521, 535, 779],[1, 0, 1, 0, 0, 0, 1, 1, 0, 0, 0, 0, 1, 0, 1, 0, 1, 0, 0]
31,19,0,[5, 6, 7, 8, 12, 15, 19, 31, 34, 58, 60, 112, 263, 265, 277, 289, 521, 535, 779],[1, 0, 1, 0, 0, 0, 1, 1, 0, 0, 0, 0, 1, 0, 1, 0, 1, 0, 0]
32,19,2,[5, 6, 7, 8, 12, 15, 19, 31, 34, 58, 60, 112, 263, 265, 277, 289, 521, 535, 779],[1, 0, 1, 0, 0, 0, 1, 1, 0, 0, 0, 0, 1, 0, 1, 0, 1, 0, 0]
33,19,3,[5, 6, 7, 8, 12, 15, 19, 31, 34, 58, 60, 112, 263, 265, 277, 289, 521, 535, 779],[1, 0, 1, 0, 0, 0, 1, 1, 0, 0, 0, 0, 1, 0, 1, 0, 1, 0, 0]
34,19,0,[5, 6, 7, 8, 12, 15, 19, 31, 34, 58, 60, 112, 263, 265, 277, 289, 521, 535, 779],[1, 0, 1, 0, 0, 0, 1, 1, 0, 0, 0, 0, 1, 0, 1, 0, 1, 0, 0]
35,19,1,[5, 6, 7, 8, 12, 15, 19, 31, 34, 58, 60, 112, 263, 265, 277, 289, 521, 535, 779],[1, 0, 1, 0, 0, 0, 1, 1, 0, 0, 0, 0, 1, 0, 1, 0, 1, 0, 0]
36,19,2,[5, 6, 7, 8, 12, 15, 19, 31, 34, 58, 60, 112, 263, 265, 277, 289, 521, 535, 779],[1, 0, 1, 0, 0, 0, 1, 1, 0, 0, 0, 0, 1, 0, 1, 0, 1, 0, 0]
37,19,3,[5, 6, 7, 8, 12, 15, 19, 31, 34, 58, 60, 112, 263, 265, 277, 289, 521, 535, 779],[1, 0, 1, 0, 0, 0, 1, 1, 0, 0, 0, 0, 1, 0, 1, 0, 1, 0, 0]
38,19,3,[5, 6, 7, 8, 12, 15, 19, 31, 34, 58, 60, 112, 263, 265, 277, 289, 521, 535, 779],[1, 0, 1, 0, 0, 0, 1, 1, 0, 0, 0, 0, 1, 0, 1, 0, 1, 0, 0]
39,19,2,[5, 6, 7, 8, 12, 15, 19, 31, 34, 58, 60, 112, 263, 265, 277, 289, 521, 535, 779],[1, 0, 1, 0, 0, 0, 1, 1, 0, 0, 0, 0, 1, 0, 1, 0, 1, 0, 0]
40,4,1,[11, 48, 269, 527],[1, 0, 1, 0]
41,19,4,[5, 6, 7, 8, 12, 15, 19, 31, 34, 58, 60, 112, 263, 265, 277, 289, 521, 535, 779],[1, 0, 1, 0, 0, 0, 1, 1, 0, 0, 0, 0, 1, 0, 1, 0, 1, 0, 0]
42,19,1,[5, 6, 7, 8, 12, 15, 19, 31, 34, 58, 60, 112, 263, 265, 277, 289, 521, 535, 779],[1, 0, 1, 0, 0, 0, 1, 1, 0, 0, 0, 0, 1, 0, 1, 0, 1, 0, 0]
43,19,3,[5, 6, 7, 8, 12, 15, 19, 31, 34, 58, 60, 112, 263, 265, 277, 289, 521, 535, 779],[1, 0, 1, 0, 0, 0, 1, 1, 0, 0, 0, 0, 1, 0, 1, 0, 1, 0, 0]
44,19,1,[5, 6, 7, 8, 12, 15, 19, 31, 34, 58, 60, 112, 263, 265, 277, 289, 521, 535, 779],[1, 0, 1, 0, 0, 0, 1, 1, 0, 0, 0, 0, 1, 0, 1, 0, 1, 0, 0]
45,4,1,[11, 48, 269, 527],[1, 0, 1, 0]
46,19,3,[5, 6, 7, 8, 12, 15, 19, 31, 34, 58, 60, 112, 263, 265, 277, 289, 521, 535, 779],[1, 0, 1, 0, 0, 0, 1, 1, 0, 0, 0, 0, 1, 0, 1, 0, 1, 0, 0]
47,19,4,[5, 6, 7, 8, 12, 15, 19, 31, 34, 58, 60, 112, 263, 265, 277, 289, 521, 535, 779],[1, 0, 1, 0, 0, 0, 1, 1, 0, 0, 0, 0, 1, 0, 1, 0, 1, 0, 0]
48,4,0,[11, 48, 269, 527],[1, 0, 1, 0]
49,19,3,[5, 6, 7, 8, 12, 15, 19, 31, 34, 58, 60, 112, 263, 265, 277, 289, 521, 535, 779],[1, 0, 1, 0, 0, 0, 1, 1, 0, 0, 0, 0, 1, 0, 1, 0, 1, 0, 0]
50,19,1,[5, 6, 7, 8, 12, 15, 19, 31, 34, 58, 60, 112, 263, 265, 277, 289, 521, 535, 779],[1, 0, 1, 0, 0, 0, 1, 1, 0, 0, 0, 0, 1, 0, 1, 0, 1, 0, 0]
51,19,3,[5, 6, 7, 8, 12, 15, 19, 31, 34, 58, 60, 112, 263, 265, 277, 289, 521, 535, 779],[1, 0, 1, 0, 0, 0, 1, 1, 0, 0, 0, 0, 1, 0, 1, 0, 1, 0, 0]
52,19,5,[5, 6, 7, 8, 12, 15, 19, 31, 34, 58, 60, 112, 263, 265, 277, 289, 521, 535, 779],[1, 0, 1, 0, 0, 0, 1, 1, 0, 0, 0, 0, 1, 0, 1, 0, 1, 0, 0]
53,19,8,[5, 6, 7, 8, 12, 15, 19, 31, 34, 58, 60, 112, 263, 265, 277, 289, 521, 535, 779],[1, 0, 1, 0, 0, 0, 1, 1, 0, 0, 0, 0, 1, 0, 1, 0, 1, 0, 0]
54,4,1,[11, 48, 269, 527],[1, 0, 1, 0]
55,19,2,[5, 6, 7, 8, 12, 15, 19, 31, 34, 58, 60, 112, 263, 265, 277, 289, 521, 535, 779],[1, 0, 1, 0, 0, 0, 1, 1, 0, 0, 0, 0, 1, 0, 1, 0, 1, 0, 0]
56,19,7,[5, 6, 7, 8, 12, 15, 19, 31, 34, 58, 60, 112, 263, 265, 277, 289, 521, 535, 779],[1, 0, 1, 0, 0, 0, 1, 1, 0, 0, 0, 0, 1, 0, 1, 0, 1, 0, 0]
57,19,8,[5, 6, 7, 8, 12, 15, 19, 31, 34, 58, 60, 112, 263, 265, 277, 289, 521, 535, 779],[1, 0, 1, 0, 0, 0, 1, 1, 0, 0, 0, 0, 1, 0, 1, 0, 1, 0, 0]
58,19,0,[5, 6, 7, 8, 12, 15, 19, 31, 34, 58, 60, 112, 263, 265, 277, 289, 521, 535, 779],[1, 0, 1, 0, 0, 0, 1, 1, 0, 0, 0, 0, 1, 0, 1, 0, 1, 0, 0]
59,19,6,[5, 6, 7, 8, 12, 15, 19, 31, 34, 58, 60, 112, 263, 265, 277, 289, 521, 535, 779],[1, 0, 1, 0, 0, 0, 1, 1, 0, 0, 0, 0, 1, 0, 1, 0, 1, 0, 0]
60,19,0,[5, 6, 7, 8, 12, 15, 19, 31, 34, 58, 60, 112, 263, 265, 277, 289, 521, 535, 779],[1, 0, 1, 0, 0, 0, 1, 1, 0, 0, 0, 0, 1, 0, 1, 0, 1, 0, 0]
61,4,3,[11, 48, 269, 527],[1, 0, 1, 0]
62,19,4,[5, 6, 7, 8, 12, 15, 19, 31, 34, 58, 60, 112, 263, 265, 277, 289, 521, 535, 779],[1, 0, 1, 0, 0, 0, 1, 1, 0, 0, 0, 0, 1, 0, 1, 0, 1, 0, 0]
63,19,7,[5, 6, 7, 8, 12, 15, 19, 31, 34, 58, 60, 112, 263, 265, 277, 289, 521, 535, 779],[1, 0, 1, 0, 0, 0, 1, 1, 0, 0, 0, 0, 1, 0, 1, 0, 1, 0, 0]
64,19,1,[5, 6, 7, 8, 12, 15, 19, 31, 34, 58, 60, 112, 263, 265, 277, 289, 521, 535, 779],[1, 0, 1, 0, 0, 0, 1, 1, 0, 0, 0, 0, 1, 0, 1, 0, 1, 0, 0]
65,19,2,[5, 6, 7, 8, 12, 15, 19, 31, 34, 58, 60, 112, 263, 265, 277, 289, 521, 535, 779],[1, 0, 1, 0, 0, 0, 1, 1, 0, 0, 0, 0, 1, 0, 1, 0, 1, 0, 0]
66,19,2,[5, 6, 7, 8, 12, 15, 19, 31, 34, 58, 60, 112, 263, 265, 277, 289, 521, 535, 779],[1, 0, 1, 0, 0, 0, 1, 1, 0, 0, 0, 0, 1, 0, 1, 0, 1, 0, 0]
67,19,7,[5, 6, 7, 8, 12, 15, 19, 31, 34, 58, 60, 112, 263, 265, 277, 289, 521, 535, 779],[1, 0, 1, 0, 0, 0, 1, 1, 0, 0, 0, 0, 1, 0, 1, 0, 1, 0, 0]
68,19,3,[5, 6, 7, 8, 12, 15, 19, 31, 34, 58, 60, 112, 263, 265, 277, 289, 521, 535, 779],[1, 0, 1, 0, 0, 0, 1, 1, 0, 0, 0, 0, 1, 0, 1, 0, 1, 0, 0]
69,19,2,[5, 6, 7, 8, 12, 15, 19, 31, 34, 58, 60, 112, 263, 265, 277, 289, 521, 535, 779],[1, 0, 1, 0, 0, 0, 1, 1, 0, 0, 0, 0, 1, 0, 1, 0, 1, 0, 0]
70,19,3,[5, 6, 7, 8, 12, 15, 19, 31, 34, 58, 60, 112, 263, 265, 277, 289, 521, 535, 779],[1, 0, 1, 0, 0, 0, 1, 1, 0, 0, 0, 0, 1, 0, 1, 0, 1, 0, 0]
71,4,3,[11, 48, 269, 527],[1, 0, 1, 0]
72,19,1,[5, 6, 7, 8, 12, 15, 19, 31, 34, 58, 60, 112, 263, 265, 277, 289, 521, 535, 779],[1, 0, 1, 0, 0, 0, 1, 1, 0, 0, 0, 0, 1, 0, 1, 0, 1, 0, 0]
73,19,4,[5, 6, 7, 8, 12, 15, 19, 31, 34, 58, 60, 112, 263, 265, 277, 289, 521, 535, 779],[1, 0, 1, 0, 0, 0, 1, 1, 0, 0, 0, 0, 1, 0, 1, 0, 1, 0, 0]
74,19,3,[5, 6, 7, 8, 12, 15, 19, 31, 34, 58, 60, 112, 263, 265, 277, 289, 521, 535, 779],[1, 0, 1, 0, 0, 0, 1, 1, 0, 0, 0, 0, 1, 0, 1, 0, 1, 0, 0]
75,19,7,[5, 6, 7, 8, 12, 15, 19, 31, 34, 58, 60, 112, 263, 265, 277, 289, 521, 535, 779],[1, 0, 1, 0, 0, 0, 1, 1, 0, 0, 0, 0, 1, 0, 1, 0, 1, 0, 0]
76,19,6,[5, 6, 7, 8, 12, 15, 19, 31, 34, 58, 60, 112, 263, 265, 277, 289, 521, 535, 779],[1, 0, 1, 0, 0, 0, 1, 1, 0, 0, 0, 0, 1, 0, 1, 0, 1, 0, 0]
77,19,2,[5, 6, 7, 8, 12, 15, 19, 31, 34, 58, 60, 112, 263, 265, 277, 289, 521, 535, 779],[1, 0, 1, 0, 0, 0, 1, 1, 0, 0, 0, 0, 1, 0, 1, 0, 1, 0, 0]
78,19,2,[5, 6, 7, 8, 12, 15, 19, 31, 34, 58, 60, 112, 263, 265, 277, 289, 521, 535, 779],[1, 0, 1, 0, 0, 0, 1, 1, 0, 0, 0, 0, 1, 0, 1, 0, 1, 0, 0]
79,4,5,[11, 48, 269, 527],[1, 0, 1, 0]
80,19,7,[5, 6, 7, 8, 12, 15, 19, 31, 34, 58, 60, 112, 263, 265, 277, 289, 521, 535, 779],[1, 0, 1, 0, 0, 0, 1, 1, 0, 0, 0, 0, 1, 0, 1, 0, 1, 0, 0]
81,19,1,[5, 6, 7, 8, 12, 15, 19, 31, 34, 58, 60, 112, 263, 265, 277, 289, 521, 535, 779],[1, 0, 1, 0, 0, 0, 1, 1, 0, 0, 0, 0, 1, 0, 1, 0, 1, 0, 0]
82,19,4,[5, 6, 7, 8, 12, 15, 19, 31, 34, 58, 60, 112, 263, 265, 277, 289, 521, 535, 779],[1, 0, 1, 0, 0, 0, 1, 1, 0, 0, 0, 0, 1, 0, 1, 0, 1, 0, 0]
83,19,3,[5, 6, 7, 8, 12, 15, 19, 31, 34, 58, 60, 112, 263, 265, 277, 289, 521, 535, 779],[1, 0, 1, 0, 0, 0, 1, 1, 0, 0, 0, 0, 1, 0, 1, 0, 1, 0, 0]
84,19,3,[5, 6, 7, 8, 12, 15, 19, 31, 34, 58, 60, 112, 263, 265, 277, 289, 521, 535, 779],[1, 0, 1, 0, 0, 0, 1, 1, 0, 0, 0, 0, 1, 0, 1, 0, 1, 0, 0]
85,19,8,[5, 6, 7, 8, 12, 15, 19, 31, 34, 58, 60, 112, 263, 265, 277, 289, 521, 535, 779],[1, 0, 1, 0, 0, 0, 1, 1, 0, 0, 0, 0, 1, 0, 1, 0, 1, 0, 0]
86,4,2,[11, 48, 269, 527],[1, 0, 1, 0]
87,19,3,[5, 6, 7, 8, 12, 15, 19, 31, 34, 58, 60, 112, 263, 265, 277, 289, 521, 535, 779],[1, 0, 1, 0, 0, 0, 1, 1, 0, 0, 0, 0, 1, 0, 1, 0, 1, 0, 0]
88,19,5,[5, 6, 7, 8, 12, 15, 19, 31, 34, 58, 60, 112, 263, 265, 277, 289, 521, 535, 779],[1, 0, 1, 0, 0, 0, 1, 1, 0, 0, 0, 0, 1, 0, 1, 0, 1, 0, 0]
89,19,5,[5, 6, 7, 8, 12, 15, 19, 31, 34, 58, 60, 112, 263, 265, 277, 289, 521, 535, 779],[1, 0, 1, 0, 0, 0, 1, 1, 0, 0, 0, 0, 1, 0, 1, 0, 1, 0, 0]
90,19,7,[5, 6, 7, 8, 12, 15, 19, 31, 34, 58, 60, 112, 263, 265, 277, 289, 521, 535, 779],[1, 0, 1, 0, 0, 0, 1, 1, 0, 0, 0, 0, 1, 0, 1, 0, 1, 0, 0]
91,19,3,[5, 6, 7, 8, 12, 15, 19, 31, 34, 58, 60, 112, 263, 265, 277, 289, 521, 535, 779],[1, 0, 1, 0, 0, 0, 1, 1, 0, 0, 0, 0, 1, 0, 1, 0, 1, 0, 0]
92,19,3,[5, 6, 7, 8, 12, 15, 19, 31, 34, 58, 60, 112, 263, 265, 277, 289, 521, 535, 779],[1, 0, 1, 0, 0, 0, 1, 1, 0, 0, 0, 0, 1, 0, 1, 0, 1, 0, 0]
93,19,1,[5, 6, 7, 8, 12, 15, 19, 31, 34, 58, 60, 112, 263, 265, 277, 289, 521, 535, 779],[1, 0, 1, 0, 0, 0, 1, 1, 0, 0, 0, 0, 1, 0, 1, 0, 1, 0, 0]
94,19,4,[5, 6, 7, 8, 12, 15, 19, 31, 34, 58, 60, 112, 263, 265, 277, 289, 521, 535, 779],[1, 0, 1, 0, 0, 0, 1, 1, 0, 0, 0, 0, 1, 0, 1, 0, 1, 0, 0]
95,19,3,[5, 6, 7, 8, 12, 15, 19, 31, 34, 58, 60, 112, 263, 265, 277, 289, 521, 535, 779],[1, 0, 1, 0, 0, 0, 1, 1, 0, 0, 0, 0, 1, 0, 1, 0, 1, 0, 0]
96,19,7,[5, 6, 7, 8, 12, 15, 19, 31, 34, 58, 60, 112, 263, 265, 277, 289, 521, 535, 779],[1, 0, 1, 0, 0, 0, 1, 1, 0, 0, 0, 0, 1, 0, 1, 0, 1, 0, 0]
97,19,8,[5, 6, 7, 8, 12, 15, 19, 31, 34, 58, 60, 112, 263, 265, 277, 289, 521, 535, 779],[1, 0, 1, 0, 0, 0, 1, 1, 0, 0, 0, 0, 1, 0, 1, 0, 1, 0, 0]
98,19,2,[5, 6, 7, 8, 12, 15, 19, 31, 34, 58, 60, 112, 263, 265, 277, 289, 521, 535, 779],[1, 0, 1, 0, 0, 0, 1, 1, 0, 0, 0, 0, 1, 0, 1, 0, 1, 0, 0]
99,19,5,[5, 6, 7, 8, 12, 15, 19, 31, 34, 58, 60, 112, 263, 265, 277, 289, 521, 535, 779],[1, 0, 1, 0, 0, 0, 1, 1, 0, 0, 0, 0, 1, 0, 1, 0, 1, 0, 0]
100,19,3,[5, 6, 7, 8, 12, 15, 19, 31, 34, 58, 60, 112, 263, 265, 277, 289, 521, 535, 779],[1, 0, 1, 0, 0, 0, 1, 1, 0, 0, 0, 0, 1, 0, 1, 0, 1, 0, 0]
