1  1  [1]
2  9  [34, 19, 188, 51, 20, 9, 6, 5, 174]
3  9  [9, 6, 5, 174, 34, 19, 188, 51, 20]
4  1  [4]
5  9  [51, 20, 9, 6, 5, 174, 34, 19, 188]
6  9  [188, 51, 20, 9, 6, 5, 174, 34, 19]
7  9  [20, 9, 6, 5, 174, 34, 19, 188, 51]
8  9  [19, 188, 51, 20, 9, 6, 5, 174, 34]
9  9  [19, 188, 51, 20, 9, 6, 5, 174, 34]
10  9  [51, 20, 9, 6, 5, 174, 34, 19, 188]
11  9  [5, 174, 34, 19, 188, 51, 20, 9, 6]
12  9  [51, 20, 9, 6, 5, 174, 34, 19, 188]
13  3  [22, 13, 182]
14  9  [34, 19, 188, 51, 20, 9, 6, 5, 174]
15  9  [34, 19, 188, 51, 20, 9, 6, 5, 174]
16  9  [34, 19, 188, 51, 20, 9, 6, 5, 174]
17  9  [34, 19, 188, 51, 20, 9, 6, 5, 174]
18  9  [34, 19, 188, 51, 20, 9, 6, 5, 174]
19  9  [6, 5, 174, 34, 19, 188, 51, 20, 9]
20  9  [34, 19, 188, 51, 20, 9, 6, 5, 174]
21  9  [188, 51, 20, 9, 6, 5, 174, 34, 19]
22  3  [182, 22, 13]
23  9  [5, 174, 34, 19, 188, 51, 20, 9, 6]
24  9  [34, 19, 188, 51, 20, 9, 6, 5, 174]
25  9  [188, 51, 20, 9, 6, 5, 174, 34, 19]
26  9  [174, 34, 19, 188, 51, 20, 9, 6, 5]
27  9  [34, 19, 188, 51, 20, 9, 6, 5, 174]
28  9  [6, 5, 174, 34, 19, 188, 51, 20, 9]
29  9  [20, 9, 6, 5, 174, 34, 19, 188, 51]
30  9  [188, 51, 20, 9, 6, 5, 174, 34, 19]
31  9  [5, 174, 34, 19, 188, 51, 20, 9, 6]
32  9  [188, 51, 20, 9, 6, 5, 174, 34, 19]
33  9  [174, 34, 19, 188, 51, 20, 9, 6, 5]
34  9  [9, 6, 5, 174, 34, 19, 188, 51, 20]
35  9  [188, 51, 20, 9, 6, 5, 174, 34, 19]
36  9  [188, 51, 20, 9, 6, 5, 174, 34, 19]
37  9  [6, 5, 174, 34, 19, 188, 51, 20, 9]
38  9  [19, 188, 51, 20, 9, 6, 5, 174, 34]
39  9  [174, 34, 19, 188, 51, 20, 9, 6, 5]
40  9  [6, 5, 174, 34, 19, 188, 51, 20, 9]
41  9  [5, 174, 34, 19, 188, 51, 20, 9, 6]
42  9  [188, 51, 20, 9, 6, 5, 174, 34, 19]
43  3  [182, 22, 13]
44  9  [174, 34, 19, 188, 51, 20, 9, 6, 5]
45  9  [6, 5, 174, 34, 19, 188, 51, 20, 9]
46  9  [19, 188, 51, 20, 9, 6, 5, 174, 34]
47  9  [5, 174, 34, 19, 188, 51, 20, 9, 6]
48  9  [6, 5, 174, 34, 19, 188, 51, 20, 9]
49  9  [174, 34, 19, 188, 51, 20, 9, 6, 5]
50  9  [188, 51, 20, 9, 6, 5, 174, 34, 19]
51  9  [174, 34, 19, 188, 51, 20, 9, 6, 5]
52  9  [174, 34, 19, 188, 51, 20, 9, 6, 5]
53  9  [34, 19, 188, 51, 20, 9, 6, 5, 174]
54  9  [6, 5, 174, 34, 19, 188, 51, 20, 9]
55  9  [174, 34, 19, 188, 51, 20, 9, 6, 5]
56  3  [182, 22, 13]
57  3  [13, 182, 22]
58  9  [6, 5, 174, 34, 19, 188, 51, 20, 9]
59  9  [6, 5, 174, 34, 19, 188, 51, 20, 9]
60  9  [188, 51, 20, 9, 6, 5, 174, 34, 19]
61  9  [34, 19, 188, 51, 20, 9, 6, 5, 174]
62  9  [5, 174, 34, 19, 188, 51, 20, 9, 6]
63  3  [182, 22, 13]
64  9  [188, 51, 20, 9, 6, 5, 174, 34, 19]
65  9  [174, 34, 19, 188, 51, 20, 9, 6, 5]
66  9  [174, 34, 19, 188, 51, 20, 9, 6, 5]
67  3  [22, 13, 182]
68  9  [19, 188, 51, 20, 9, 6, 5, 174, 34]
69  9  [5, 174, 34, 19, 188, 51, 20, 9, 6]
70  9  [174, 34, 19, 188, 51, 20, 9, 6, 5]
71  9  [5, 174, 34, 19, 188, 51, 20, 9, 6]
72  9  [188, 51, 20, 9, 6, 5, 174, 34, 19]
73  9  [5, 174, 34, 19, 188, 51, 20, 9, 6]
74  9  [5, 174, 34, 19, 188, 51, 20, 9, 6]
75  3  [182, 22, 13]
76  9  [6, 5, 174, 34, 19, 188, 51, 20, 9]
77  9  [174, 34, 19, 188, 51, 20, 9, 6, 5]
78  9  [174, 34, 19, 188, 51, 20, 9, 6, 5]
79  9  [20, 9, 6, 5, 174, 34, 19, 188, 51]
80  3  [182, 22, 13]
81  9  [188, 51, 20, 9, 6, 5, 174, 34, 19]
82  3  [13, 182, 22]
83  9  [5, 174, 34, 19, 188, 51, 20, 9, 6]
84  9  [174, 34, 19, 188, 51, 20, 9, 6, 5]
85  3  [13, 182, 22]
86  9  [9, 6, 5, 174, 34, 19, 188, 51, 20]
87  9  [19, 188, 51, 20, 9, 6, 5, 174, 34]
88  9  [174, 34, 19, 188, 51, 20, 9, 6, 5]
89  9  [20, 9, 6, 5, 174, 34, 19, 188, 51]
90  3  [182, 22, 13]
91  9  [174, 34, 19, 188, 51, 20, 9, 6, 5]
92  9  [174, 34, 19, 188, 51, 20, 9, 6, 5]
93  9  [20, 9, 6, 5, 174, 34, 19, 188, 51]
94  9  [5, 174, 34, 19, 188, 51, 20, 9, 6]
95  9  [174, 34, 19, 188, 51, 20, 9, 6, 5]
96  3  [182, 22, 13]
97  9  [20, 9, 6, 5, 174, 34, 19, 188, 51]
98  9  [174, 34, 19, 188, 51, 20, 9, 6, 5]
99  9  [174, 34, 19, 188, 51, 20, 9, 6, 5]
100  9  [174, 34, 19, 188, 51, 20, 9, 6, 5]
101  9  [5, 174, 34, 19, 188, 51, 20, 9, 6]
102  3  [13, 182, 22]
103  9  [34, 19, 188, 51, 20, 9, 6, 5, 174]
104  9  [9, 6, 5, 174, 34, 19, 188, 51, 20]
