1,1,0,[1]
2,5,6,[8, 6, 5, 378, 18]
3,11,15,[396, 21, 10, 7, 380, 28, 11, 384, 17, 390, 23]
4,1,0,[4]
5,5,4,[378, 18, 8, 6, 5]
6,5,4,[5, 378, 18, 8, 6]
7,11,10,[380, 28, 11, 384, 17, 390, 23, 396, 21, 10, 7]
8,5,4,[6, 5, 378, 18, 8]
9,5,5,[5, 378, 18, 8, 6]
10,11,10,[7, 380, 28, 11, 384, 17, 390, 23, 396, 21, 10]
11,11,10,[384, 17, 390, 23, 396, 21, 10, 7, 380, 28, 11]
12,11,11,[380, 28, 11, 384, 17, 390, 23, 396, 21, 10, 7]
13,11,13,[10, 7, 380, 28, 11, 384, 17, 390, 23, 396, 21]
14,5,6,[5, 378, 18, 8, 6]
15,5,5,[6, 5, 378, 18, 8]
16,5,5,[6, 5, 378, 18, 8]
17,11,10,[390, 23, 396, 21, 10, 7, 380, 28, 11, 384, 17]
18,5,4,[8, 6, 5, 378, 18]
19,5,8,[5, 378, 18, 8, 6]
20,5,6,[5, 378, 18, 8, 6]
21,11,10,[10, 7, 380, 28, 11, 384, 17, 390, 23, 396, 21]
22,11,14,[10, 7, 380, 28, 11, 384, 17, 390, 23, 396, 21]
23,11,10,[396, 21, 10, 7, 380, 28, 11, 384, 17, 390, 23]
24,5,6,[5, 378, 18, 8, 6]
25,11,11,[7, 380, 28, 11, 384, 17, 390, 23, 396, 21, 10]
26,5,6,[6, 5, 378, 18, 8]
27,5,6,[5, 378, 18, 8, 6]
28,11,10,[11, 384, 17, 390, 23, 396, 21, 10, 7, 380, 28]
29,11,14,[380, 28, 11, 384, 17, 390, 23, 396, 21, 10, 7]
30,11,11,[7, 380, 28, 11, 384, 17, 390, 23, 396, 21, 10]
31,5,8,[6, 5, 378, 18, 8]
32,11,11,[7, 380, 28, 11, 384, 17, 390, 23, 396, 21, 10]
33,5,7,[5, 378, 18, 8, 6]
34,5,9,[5, 378, 18, 8, 6]
35,11,12,[380, 28, 11, 384, 17, 390, 23, 396, 21, 10, 7]
36,11,11,[7, 380, 28, 11, 384, 17, 390, 23, 396, 21, 10]
37,11,13,[384, 17, 390, 23, 396, 21, 10, 7, 380, 28, 11]
38,11,11,[10, 7, 380, 28, 11, 384, 17, 390, 23, 396, 21]
39,5,6,[6, 5, 378, 18, 8]
40,11,11,[384, 17, 390, 23, 396, 21, 10, 7, 380, 28, 11]
41,5,10,[6, 5, 378, 18, 8]
42,11,12,[380, 28, 11, 384, 17, 390, 23, 396, 21, 10, 7]
43,11,12,[396, 21, 10, 7, 380, 28, 11, 384, 17, 390, 23]
44,5,6,[6, 5, 378, 18, 8]
45,11,11,[384, 17, 390, 23, 396, 21, 10, 7, 380, 28, 11]
46,11,12,[7, 380, 28, 11, 384, 17, 390, 23, 396, 21, 10]
47,5,10,[5, 378, 18, 8, 6]
48,11,11,[384, 17, 390, 23, 396, 21, 10, 7, 380, 28, 11]
49,5,7,[5, 378, 18, 8, 6]
50,11,12,[380, 28, 11, 384, 17, 390, 23, 396, 21, 10, 7]
51,5,7,[5, 378, 18, 8, 6]
52,11,11,[390, 23, 396, 21, 10, 7, 380, 28, 11, 384, 17]
53,11,13,[396, 21, 10, 7, 380, 28, 11, 384, 17, 390, 23]
54,11,11,[384, 17, 390, 23, 396, 21, 10, 7, 380, 28, 11]
55,5,6,[6, 5, 378, 18, 8]
56,11,14,[10, 7, 380, 28, 11, 384, 17, 390, 23, 396, 21]
57,11,15,[10, 7, 380, 28, 11, 384, 17, 390, 23, 396, 21]
58,5,9,[6, 5, 378, 18, 8]
59,11,12,[390, 23, 396, 21, 10, 7, 380, 28, 11, 384, 17]
60,11,12,[380, 28, 11, 384, 17, 390, 23, 396, 21, 10, 7]
61,11,13,[384, 17, 390, 23, 396, 21, 10, 7, 380, 28, 11]
62,5,8,[5, 378, 18, 8, 6]
63,11,14,[10, 7, 380, 28, 11, 384, 17, 390, 23, 396, 21]
64,11,12,[380, 28, 11, 384, 17, 390, 23, 396, 21, 10, 7]
65,5,5,[8, 6, 5, 378, 18]
66,5,6,[6, 5, 378, 18, 8]
67,11,16,[10, 7, 380, 28, 11, 384, 17, 390, 23, 396, 21]
68,11,11,[10, 7, 380, 28, 11, 384, 17, 390, 23, 396, 21]
69,5,7,[6, 5, 378, 18, 8]
70,5,7,[5, 378, 18, 8, 6]
71,5,8,[6, 5, 378, 18, 8]
72,11,12,[380, 28, 11, 384, 17, 390, 23, 396, 21, 10, 7]
73,5,8,[6, 5, 378, 18, 8]
74,5,7,[6, 5, 378, 18, 8]
75,11,14,[10, 7, 380, 28, 11, 384, 17, 390, 23, 396, 21]
76,11,11,[396, 21, 10, 7, 380, 28, 11, 384, 17, 390, 23]
77,5,5,[8, 6, 5, 378, 18]
78,5,5,[8, 6, 5, 378, 18]
79,5,11,[5, 378, 18, 8, 6]
80,11,14,[10, 7, 380, 28, 11, 384, 17, 390, 23, 396, 21]
81,11,12,[380, 28, 11, 384, 17, 390, 23, 396, 21, 10, 7]
82,11,13,[396, 21, 10, 7, 380, 28, 11, 384, 17, 390, 23]
83,11,12,[11, 384, 17, 390, 23, 396, 21, 10, 7, 380, 28]
84,5,7,[5, 378, 18, 8, 6]
85,11,15,[10, 7, 380, 28, 11, 384, 17, 390, 23, 396, 21]
86,11,12,[384, 17, 390, 23, 396, 21, 10, 7, 380, 28, 11]
87,11,12,[7, 380, 28, 11, 384, 17, 390, 23, 396, 21, 10]
88,11,11,[390, 23, 396, 21, 10, 7, 380, 28, 11, 384, 17]
89,11,12,[396, 21, 10, 7, 380, 28, 11, 384, 17, 390, 23]
90,11,14,[10, 7, 380, 28, 11, 384, 17, 390, 23, 396, 21]
91,5,7,[5, 378, 18, 8, 6]
92,5,7,[5, 378, 18, 8, 6]
93,5,10,[5, 378, 18, 8, 6]
94,5,8,[5, 378, 18, 8, 6]
95,5,7,[5, 378, 18, 8, 6]
96,11,14,[10, 7, 380, 28, 11, 384, 17, 390, 23, 396, 21]
97,11,13,[384, 17, 390, 23, 396, 21, 10, 7, 380, 28, 11]
98,5,6,[6, 5, 378, 18, 8]
99,11,11,[390, 23, 396, 21, 10, 7, 380, 28, 11, 384, 17]
100,5,7,[5, 378, 18, 8, 6]
101,5,9,[5, 378, 18, 8, 6]
102,11,15,[10, 7, 380, 28, 11, 384, 17, 390, 23, 396, 21]
103,11,12,[11, 384, 17, 390, 23, 396, 21, 10, 7, 380, 28]
104,5,9,[5, 378, 18, 8, 6]
105,5,6,[6, 5, 378, 18, 8]
106,5,7,[6, 5, 378, 18, 8]
107,5,6,[8, 6, 5, 378, 18]
108,11,14,[10, 7, 380, 28, 11, 384, 17, 390, 23, 396, 21]
109,5,8,[6, 5, 378, 18, 8]
110,5,5,[8, 6, 5, 378, 18]
111,11,12,[384, 17, 390, 23, 396, 21, 10, 7, 380, 28, 11]
112,5,6,[6, 5, 378, 18, 8]
113,11,12,[390, 23, 396, 21, 10, 7, 380, 28, 11, 384, 17]
114,5,7,[5, 378, 18, 8, 6]
115,11,11,[11, 384, 17, 390, 23, 396, 21, 10, 7, 380, 28]
116,5,8,[5, 378, 18, 8, 6]
117,5,9,[5, 378, 18, 8, 6]
118,11,14,[384, 17, 390, 23, 396, 21, 10, 7, 380, 28, 11]
119,5,7,[5, 378, 18, 8, 6]
120,5,7,[5, 378, 18, 8, 6]
121,11,15,[10, 7, 380, 28, 11, 384, 17, 390, 23, 396, 21]
122,11,15,[10, 7, 380, 28, 11, 384, 17, 390, 23, 396, 21]
123,5,7,[6, 5, 378, 18, 8]
124,11,13,[380, 28, 11, 384, 17, 390, 23, 396, 21, 10, 7]
125,5,6,[6, 5, 378, 18, 8]
126,5,6,[6, 5, 378, 18, 8]
127,5,10,[5, 378, 18, 8, 6]
128,5,7,[5, 378, 18, 8, 6]
129,11,13,[7, 380, 28, 11, 384, 17, 390, 23, 396, 21, 10]
130,5,7,[5, 378, 18, 8, 6]
131,5,10,[5, 378, 18, 8, 6]
132,5,5,[8, 6, 5, 378, 18]
133,5,7,[6, 5, 378, 18, 8]
134,5,8,[6, 5, 378, 18, 8]
135,5,7,[5, 378, 18, 8, 6]
136,11,11,[396, 21, 10, 7, 380, 28, 11, 384, 17, 390, 23]
137,5,8,[5, 378, 18, 8, 6]
138,11,11,[11, 384, 17, 390, 23, 396, 21, 10, 7, 380, 28]
139,5,6,[8, 6, 5, 378, 18]
140,5,6,[6, 5, 378, 18, 8]
141,11,13,[380, 28, 11, 384, 17, 390, 23, 396, 21, 10, 7]
142,5,9,[6, 5, 378, 18, 8]
143,5,7,[5, 378, 18, 8, 6]
144,5,7,[5, 378, 18, 8, 6]
145,5,10,[5, 378, 18, 8, 6]
146,11,15,[10, 7, 380, 28, 11, 384, 17, 390, 23, 396, 21]
147,11,11,[390, 23, 396, 21, 10, 7, 380, 28, 11, 384, 17]
148,5,11,[6, 5, 378, 18, 8]
149,11,15,[384, 17, 390, 23, 396, 21, 10, 7, 380, 28, 11]
150,5,6,[6, 5, 378, 18, 8]
151,5,9,[5, 378, 18, 8, 6]
152,11,12,[7, 380, 28, 11, 384, 17, 390, 23, 396, 21, 10]
153,11,11,[396, 21, 10, 7, 380, 28, 11, 384, 17, 390, 23]
154,5,7,[5, 378, 18, 8, 6]
155,11,12,[7, 380, 28, 11, 384, 17, 390, 23, 396, 21, 10]
156,5,7,[5, 378, 18, 8, 6]
157,11,14,[380, 28, 11, 384, 17, 390, 23, 396, 21, 10, 7]
158,11,13,[380, 28, 11, 384, 17, 390, 23, 396, 21, 10, 7]
159,11,15,[10, 7, 380, 28, 11, 384, 17, 390, 23, 396, 21]
160,5,6,[6, 5, 378, 18, 8]
161,11,12,[7, 380, 28, 11, 384, 17, 390, 23, 396, 21, 10]
162,5,7,[5, 378, 18, 8, 6]
163,5,10,[6, 5, 378, 18, 8]
164,11,12,[384, 17, 390, 23, 396, 21, 10, 7, 380, 28, 11]
165,5,9,[5, 378, 18, 8, 6]
166,11,16,[10, 7, 380, 28, 11, 384, 17, 390, 23, 396, 21]
167,5,6,[8, 6, 5, 378, 18]
168,5,6,[6, 5, 378, 18, 8]
169,5,7,[6, 5, 378, 18, 8]
170,5,7,[5, 378, 18, 8, 6]
171,11,12,[7, 380, 28, 11, 384, 17, 390, 23, 396, 21, 10]
172,5,11,[5, 378, 18, 8, 6]
173,11,13,[7, 380, 28, 11, 384, 17, 390, 23, 396, 21, 10]
174,5,10,[5, 378, 18, 8, 6]
175,11,11,[390, 23, 396, 21, 10, 7, 380, 28, 11, 384, 17]
176,5,9,[5, 378, 18, 8, 6]
177,5,9,[5, 378, 18, 8, 6]
178,5,8,[5, 378, 18, 8, 6]
179,11,13,[7, 380, 28, 11, 384, 17, 390, 23, 396, 21, 10]
180,5,6,[6, 5, 378, 18, 8]
181,11,16,[384, 17, 390, 23, 396, 21, 10, 7, 380, 28, 11]
182,11,15,[10, 7, 380, 28, 11, 384, 17, 390, 23, 396, 21]
183,11,13,[380, 28, 11, 384, 17, 390, 23, 396, 21, 10, 7]
184,11,15,[380, 28, 11, 384, 17, 390, 23, 396, 21, 10, 7]
185,11,13,[380, 28, 11, 384, 17, 390, 23, 396, 21, 10, 7]
186,11,12,[7, 380, 28, 11, 384, 17, 390, 23, 396, 21, 10]
187,11,11,[11, 384, 17, 390, 23, 396, 21, 10, 7, 380, 28]
188,5,8,[5, 378, 18, 8, 6]
189,5,6,[6, 5, 378, 18, 8]
190,5,7,[6, 5, 378, 18, 8]
191,11,13,[384, 17, 390, 23, 396, 21, 10, 7, 380, 28, 11]
192,5,6,[6, 5, 378, 18, 8]
193,5,9,[5, 378, 18, 8, 6]
194,11,12,[390, 23, 396, 21, 10, 7, 380, 28, 11, 384, 17]
195,11,11,[10, 7, 380, 28, 11, 384, 17, 390, 23, 396, 21]
196,5,5,[8, 6, 5, 378, 18]
197,11,16,[380, 28, 11, 384, 17, 390, 23, 396, 21, 10, 7]
198,5,9,[5, 378, 18, 8, 6]
199,11,12,[11, 384, 17, 390, 23, 396, 21, 10, 7, 380, 28]
200,5,6,[6, 5, 378, 18, 8]
