1,1,0,[1]
2,8,11,[5, 273, 23, 291, 100, 14, 9, 6]
3,4,7,[7, 275, 21, 10]
4,1,0,[4]
5,8,7,[273, 23, 291, 100, 14, 9, 6, 5]
6,8,7,[5, 273, 23, 291, 100, 14, 9, 6]
7,4,3,[275, 21, 10, 7]
8,8,8,[5, 273, 23, 291, 100, 14, 9, 6]
9,8,7,[6, 5, 273, 23, 291, 100, 14, 9]
10,4,3,[7, 275, 21, 10]
11,8,14,[5, 273, 23, 291, 100, 14, 9, 6]
12,4,4,[275, 21, 10, 7]
13,4,10,[275, 21, 10, 7]
14,8,7,[9, 6, 5, 273, 23, 291, 100, 14]
15,8,9,[5, 273, 23, 291, 100, 14, 9, 6]
16,8,9,[5, 273, 23, 291, 100, 14, 9, 6]
17,8,10,[6, 5, 273, 23, 291, 100, 14, 9]
18,8,9,[5, 273, 23, 291, 100, 14, 9, 6]
19,8,17,[5, 273, 23, 291, 100, 14, 9, 6]
20,8,8,[6, 5, 273, 23, 291, 100, 14, 9]
21,4,3,[10, 7, 275, 21]
22,4,11,[275, 21, 10, 7]
23,8,7,[291, 100, 14, 9, 6, 5, 273, 23]
24,8,8,[6, 5, 273, 23, 291, 100, 14, 9]
25,4,4,[7, 275, 21, 10]
26,8,10,[5, 273, 23, 291, 100, 14, 9, 6]
27,8,8,[6, 5, 273, 23, 291, 100, 14, 9]
28,8,15,[5, 273, 23, 291, 100, 14, 9, 6]
29,8,10,[6, 5, 273, 23, 291, 100, 14, 9]
30,4,4,[7, 275, 21, 10]
31,4,6,[7, 275, 21, 10]
32,4,4,[7, 275, 21, 10]
33,8,8,[9, 6, 5, 273, 23, 291, 100, 14]
34,8,18,[5, 273, 23, 291, 100, 14, 9, 6]
35,4,5,[275, 21, 10, 7]
36,4,4,[7, 275, 21, 10]
37,8,12,[5, 273, 23, 291, 100, 14, 9, 6]
38,4,4,[10, 7, 275, 21]
39,8,10,[5, 273, 23, 291, 100, 14, 9, 6]
40,8,15,[5, 273, 23, 291, 100, 14, 9, 6]
41,8,13,[5, 273, 23, 291, 100, 14, 9, 6]
42,4,5,[275, 21, 10, 7]
43,8,13,[5, 273, 23, 291, 100, 14, 9, 6]
44,8,10,[5, 273, 23, 291, 100, 14, 9, 6]
45,8,15,[5, 273, 23, 291, 100, 14, 9, 6]
46,4,5,[7, 275, 21, 10]
47,8,11,[5, 273, 23, 291, 100, 14, 9, 6]
48,8,15,[5, 273, 23, 291, 100, 14, 9, 6]
49,8,8,[9, 6, 5, 273, 23, 291, 100, 14]
50,4,5,[275, 21, 10, 7]
51,8,9,[6, 5, 273, 23, 291, 100, 14, 9]
52,8,11,[6, 5, 273, 23, 291, 100, 14, 9]
53,8,12,[5, 273, 23, 291, 100, 14, 9, 6]
54,8,15,[5, 273, 23, 291, 100, 14, 9, 6]
55,8,10,[5, 273, 23, 291, 100, 14, 9, 6]
56,4,11,[275, 21, 10, 7]
57,4,12,[275, 21, 10, 7]
58,4,7,[7, 275, 21, 10]
59,8,12,[5, 273, 23, 291, 100, 14, 9, 6]
60,4,5,[275, 21, 10, 7]
61,8,17,[5, 273, 23, 291, 100, 14, 9, 6]
62,8,9,[9, 6, 5, 273, 23, 291, 100, 14]
63,4,11,[275, 21, 10, 7]
64,4,5,[275, 21, 10, 7]
65,8,10,[5, 273, 23, 291, 100, 14, 9, 6]
66,8,10,[5, 273, 23, 291, 100, 14, 9, 6]
67,4,7,[275, 21, 10, 7]
68,4,4,[10, 7, 275, 21]
69,8,11,[5, 273, 23, 291, 100, 14, 9, 6]
70,8,8,[9, 6, 5, 273, 23, 291, 100, 14]
71,8,11,[9, 6, 5, 273, 23, 291, 100, 14]
72,4,5,[275, 21, 10, 7]
73,4,7,[275, 21, 10, 7]
74,8,11,[5, 273, 23, 291, 100, 14, 9, 6]
75,4,11,[275, 21, 10, 7]
76,8,8,[291, 100, 14, 9, 6, 5, 273, 23]
77,8,10,[5, 273, 23, 291, 100, 14, 9, 6]
78,8,10,[5, 273, 23, 291, 100, 14, 9, 6]
79,8,11,[9, 6, 5, 273, 23, 291, 100, 14]
80,4,11,[275, 21, 10, 7]
81,4,5,[275, 21, 10, 7]
82,8,14,[5, 273, 23, 291, 100, 14, 9, 6]
83,4,13,[275, 21, 10, 7]
84,8,8,[9, 6, 5, 273, 23, 291, 100, 14]
85,4,12,[275, 21, 10, 7]
86,8,16,[5, 273, 23, 291, 100, 14, 9, 6]
87,4,5,[7, 275, 21, 10]
88,8,11,[6, 5, 273, 23, 291, 100, 14, 9]
89,8,10,[6, 5, 273, 23, 291, 100, 14, 9]
90,4,11,[275, 21, 10, 7]
91,8,9,[6, 5, 273, 23, 291, 100, 14, 9]
92,8,9,[6, 5, 273, 23, 291, 100, 14, 9]
93,8,19,[5, 273, 23, 291, 100, 14, 9, 6]
94,8,9,[9, 6, 5, 273, 23, 291, 100, 14]
95,8,9,[6, 5, 273, 23, 291, 100, 14, 9]
96,4,11,[275, 21, 10, 7]
97,8,12,[5, 273, 23, 291, 100, 14, 9, 6]
98,8,10,[5, 273, 23, 291, 100, 14, 9, 6]
99,8,11,[6, 5, 273, 23, 291, 100, 14, 9]
100,8,7,[14, 9, 6, 5, 273, 23, 291, 100]
101,8,13,[5, 273, 23, 291, 100, 14, 9, 6]
102,4,12,[275, 21, 10, 7]
103,4,7,[275, 21, 10, 7]
104,8,18,[5, 273, 23, 291, 100, 14, 9, 6]
105,8,10,[5, 273, 23, 291, 100, 14, 9, 6]
106,8,11,[5, 273, 23, 291, 100, 14, 9, 6]
107,8,11,[5, 273, 23, 291, 100, 14, 9, 6]
108,4,11,[275, 21, 10, 7]
109,4,7,[275, 21, 10, 7]
110,8,10,[5, 273, 23, 291, 100, 14, 9, 6]
111,8,16,[5, 273, 23, 291, 100, 14, 9, 6]
112,8,10,[5, 273, 23, 291, 100, 14, 9, 6]
113,8,11,[6, 5, 273, 23, 291, 100, 14, 9]
114,8,9,[6, 5, 273, 23, 291, 100, 14, 9]
115,8,16,[5, 273, 23, 291, 100, 14, 9, 6]
116,8,9,[9, 6, 5, 273, 23, 291, 100, 14]
117,8,18,[5, 273, 23, 291, 100, 14, 9, 6]
118,8,18,[5, 273, 23, 291, 100, 14, 9, 6]
119,8,9,[6, 5, 273, 23, 291, 100, 14, 9]
120,8,8,[9, 6, 5, 273, 23, 291, 100, 14]
121,4,12,[275, 21, 10, 7]
122,4,12,[275, 21, 10, 7]
123,8,11,[5, 273, 23, 291, 100, 14, 9, 6]
124,4,6,[275, 21, 10, 7]
125,8,10,[5, 273, 23, 291, 100, 14, 9, 6]
126,8,10,[5, 273, 23, 291, 100, 14, 9, 6]
127,8,10,[9, 6, 5, 273, 23, 291, 100, 14]
128,8,8,[9, 6, 5, 273, 23, 291, 100, 14]
129,4,6,[7, 275, 21, 10]
130,8,9,[6, 5, 273, 23, 291, 100, 14, 9]
131,8,12,[6, 5, 273, 23, 291, 100, 14, 9]
132,8,10,[5, 273, 23, 291, 100, 14, 9, 6]
133,8,11,[5, 273, 23, 291, 100, 14, 9, 6]
134,8,12,[5, 273, 23, 291, 100, 14, 9, 6]
135,8,8,[9, 6, 5, 273, 23, 291, 100, 14]
136,8,8,[291, 100, 14, 9, 6, 5, 273, 23]
137,8,12,[6, 5, 273, 23, 291, 100, 14, 9]
138,8,16,[5, 273, 23, 291, 100, 14, 9, 6]
139,8,17,[5, 273, 23, 291, 100, 14, 9, 6]
140,8,10,[5, 273, 23, 291, 100, 14, 9, 6]
141,4,6,[275, 21, 10, 7]
142,4,8,[275, 21, 10, 7]
143,8,9,[6, 5, 273, 23, 291, 100, 14, 9]
144,8,8,[9, 6, 5, 273, 23, 291, 100, 14]
145,8,19,[5, 273, 23, 291, 100, 14, 9, 6]
146,4,12,[275, 21, 10, 7]
147,8,11,[6, 5, 273, 23, 291, 100, 14, 9]
148,8,14,[5, 273, 23, 291, 100, 14, 9, 6]
149,4,10,[275, 21, 10, 7]
150,8,10,[5, 273, 23, 291, 100, 14, 9, 6]
151,4,9,[275, 21, 10, 7]
152,4,5,[7, 275, 21, 10]
153,8,8,[291, 100, 14, 9, 6, 5, 273, 23]
154,8,9,[6, 5, 273, 23, 291, 100, 14, 9]
155,4,5,[7, 275, 21, 10]
156,8,9,[6, 5, 273, 23, 291, 100, 14, 9]
157,8,10,[6, 5, 273, 23, 291, 100, 14, 9]
158,4,6,[275, 21, 10, 7]
159,4,12,[275, 21, 10, 7]
160,8,10,[5, 273, 23, 291, 100, 14, 9, 6]
161,4,5,[7, 275, 21, 10]
162,8,8,[9, 6, 5, 273, 23, 291, 100, 14]
163,4,15,[275, 21, 10, 7]
164,8,16,[5, 273, 23, 291, 100, 14, 9, 6]
165,8,18,[5, 273, 23, 291, 100, 14, 9, 6]
166,4,13,[275, 21, 10, 7]
167,8,14,[5, 273, 23, 291, 100, 14, 9, 6]
168,8,10,[5, 273, 23, 291, 100, 14, 9, 6]
169,8,11,[5, 273, 23, 291, 100, 14, 9, 6]
170,8,9,[6, 5, 273, 23, 291, 100, 14, 9]
171,4,5,[7, 275, 21, 10]
172,8,12,[5, 273, 23, 291, 100, 14, 9, 6]
173,8,10,[6, 5, 273, 23, 291, 100, 14, 9]
174,8,19,[5, 273, 23, 291, 100, 14, 9, 6]
175,8,11,[6, 5, 273, 23, 291, 100, 14, 9]
176,8,18,[5, 273, 23, 291, 100, 14, 9, 6]
177,8,10,[9, 6, 5, 273, 23, 291, 100, 14]
178,8,10,[6, 5, 273, 23, 291, 100, 14, 9]
179,4,7,[7, 275, 21, 10]
180,8,10,[5, 273, 23, 291, 100, 14, 9, 6]
181,8,12,[6, 5, 273, 23, 291, 100, 14, 9]
182,4,12,[275, 21, 10, 7]
183,4,6,[275, 21, 10, 7]
184,8,11,[6, 5, 273, 23, 291, 100, 14, 9]
185,4,6,[275, 21, 10, 7]
186,4,5,[7, 275, 21, 10]
187,8,16,[5, 273, 23, 291, 100, 14, 9, 6]
188,8,10,[6, 5, 273, 23, 291, 100, 14, 9]
189,8,10,[5, 273, 23, 291, 100, 14, 9, 6]
190,8,11,[5, 273, 23, 291, 100, 14, 9, 6]
191,8,12,[5, 273, 23, 291, 100, 14, 9, 6]
192,8,10,[5, 273, 23, 291, 100, 14, 9, 6]
193,8,12,[5, 273, 23, 291, 100, 14, 9, 6]
194,8,12,[6, 5, 273, 23, 291, 100, 14, 9]
195,4,4,[10, 7, 275, 21]
196,8,10,[5, 273, 23, 291, 100, 14, 9, 6]
197,8,12,[5, 273, 23, 291, 100, 14, 9, 6]
198,8,18,[5, 273, 23, 291, 100, 14, 9, 6]
199,4,14,[275, 21, 10, 7]
200,8,10,[5, 273, 23, 291, 100, 14, 9, 6]
