1,1,0,[1]
2,3,10,[498, 88, 17]
3,3,10,[498, 88, 17]
4,1,0,[4]
5,3,4,[498, 88, 17]
6,3,5,[498, 88, 17]
7,7,6,[488, 67, 548, 141, 50, 12, 7]
8,3,6,[498, 88, 17]
9,3,6,[498, 88, 17]
10,7,7,[488, 67, 548, 141, 50, 12, 7]
11,3,2,[492, 48, 11]
12,7,6,[7, 488, 67, 548, 141, 50, 12]
13,2,4,[500, 19]
14,3,7,[498, 88, 17]
15,3,7,[498, 88, 17]
16,3,7,[498, 88, 17]
17,3,2,[498, 88, 17]
18,3,7,[498, 88, 17]
19,2,1,[500, 19]
20,3,7,[498, 88, 17]
21,7,8,[488, 67, 548, 141, 50, 12, 7]
22,2,5,[500, 19]
23,2,3,[500, 19]
24,3,7,[498, 88, 17]
25,7,8,[488, 67, 548, 141, 50, 12, 7]
26,3,8,[498, 88, 17]
27,3,7,[498, 88, 17]
28,3,3,[492, 48, 11]
29,3,9,[498, 88, 17]
30,7,8,[488, 67, 548, 141, 50, 12, 7]
31,3,9,[498, 88, 17]
32,7,8,[488, 67, 548, 141, 50, 12, 7]
33,3,8,[498, 88, 17]
34,2,2,[500, 19]
35,7,7,[7, 488, 67, 548, 141, 50, 12]
36,7,8,[488, 67, 548, 141, 50, 12, 7]
37,7,11,[488, 67, 548, 141, 50, 12, 7]
38,7,9,[488, 67, 548, 141, 50, 12, 7]
39,3,8,[498, 88, 17]
40,3,3,[492, 48, 11]
41,7,13,[488, 67, 548, 141, 50, 12, 7]
42,7,7,[7, 488, 67, 548, 141, 50, 12]
43,3,10,[498, 88, 17]
44,3,8,[498, 88, 17]
45,3,3,[492, 48, 11]
46,7,9,[488, 67, 548, 141, 50, 12, 7]
47,2,7,[500, 19]
48,3,2,[11, 492, 48]
49,3,8,[498, 88, 17]
50,7,6,[12, 7, 488, 67, 548, 141, 50]
51,3,8,[498, 88, 17]
52,3,3,[498, 88, 17]
53,3,11,[498, 88, 17]
54,3,3,[492, 48, 11]
55,3,8,[498, 88, 17]
56,2,5,[500, 19]
57,2,6,[500, 19]
58,3,10,[498, 88, 17]
59,3,9,[498, 88, 17]
60,7,7,[7, 488, 67, 548, 141, 50, 12]
61,2,6,[500, 19]
62,3,9,[498, 88, 17]
63,2,5,[500, 19]
64,7,7,[7, 488, 67, 548, 141, 50, 12]
65,3,8,[498, 88, 17]
66,3,8,[498, 88, 17]
67,7,6,[548, 141, 50, 12, 7, 488, 67]
68,7,9,[488, 67, 548, 141, 50, 12, 7]
69,3,9,[498, 88, 17]
70,3,8,[498, 88, 17]
71,7,10,[488, 67, 548, 141, 50, 12, 7]
72,7,7,[7, 488, 67, 548, 141, 50, 12]
73,7,14,[488, 67, 548, 141, 50, 12, 7]
74,3,9,[498, 88, 17]
75,2,5,[500, 19]
76,2,4,[500, 19]
77,3,8,[498, 88, 17]
78,3,8,[498, 88, 17]
79,3,9,[498, 88, 17]
80,2,5,[500, 19]
81,7,7,[7, 488, 67, 548, 141, 50, 12]
82,3,11,[498, 88, 17]
83,3,5,[492, 48, 11]
84,3,8,[498, 88, 17]
85,2,6,[500, 19]
86,3,4,[492, 48, 11]
87,7,9,[488, 67, 548, 141, 50, 12, 7]
88,3,2,[17, 498, 88]
89,3,11,[498, 88, 17]
90,2,5,[500, 19]
91,3,8,[498, 88, 17]
92,3,8,[498, 88, 17]
93,2,3,[500, 19]
94,3,9,[498, 88, 17]
95,3,8,[498, 88, 17]
96,2,5,[500, 19]
97,7,10,[488, 67, 548, 141, 50, 12, 7]
98,3,8,[498, 88, 17]
99,3,3,[498, 88, 17]
100,3,8,[498, 88, 17]
101,2,8,[500, 19]
102,2,6,[500, 19]
103,3,11,[498, 88, 17]
104,2,2,[500, 19]
105,3,8,[498, 88, 17]
106,3,9,[498, 88, 17]
107,7,10,[488, 67, 548, 141, 50, 12, 7]
108,2,5,[500, 19]
109,3,10,[498, 88, 17]
110,3,8,[498, 88, 17]
111,3,4,[492, 48, 11]
112,3,8,[498, 88, 17]
113,2,7,[500, 19]
114,3,8,[498, 88, 17]
115,3,4,[492, 48, 11]
116,3,9,[498, 88, 17]
117,2,2,[500, 19]
118,2,7,[500, 19]
119,3,8,[498, 88, 17]
120,3,8,[498, 88, 17]
121,2,6,[500, 19]
122,2,6,[500, 19]
123,3,9,[498, 88, 17]
124,7,8,[7, 488, 67, 548, 141, 50, 12]
125,3,8,[498, 88, 17]
126,3,8,[498, 88, 17]
127,3,11,[498, 88, 17]
128,3,8,[498, 88, 17]
129,7,10,[488, 67, 548, 141, 50, 12, 7]
130,3,8,[498, 88, 17]
131,3,9,[498, 88, 17]
132,3,8,[498, 88, 17]
133,3,9,[498, 88, 17]
134,3,10,[498, 88, 17]
135,3,8,[498, 88, 17]
136,2,4,[500, 19]
137,2,7,[500, 19]
138,3,4,[492, 48, 11]
139,3,5,[492, 48, 11]
140,3,8,[498, 88, 17]
141,7,6,[50, 12, 7, 488, 67, 548, 141]
142,7,15,[488, 67, 548, 141, 50, 12, 7]
143,3,8,[498, 88, 17]
144,3,8,[498, 88, 17]
145,2,3,[500, 19]
146,2,6,[500, 19]
147,3,3,[498, 88, 17]
148,7,14,[488, 67, 548, 141, 50, 12, 7]
149,3,9,[498, 88, 17]
150,3,8,[498, 88, 17]
151,2,8,[500, 19]
152,7,9,[488, 67, 548, 141, 50, 12, 7]
153,2,4,[500, 19]
154,3,8,[498, 88, 17]
155,7,9,[488, 67, 548, 141, 50, 12, 7]
156,3,8,[498, 88, 17]
157,7,9,[7, 488, 67, 548, 141, 50, 12]
158,7,8,[7, 488, 67, 548, 141, 50, 12]
159,2,6,[500, 19]
160,3,8,[498, 88, 17]
161,7,9,[488, 67, 548, 141, 50, 12, 7]
162,3,8,[498, 88, 17]
163,2,4,[500, 19]
164,3,4,[492, 48, 11]
165,2,2,[500, 19]
166,2,7,[500, 19]
167,3,9,[498, 88, 17]
168,3,8,[498, 88, 17]
169,3,9,[498, 88, 17]
170,3,8,[498, 88, 17]
171,7,9,[488, 67, 548, 141, 50, 12, 7]
172,2,8,[500, 19]
173,3,10,[498, 88, 17]
174,2,3,[500, 19]
175,3,3,[498, 88, 17]
176,2,2,[500, 19]
177,3,10,[498, 88, 17]
178,3,9,[498, 88, 17]
179,2,5,[500, 19]
180,3,8,[498, 88, 17]
181,3,13,[498, 88, 17]
182,2,6,[500, 19]
183,7,8,[7, 488, 67, 548, 141, 50, 12]
184,3,10,[498, 88, 17]
185,7,8,[7, 488, 67, 548, 141, 50, 12]
186,7,9,[488, 67, 548, 141, 50, 12, 7]
187,3,4,[492, 48, 11]
188,3,9,[498, 88, 17]
189,3,8,[498, 88, 17]
190,3,9,[498, 88, 17]
191,3,9,[498, 88, 17]
192,3,8,[498, 88, 17]
193,3,12,[498, 88, 17]
194,3,4,[498, 88, 17]
195,7,9,[488, 67, 548, 141, 50, 12, 7]
196,3,8,[498, 88, 17]
197,2,9,[500, 19]
198,2,2,[500, 19]
199,3,5,[492, 48, 11]
200,3,8,[498, 88, 17]
