1,1,0,[1]
2,5,14,[6, 5, 130, 20, 9]
3,5,7,[6, 5, 130, 20, 9]
4,1,0,[4]
5,5,4,[130, 20, 9, 6, 5]
6,5,4,[5, 130, 20, 9, 6]
7,5,8,[5, 130, 20, 9, 6]
8,5,5,[5, 130, 20, 9, 6]
9,5,4,[6, 5, 130, 20, 9]
10,5,9,[5, 130, 20, 9, 6]
11,11,10,[136, 23, 148, 41, 166, 85, 22, 13, 138, 28, 11]
12,5,9,[5, 130, 20, 9, 6]
13,11,10,[138, 28, 11, 136, 23, 148, 41, 166, 85, 22, 13]
14,5,5,[6, 5, 130, 20, 9]
15,5,6,[5, 130, 20, 9, 6]
16,5,6,[5, 130, 20, 9, 6]
17,5,11,[6, 5, 130, 20, 9]
18,5,6,[5, 130, 20, 9, 6]
19,5,7,[6, 5, 130, 20, 9]
20,5,4,[9, 6, 5, 130, 20]
21,5,10,[5, 130, 20, 9, 6]
22,11,10,[13, 138, 28, 11, 136, 23, 148, 41, 166, 85, 22]
23,11,10,[148, 41, 166, 85, 22, 13, 138, 28, 11, 136, 23]
24,5,5,[6, 5, 130, 20, 9]
25,5,10,[5, 130, 20, 9, 6]
26,5,7,[5, 130, 20, 9, 6]
27,5,5,[6, 5, 130, 20, 9]
28,11,10,[11, 136, 23, 148, 41, 166, 85, 22, 13, 138, 28]
29,5,6,[9, 6, 5, 130, 20]
30,5,10,[5, 130, 20, 9, 6]
31,5,6,[9, 6, 5, 130, 20]
32,5,10,[5, 130, 20, 9, 6]
33,5,6,[6, 5, 130, 20, 9]
34,5,8,[6, 5, 130, 20, 9]
35,5,10,[5, 130, 20, 9, 6]
36,5,10,[5, 130, 20, 9, 6]
37,5,7,[6, 5, 130, 20, 9]
38,5,11,[5, 130, 20, 9, 6]
39,5,7,[5, 130, 20, 9, 6]
40,11,11,[136, 23, 148, 41, 166, 85, 22, 13, 138, 28, 11]
41,11,10,[166, 85, 22, 13, 138, 28, 11, 136, 23, 148, 41]
42,5,10,[5, 130, 20, 9, 6]
43,5,8,[5, 130, 20, 9, 6]
44,5,7,[5, 130, 20, 9, 6]
45,11,11,[136, 23, 148, 41, 166, 85, 22, 13, 138, 28, 11]
46,5,11,[5, 130, 20, 9, 6]
47,2,1,[172, 47]
48,11,11,[136, 23, 148, 41, 166, 85, 22, 13, 138, 28, 11]
49,5,6,[6, 5, 130, 20, 9]
50,5,10,[5, 130, 20, 9, 6]
51,5,5,[9, 6, 5, 130, 20]
52,5,12,[6, 5, 130, 20, 9]
53,5,7,[9, 6, 5, 130, 20]
54,11,11,[136, 23, 148, 41, 166, 85, 22, 13, 138, 28, 11]
55,5,7,[5, 130, 20, 9, 6]
56,11,11,[138, 28, 11, 136, 23, 148, 41, 166, 85, 22, 13]
57,11,11,[13, 138, 28, 11, 136, 23, 148, 41, 166, 85, 22]
58,5,7,[9, 6, 5, 130, 20]
59,5,8,[9, 6, 5, 130, 20]
60,5,10,[5, 130, 20, 9, 6]
61,5,12,[5, 130, 20, 9, 6]
62,5,7,[6, 5, 130, 20, 9]
63,11,11,[138, 28, 11, 136, 23, 148, 41, 166, 85, 22, 13]
64,5,10,[5, 130, 20, 9, 6]
65,5,7,[5, 130, 20, 9, 6]
66,5,7,[5, 130, 20, 9, 6]
67,5,8,[5, 130, 20, 9, 6]
68,5,11,[5, 130, 20, 9, 6]
69,5,8,[5, 130, 20, 9, 6]
70,5,6,[6, 5, 130, 20, 9]
71,5,8,[5, 130, 20, 9, 6]
72,5,10,[5, 130, 20, 9, 6]
73,5,9,[6, 5, 130, 20, 9]
74,5,8,[5, 130, 20, 9, 6]
75,11,11,[138, 28, 11, 136, 23, 148, 41, 166, 85, 22, 13]
76,11,11,[148, 41, 166, 85, 22, 13, 138, 28, 11, 136, 23]
77,5,7,[5, 130, 20, 9, 6]
78,5,7,[5, 130, 20, 9, 6]
79,5,7,[6, 5, 130, 20, 9]
80,11,11,[138, 28, 11, 136, 23, 148, 41, 166, 85, 22, 13]
81,5,10,[5, 130, 20, 9, 6]
82,5,9,[5, 130, 20, 9, 6]
83,5,12,[5, 130, 20, 9, 6]
84,5,6,[6, 5, 130, 20, 9]
85,11,10,[22, 13, 138, 28, 11, 136, 23, 148, 41, 166, 85]
86,11,12,[136, 23, 148, 41, 166, 85, 22, 13, 138, 28, 11]
87,5,11,[5, 130, 20, 9, 6]
88,5,12,[6, 5, 130, 20, 9]
89,5,14,[5, 130, 20, 9, 6]
90,11,11,[138, 28, 11, 136, 23, 148, 41, 166, 85, 22, 13]
91,5,5,[9, 6, 5, 130, 20]
92,5,6,[6, 5, 130, 20, 9]
93,5,9,[6, 5, 130, 20, 9]
94,5,7,[6, 5, 130, 20, 9]
95,5,6,[6, 5, 130, 20, 9]
96,11,11,[138, 28, 11, 136, 23, 148, 41, 166, 85, 22, 13]
97,5,12,[5, 130, 20, 9, 6]
98,5,7,[5, 130, 20, 9, 6]
99,5,12,[6, 5, 130, 20, 9]
100,5,6,[6, 5, 130, 20, 9]
101,11,13,[11, 136, 23, 148, 41, 166, 85, 22, 13, 138, 28]
102,11,11,[13, 138, 28, 11, 136, 23, 148, 41, 166, 85, 22]
103,5,9,[5, 130, 20, 9, 6]
104,5,8,[6, 5, 130, 20, 9]
105,5,7,[5, 130, 20, 9, 6]
106,5,8,[5, 130, 20, 9, 6]
107,5,12,[5, 130, 20, 9, 6]
108,11,11,[138, 28, 11, 136, 23, 148, 41, 166, 85, 22, 13]
109,5,12,[5, 130, 20, 9, 6]
110,5,7,[5, 130, 20, 9, 6]
111,11,12,[136, 23, 148, 41, 166, 85, 22, 13, 138, 28, 11]
112,5,7,[5, 130, 20, 9, 6]
113,5,9,[5, 130, 20, 9, 6]
114,5,6,[6, 5, 130, 20, 9]
115,11,11,[11, 136, 23, 148, 41, 166, 85, 22, 13, 138, 28]
116,5,7,[6, 5, 130, 20, 9]
117,5,8,[6, 5, 130, 20, 9]
118,5,13,[5, 130, 20, 9, 6]
119,5,6,[6, 5, 130, 20, 9]
120,5,6,[6, 5, 130, 20, 9]
121,11,11,[13, 138, 28, 11, 136, 23, 148, 41, 166, 85, 22]
122,11,12,[138, 28, 11, 136, 23, 148, 41, 166, 85, 22, 13]
123,5,8,[5, 130, 20, 9, 6]
124,5,11,[5, 130, 20, 9, 6]
125,5,7,[5, 130, 20, 9, 6]
126,5,7,[5, 130, 20, 9, 6]
127,5,13,[6, 5, 130, 20, 9]
128,5,6,[6, 5, 130, 20, 9]
129,5,12,[5, 130, 20, 9, 6]
130,5,4,[20, 9, 6, 5, 130]
131,5,8,[5, 130, 20, 9, 6]
132,5,7,[5, 130, 20, 9, 6]
133,5,8,[5, 130, 20, 9, 6]
134,5,9,[5, 130, 20, 9, 6]
135,5,6,[6, 5, 130, 20, 9]
136,11,10,[23, 148, 41, 166, 85, 22, 13, 138, 28, 11, 136]
137,5,10,[5, 130, 20, 9, 6]
138,11,10,[28, 11, 136, 23, 148, 41, 166, 85, 22, 13, 138]
139,5,6,[9, 6, 5, 130, 20]
140,5,7,[5, 130, 20, 9, 6]
141,5,11,[5, 130, 20, 9, 6]
142,5,10,[6, 5, 130, 20, 9]
143,5,6,[6, 5, 130, 20, 9]
144,5,6,[6, 5, 130, 20, 9]
145,5,9,[6, 5, 130, 20, 9]
146,11,12,[138, 28, 11, 136, 23, 148, 41, 166, 85, 22, 13]
147,5,12,[6, 5, 130, 20, 9]
148,11,10,[41, 166, 85, 22, 13, 138, 28, 11, 136, 23, 148]
149,5,8,[9, 6, 5, 130, 20]
150,5,7,[5, 130, 20, 9, 6]
151,5,12,[5, 130, 20, 9, 6]
152,5,11,[5, 130, 20, 9, 6]
153,11,11,[148, 41, 166, 85, 22, 13, 138, 28, 11, 136, 23]
154,5,5,[9, 6, 5, 130, 20]
155,5,11,[5, 130, 20, 9, 6]
156,5,5,[9, 6, 5, 130, 20]
157,5,14,[6, 5, 130, 20, 9]
158,5,11,[5, 130, 20, 9, 6]
159,11,12,[138, 28, 11, 136, 23, 148, 41, 166, 85, 22, 13]
160,5,7,[5, 130, 20, 9, 6]
161,5,11,[5, 130, 20, 9, 6]
162,5,6,[6, 5, 130, 20, 9]
163,5,8,[5, 130, 20, 9, 6]
164,11,12,[136, 23, 148, 41, 166, 85, 22, 13, 138, 28, 11]
165,5,8,[6, 5, 130, 20, 9]
166,11,10,[85, 22, 13, 138, 28, 11, 136, 23, 148, 41, 166]
167,5,9,[5, 130, 20, 9, 6]
168,5,7,[5, 130, 20, 9, 6]
169,5,8,[5, 130, 20, 9, 6]
170,5,6,[6, 5, 130, 20, 9]
171,5,11,[5, 130, 20, 9, 6]
172,2,1,[47, 172]
173,5,14,[5, 130, 20, 9, 6]
174,5,9,[6, 5, 130, 20, 9]
175,5,12,[6, 5, 130, 20, 9]
176,5,8,[6, 5, 130, 20, 9]
177,5,8,[6, 5, 130, 20, 9]
178,5,6,[9, 6, 5, 130, 20]
179,5,7,[6, 5, 130, 20, 9]
180,5,7,[5, 130, 20, 9, 6]
181,5,12,[5, 130, 20, 9, 6]
182,11,11,[13, 138, 28, 11, 136, 23, 148, 41, 166, 85, 22]
183,5,11,[5, 130, 20, 9, 6]
184,5,7,[9, 6, 5, 130, 20]
185,5,11,[5, 130, 20, 9, 6]
186,5,11,[5, 130, 20, 9, 6]
187,11,11,[11, 136, 23, 148, 41, 166, 85, 22, 13, 138, 28]
188,5,6,[9, 6, 5, 130, 20]
189,5,7,[5, 130, 20, 9, 6]
190,5,8,[5, 130, 20, 9, 6]
191,5,14,[5, 130, 20, 9, 6]
192,5,7,[5, 130, 20, 9, 6]
193,5,9,[9, 6, 5, 130, 20]
194,5,13,[6, 5, 130, 20, 9]
195,5,11,[5, 130, 20, 9, 6]
196,5,7,[5, 130, 20, 9, 6]
197,5,12,[5, 130, 20, 9, 6]
198,5,8,[6, 5, 130, 20, 9]
199,5,8,[5, 130, 20, 9, 6]
200,5,7,[5, 130, 20, 9, 6]
