1,1,0,[1]
2,6,8,[5, 19, 33, 14, 9, 6]
3,3,8,[7, 21, 10]
4,1,0,[4]
5,6,5,[19, 33, 14, 9, 6, 5]
6,6,5,[5, 19, 33, 14, 9, 6]
7,3,2,[21, 10, 7]
8,6,6,[5, 19, 33, 14, 9, 6]
9,6,5,[6, 5, 19, 33, 14, 9]
10,3,2,[7, 21, 10]
11,3,4,[7, 21, 10]
12,3,3,[21, 10, 7]
13,6,7,[6, 5, 19, 33, 14, 9]
14,6,5,[9, 6, 5, 19, 33, 14]
15,6,7,[5, 19, 33, 14, 9, 6]
16,6,7,[5, 19, 33, 14, 9, 6]
17,3,7,[7, 21, 10]
18,6,7,[5, 19, 33, 14, 9, 6]
19,6,5,[33, 14, 9, 6, 5, 19]
20,6,6,[6, 5, 19, 33, 14, 9]
21,3,2,[10, 7, 21]
22,6,8,[6, 5, 19, 33, 14, 9]
23,6,9,[6, 5, 19, 33, 14, 9]
24,6,6,[6, 5, 19, 33, 14, 9]
25,3,3,[7, 21, 10]
26,6,8,[5, 19, 33, 14, 9, 6]
27,6,6,[6, 5, 19, 33, 14, 9]
28,3,5,[7, 21, 10]
29,6,11,[6, 5, 19, 33, 14, 9]
30,3,3,[7, 21, 10]
31,3,6,[7, 21, 10]
32,3,3,[7, 21, 10]
33,6,5,[14, 9, 6, 5, 19, 33]
34,6,6,[33, 14, 9, 6, 5, 19]
35,3,4,[21, 10, 7]
36,3,3,[7, 21, 10]
37,6,8,[6, 5, 19, 33, 14, 9]
38,3,3,[10, 7, 21]
39,6,8,[5, 19, 33, 14, 9, 6]
40,3,5,[7, 21, 10]
41,6,9,[5, 19, 33, 14, 9, 6]
42,3,4,[21, 10, 7]
43,6,10,[6, 5, 19, 33, 14, 9]
44,6,8,[5, 19, 33, 14, 9, 6]
45,3,5,[7, 21, 10]
46,3,4,[7, 21, 10]
47,6,10,[6, 5, 19, 33, 14, 9]
48,3,5,[7, 21, 10]
49,6,6,[9, 6, 5, 19, 33, 14]
50,3,4,[21, 10, 7]
51,6,7,[6, 5, 19, 33, 14, 9]
52,3,8,[7, 21, 10]
53,3,6,[21, 10, 7]
54,3,5,[7, 21, 10]
55,6,8,[5, 19, 33, 14, 9, 6]
56,6,8,[6, 5, 19, 33, 14, 9]
57,6,9,[6, 5, 19, 33, 14, 9]
58,3,7,[7, 21, 10]
59,3,6,[7, 21, 10]
60,3,4,[21, 10, 7]
61,6,9,[6, 5, 19, 33, 14, 9]
62,6,6,[14, 9, 6, 5, 19, 33]
63,6,8,[6, 5, 19, 33, 14, 9]
64,3,4,[21, 10, 7]
65,6,8,[5, 19, 33, 14, 9, 6]
66,6,8,[5, 19, 33, 14, 9, 6]
67,3,5,[21, 10, 7]
68,3,3,[10, 7, 21]
69,6,9,[5, 19, 33, 14, 9, 6]
70,6,6,[9, 6, 5, 19, 33, 14]
71,6,10,[6, 5, 19, 33, 14, 9]
72,3,4,[21, 10, 7]
73,3,5,[7, 21, 10]
74,6,9,[5, 19, 33, 14, 9, 6]
75,6,8,[6, 5, 19, 33, 14, 9]
76,6,10,[6, 5, 19, 33, 14, 9]
77,6,8,[5, 19, 33, 14, 9, 6]
78,6,8,[5, 19, 33, 14, 9, 6]
79,6,8,[33, 14, 9, 6, 5, 19]
80,6,8,[6, 5, 19, 33, 14, 9]
81,3,4,[21, 10, 7]
82,6,11,[6, 5, 19, 33, 14, 9]
83,3,8,[7, 21, 10]
84,6,6,[9, 6, 5, 19, 33, 14]
85,6,9,[6, 5, 19, 33, 14, 9]
86,3,6,[7, 21, 10]
87,3,4,[7, 21, 10]
88,3,8,[7, 21, 10]
89,6,8,[33, 14, 9, 6, 5, 19]
90,6,8,[6, 5, 19, 33, 14, 9]
91,6,7,[6, 5, 19, 33, 14, 9]
92,6,7,[6, 5, 19, 33, 14, 9]
93,6,7,[33, 14, 9, 6, 5, 19]
94,6,7,[9, 6, 5, 19, 33, 14]
95,6,7,[6, 5, 19, 33, 14, 9]
96,6,8,[6, 5, 19, 33, 14, 9]
97,3,7,[7, 21, 10]
98,6,8,[5, 19, 33, 14, 9, 6]
99,3,8,[7, 21, 10]
100,6,6,[9, 6, 5, 19, 33, 14]
101,3,7,[7, 21, 10]
102,6,9,[6, 5, 19, 33, 14, 9]
103,6,7,[33, 14, 9, 6, 5, 19]
104,6,6,[33, 14, 9, 6, 5, 19]
105,6,8,[5, 19, 33, 14, 9, 6]
106,6,9,[5, 19, 33, 14, 9, 6]
107,6,10,[6, 5, 19, 33, 14, 9]
108,6,8,[6, 5, 19, 33, 14, 9]
109,6,10,[5, 19, 33, 14, 9, 6]
110,6,8,[5, 19, 33, 14, 9, 6]
111,3,6,[7, 21, 10]
112,6,8,[5, 19, 33, 14, 9, 6]
113,3,7,[21, 10, 7]
114,6,7,[6, 5, 19, 33, 14, 9]
115,3,6,[7, 21, 10]
116,6,6,[14, 9, 6, 5, 19, 33]
117,6,6,[33, 14, 9, 6, 5, 19]
118,6,10,[6, 5, 19, 33, 14, 9]
119,6,7,[6, 5, 19, 33, 14, 9]
120,6,6,[9, 6, 5, 19, 33, 14]
121,6,9,[6, 5, 19, 33, 14, 9]
122,6,9,[6, 5, 19, 33, 14, 9]
123,6,9,[5, 19, 33, 14, 9, 6]
124,3,5,[21, 10, 7]
125,6,8,[5, 19, 33, 14, 9, 6]
126,6,8,[5, 19, 33, 14, 9, 6]
127,3,6,[21, 10, 7]
128,6,6,[9, 6, 5, 19, 33, 14]
129,3,5,[7, 21, 10]
130,6,7,[6, 5, 19, 33, 14, 9]
131,6,8,[33, 14, 9, 6, 5, 19]
132,6,8,[5, 19, 33, 14, 9, 6]
133,6,9,[5, 19, 33, 14, 9, 6]
134,6,10,[5, 19, 33, 14, 9, 6]
135,6,6,[9, 6, 5, 19, 33, 14]
136,6,10,[6, 5, 19, 33, 14, 9]
137,6,8,[33, 14, 9, 6, 5, 19]
138,3,6,[7, 21, 10]
139,6,11,[6, 5, 19, 33, 14, 9]
140,6,8,[5, 19, 33, 14, 9, 6]
141,3,5,[21, 10, 7]
142,3,6,[7, 21, 10]
143,6,7,[6, 5, 19, 33, 14, 9]
144,6,6,[9, 6, 5, 19, 33, 14]
145,6,7,[33, 14, 9, 6, 5, 19]
146,6,9,[6, 5, 19, 33, 14, 9]
147,3,8,[7, 21, 10]
148,6,10,[5, 19, 33, 14, 9, 6]
149,6,9,[14, 9, 6, 5, 19, 33]
150,6,8,[5, 19, 33, 14, 9, 6]
151,6,7,[33, 14, 9, 6, 5, 19]
152,3,4,[7, 21, 10]
153,6,10,[6, 5, 19, 33, 14, 9]
154,6,7,[6, 5, 19, 33, 14, 9]
155,3,4,[7, 21, 10]
156,6,7,[6, 5, 19, 33, 14, 9]
157,3,5,[7, 21, 10]
158,3,5,[21, 10, 7]
159,6,9,[6, 5, 19, 33, 14, 9]
160,6,8,[5, 19, 33, 14, 9, 6]
161,3,4,[7, 21, 10]
162,6,6,[9, 6, 5, 19, 33, 14]
163,6,8,[14, 9, 6, 5, 19, 33]
164,3,6,[7, 21, 10]
165,6,6,[33, 14, 9, 6, 5, 19]
166,6,10,[6, 5, 19, 33, 14, 9]
167,3,5,[10, 7, 21]
168,6,8,[5, 19, 33, 14, 9, 6]
169,6,9,[5, 19, 33, 14, 9, 6]
170,6,7,[6, 5, 19, 33, 14, 9]
171,3,4,[7, 21, 10]
172,6,11,[6, 5, 19, 33, 14, 9]
173,3,7,[7, 21, 10]
174,6,7,[33, 14, 9, 6, 5, 19]
175,3,8,[7, 21, 10]
176,6,6,[33, 14, 9, 6, 5, 19]
177,6,7,[14, 9, 6, 5, 19, 33]
178,6,8,[6, 5, 19, 33, 14, 9]
179,6,14,[6, 5, 19, 33, 14, 9]
180,6,8,[5, 19, 33, 14, 9, 6]
181,3,4,[10, 7, 21]
182,6,9,[6, 5, 19, 33, 14, 9]
183,3,5,[21, 10, 7]
184,6,12,[6, 5, 19, 33, 14, 9]
185,3,5,[21, 10, 7]
186,3,4,[7, 21, 10]
187,3,6,[7, 21, 10]
188,6,8,[6, 5, 19, 33, 14, 9]
189,6,8,[5, 19, 33, 14, 9, 6]
190,6,9,[5, 19, 33, 14, 9, 6]
191,3,6,[7, 21, 10]
192,6,8,[5, 19, 33, 14, 9, 6]
193,6,13,[6, 5, 19, 33, 14, 9]
194,3,9,[7, 21, 10]
195,3,3,[10, 7, 21]
196,6,8,[5, 19, 33, 14, 9, 6]
197,6,10,[5, 19, 33, 14, 9, 6]
198,6,6,[33, 14, 9, 6, 5, 19]
199,6,11,[5, 19, 33, 14, 9, 6]
200,6,8,[5, 19, 33, 14, 9, 6]
