1  1  [1]
2  2  [11, 54]
3  3  [50, 12, 7]
4  1  [4]
5  2  [11, 54]
6  2  [54, 11]
7  3  [12, 7, 50]
8  2  [11, 54]
9  2  [11, 54]
10  3  [50, 12, 7]
11  2  [11, 54]
12  3  [50, 12, 7]
13  2  [13, 56]
14  2  [54, 11]
15  2  [54, 11]
16  2  [54, 11]
17  3  [12, 7, 50]
18  2  [54, 11]
19  2  [11, 54]
20  2  [54, 11]
21  3  [7, 50, 12]
22  2  [56, 13]
23  2  [54, 11]
24  2  [54, 11]
25  3  [7, 50, 12]
26  2  [11, 54]
27  2  [54, 11]
28  2  [54, 11]
29  3  [12, 7, 50]
30  3  [7, 50, 12]
31  2  [11, 54]
32  3  [7, 50, 12]
33  2  [11, 54]
34  2  [54, 11]
35  3  [7, 50, 12]
36  3  [7, 50, 12]
37  2  [13, 56]
38  3  [12, 7, 50]
39  2  [11, 54]
40  2  [54, 11]
41  2  [54, 11]
42  3  [7, 50, 12]
43  2  [54, 11]
44  2  [11, 54]
45  2  [54, 11]
46  3  [12, 7, 50]
47  2  [13, 56]
48  2  [54, 11]
49  2  [11, 54]
50  3  [7, 50, 12]
51  2  [11, 54]
52  3  [50, 12, 7]
53  2  [13, 56]
54  2  [54, 11]
55  2  [11, 54]
56  2  [56, 13]
57  2  [13, 56]
58  2  [54, 11]
59  2  [56, 13]
60  3  [7, 50, 12]
61  2  [11, 54]
62  2  [54, 11]
63  2  [56, 13]
64  3  [7, 50, 12]
65  2  [11, 54]
66  2  [11, 54]
67  2  [54, 11]
68  3  [12, 7, 50]
69  2  [54, 11]
70  2  [11, 54]
71  2  [54, 11]
72  3  [7, 50, 12]
73  2  [11, 54]
74  2  [54, 11]
75  2  [56, 13]
76  2  [11, 54]
77  2  [11, 54]
78  2  [11, 54]
79  2  [56, 13]
80  2  [56, 13]
81  3  [7, 50, 12]
82  2  [11, 54]
83  2  [54, 11]
84  2  [11, 54]
85  2  [13, 56]
86  2  [11, 54]
87  3  [12, 7, 50]
88  3  [50, 12, 7]
89  2  [54, 11]
90  2  [56, 13]
91  2  [11, 54]
92  2  [11, 54]
93  2  [11, 54]
94  2  [54, 11]
95  2  [11, 54]
96  2  [56, 13]
97  2  [54, 11]
98  2  [11, 54]
99  3  [50, 12, 7]
100  2  [11, 54]
101  2  [54, 11]
102  2  [13, 56]
103  2  [56, 13]
104  2  [54, 11]
