1  1  [1]
2  3  [8, 6, 5]
3  3  [5, 8, 6]
4  1  [4]
5  3  [6, 5, 8]
6  3  [8, 6, 5]
7  2  [7, 10]
8  3  [5, 8, 6]
9  3  [5, 8, 6]
10  2  [10, 7]
11  3  [8, 6, 5]
12  2  [10, 7]
13  3  [8, 6, 5]
14  3  [6, 5, 8]
15  3  [6, 5, 8]
16  3  [6, 5, 8]
17  3  [8, 6, 5]
18  3  [6, 5, 8]
19  3  [6, 5, 8]
20  3  [6, 5, 8]
21  2  [7, 10]
22  3  [5, 8, 6]
23  3  [5, 8, 6]
24  3  [6, 5, 8]
25  2  [7, 10]
26  3  [8, 6, 5]
27  3  [6, 5, 8]
28  3  [5, 8, 6]
29  2  [10, 7]
30  2  [7, 10]
31  3  [5, 8, 6]
32  2  [7, 10]
33  3  [8, 6, 5]
34  3  [8, 6, 5]
35  2  [7, 10]
36  2  [7, 10]
37  3  [6, 5, 8]
38  2  [10, 7]
39  3  [8, 6, 5]
40  3  [5, 8, 6]
41  3  [5, 8, 6]
42  2  [7, 10]
43  2  [7, 10]
44  3  [8, 6, 5]
45  3  [5, 8, 6]
46  2  [10, 7]
47  2  [10, 7]
48  3  [5, 8, 6]
49  3  [8, 6, 5]
50  2  [7, 10]
51  3  [8, 6, 5]
52  3  [5, 8, 6]
53  3  [6, 5, 8]
54  3  [5, 8, 6]
55  3  [8, 6, 5]
56  3  [5, 8, 6]
57  3  [6, 5, 8]
58  3  [6, 5, 8]
59  3  [6, 5, 8]
60  2  [7, 10]
61  2  [10, 7]
62  3  [5, 8, 6]
63  3  [5, 8, 6]
64  2  [7, 10]
65  3  [8, 6, 5]
66  3  [8, 6, 5]
67  3  [5, 8, 6]
68  2  [10, 7]
69  3  [5, 8, 6]
70  3  [8, 6, 5]
71  3  [6, 5, 8]
72  2  [7, 10]
73  3  [8, 6, 5]
74  3  [5, 8, 6]
75  3  [5, 8, 6]
76  3  [6, 5, 8]
77  3  [8, 6, 5]
78  3  [8, 6, 5]
79  2  [7, 10]
80  3  [5, 8, 6]
81  2  [7, 10]
82  2  [10, 7]
83  3  [8, 6, 5]
84  3  [8, 6, 5]
85  3  [6, 5, 8]
86  3  [6, 5, 8]
87  2  [10, 7]
88  3  [5, 8, 6]
89  3  [5, 8, 6]
90  3  [5, 8, 6]
91  3  [8, 6, 5]
92  3  [8, 6, 5]
93  3  [5, 8, 6]
94  3  [5, 8, 6]
95  3  [8, 6, 5]
96  3  [5, 8, 6]
97  3  [5, 8, 6]
98  3  [8, 6, 5]
99  3  [5, 8, 6]
100  3  [8, 6, 5]
101  3  [5, 8, 6]
102  3  [6, 5, 8]
103  3  [6, 5, 8]
104  3  [8, 6, 5]
