1  1  [1]
2  12  [6, 5, 67, 129, 46, 25, 10, 7, 69, 26, 15, 8]
3  12  [46, 25, 10, 7, 69, 26, 15, 8, 6, 5, 67, 129]
4  1  [4]
5  12  [26, 15, 8, 6, 5, 67, 129, 46, 25, 10, 7, 69]
6  12  [69, 26, 15, 8, 6, 5, 67, 129, 46, 25, 10, 7]
7  12  [129, 46, 25, 10, 7, 69, 26, 15, 8, 6, 5, 67]
8  12  [7, 69, 26, 15, 8, 6, 5, 67, 129, 46, 25, 10]
9  12  [7, 69, 26, 15, 8, 6, 5, 67, 129, 46, 25, 10]
10  12  [67, 129, 46, 25, 10, 7, 69, 26, 15, 8, 6, 5]
11  12  [129, 46, 25, 10, 7, 69, 26, 15, 8, 6, 5, 67]
12  12  [67, 129, 46, 25, 10, 7, 69, 26, 15, 8, 6, 5]
13  2  [13, 75]
14  12  [10, 7, 69, 26, 15, 8, 6, 5, 67, 129, 46, 25]
15  12  [10, 7, 69, 26, 15, 8, 6, 5, 67, 129, 46, 25]
16  12  [10, 7, 69, 26, 15, 8, 6, 5, 67, 129, 46, 25]
17  12  [15, 8, 6, 5, 67, 129, 46, 25, 10, 7, 69, 26]
18  12  [10, 7, 69, 26, 15, 8, 6, 5, 67, 129, 46, 25]
19  12  [6, 5, 67, 129, 46, 25, 10, 7, 69, 26, 15, 8]
20  12  [10, 7, 69, 26, 15, 8, 6, 5, 67, 129, 46, 25]
21  12  [5, 67, 129, 46, 25, 10, 7, 69, 26, 15, 8, 6]
22  2  [75, 13]
23  2  [75, 13]
24  12  [10, 7, 69, 26, 15, 8, 6, 5, 67, 129, 46, 25]
25  12  [5, 67, 129, 46, 25, 10, 7, 69, 26, 15, 8, 6]
26  12  [25, 10, 7, 69, 26, 15, 8, 6, 5, 67, 129, 46]
27  12  [10, 7, 69, 26, 15, 8, 6, 5, 67, 129, 46, 25]
28  12  [67, 129, 46, 25, 10, 7, 69, 26, 15, 8, 6, 5]
29  12  [46, 25, 10, 7, 69, 26, 15, 8, 6, 5, 67, 129]
30  12  [5, 67, 129, 46, 25, 10, 7, 69, 26, 15, 8, 6]
31  12  [26, 15, 8, 6, 5, 67, 129, 46, 25, 10, 7, 69]
32  12  [5, 67, 129, 46, 25, 10, 7, 69, 26, 15, 8, 6]
33  12  [25, 10, 7, 69, 26, 15, 8, 6, 5, 67, 129, 46]
34  12  [8, 6, 5, 67, 129, 46, 25, 10, 7, 69, 26, 15]
35  12  [5, 67, 129, 46, 25, 10, 7, 69, 26, 15, 8, 6]
36  12  [5, 67, 129, 46, 25, 10, 7, 69, 26, 15, 8, 6]
37  12  [69, 26, 15, 8, 6, 5, 67, 129, 46, 25, 10, 7]
38  12  [6, 5, 67, 129, 46, 25, 10, 7, 69, 26, 15, 8]
39  12  [25, 10, 7, 69, 26, 15, 8, 6, 5, 67, 129, 46]
40  12  [67, 129, 46, 25, 10, 7, 69, 26, 15, 8, 6, 5]
41  12  [26, 15, 8, 6, 5, 67, 129, 46, 25, 10, 7, 69]
42  12  [5, 67, 129, 46, 25, 10, 7, 69, 26, 15, 8, 6]
43  12  [46, 25, 10, 7, 69, 26, 15, 8, 6, 5, 67, 129]
44  12  [25, 10, 7, 69, 26, 15, 8, 6, 5, 67, 129, 46]
45  12  [67, 129, 46, 25, 10, 7, 69, 26, 15, 8, 6, 5]
46  12  [6, 5, 67, 129, 46, 25, 10, 7, 69, 26, 15, 8]
47  12  [15, 8, 6, 5, 67, 129, 46, 25, 10, 7, 69, 26]
48  12  [67, 129, 46, 25, 10, 7, 69, 26, 15, 8, 6, 5]
49  12  [25, 10, 7, 69, 26, 15, 8, 6, 5, 67, 129, 46]
50  12  [5, 67, 129, 46, 25, 10, 7, 69, 26, 15, 8, 6]
51  12  [25, 10, 7, 69, 26, 15, 8, 6, 5, 67, 129, 46]
52  12  [26, 15, 8, 6, 5, 67, 129, 46, 25, 10, 7, 69]
53  12  [6, 5, 67, 129, 46, 25, 10, 7, 69, 26, 15, 8]
54  12  [67, 129, 46, 25, 10, 7, 69, 26, 15, 8, 6, 5]
55  12  [25, 10, 7, 69, 26, 15, 8, 6, 5, 67, 129, 46]
56  2  [75, 13]
57  2  [13, 75]
58  12  [69, 26, 15, 8, 6, 5, 67, 129, 46, 25, 10, 7]
59  2  [75, 13]
60  12  [5, 67, 129, 46, 25, 10, 7, 69, 26, 15, 8, 6]
61  12  [129, 46, 25, 10, 7, 69, 26, 15, 8, 6, 5, 67]
62  12  [46, 25, 10, 7, 69, 26, 15, 8, 6, 5, 67, 129]
63  2  [75, 13]
64  12  [5, 67, 129, 46, 25, 10, 7, 69, 26, 15, 8, 6]
65  12  [25, 10, 7, 69, 26, 15, 8, 6, 5, 67, 129, 46]
66  12  [25, 10, 7, 69, 26, 15, 8, 6, 5, 67, 129, 46]
67  12  [15, 8, 6, 5, 67, 129, 46, 25, 10, 7, 69, 26]
68  12  [6, 5, 67, 129, 46, 25, 10, 7, 69, 26, 15, 8]
69  12  [46, 25, 10, 7, 69, 26, 15, 8, 6, 5, 67, 129]
70  12  [25, 10, 7, 69, 26, 15, 8, 6, 5, 67, 129, 46]
71  12  [129, 46, 25, 10, 7, 69, 26, 15, 8, 6, 5, 67]
72  12  [5, 67, 129, 46, 25, 10, 7, 69, 26, 15, 8, 6]
73  12  [46, 25, 10, 7, 69, 26, 15, 8, 6, 5, 67, 129]
74  12  [46, 25, 10, 7, 69, 26, 15, 8, 6, 5, 67, 129]
75  2  [75, 13]
76  2  [13, 75]
77  12  [25, 10, 7, 69, 26, 15, 8, 6, 5, 67, 129, 46]
78  12  [25, 10, 7, 69, 26, 15, 8, 6, 5, 67, 129, 46]
79  12  [8, 6, 5, 67, 129, 46, 25, 10, 7, 69, 26, 15]
80  2  [75, 13]
81  12  [5, 67, 129, 46, 25, 10, 7, 69, 26, 15, 8, 6]
82  12  [129, 46, 25, 10, 7, 69, 26, 15, 8, 6, 5, 67]
83  12  [26, 15, 8, 6, 5, 67, 129, 46, 25, 10, 7, 69]
84  12  [25, 10, 7, 69, 26, 15, 8, 6, 5, 67, 129, 46]
85  2  [13, 75]
86  12  [5, 67, 129, 46, 25, 10, 7, 69, 26, 15, 8, 6]
87  12  [6, 5, 67, 129, 46, 25, 10, 7, 69, 26, 15, 8]
88  12  [26, 15, 8, 6, 5, 67, 129, 46, 25, 10, 7, 69]
89  12  [5, 67, 129, 46, 25, 10, 7, 69, 26, 15, 8, 6]
90  2  [75, 13]
91  12  [25, 10, 7, 69, 26, 15, 8, 6, 5, 67, 129, 46]
92  12  [25, 10, 7, 69, 26, 15, 8, 6, 5, 67, 129, 46]
93  12  [15, 8, 6, 5, 67, 129, 46, 25, 10, 7, 69, 26]
94  12  [46, 25, 10, 7, 69, 26, 15, 8, 6, 5, 67, 129]
95  12  [25, 10, 7, 69, 26, 15, 8, 6, 5, 67, 129, 46]
96  2  [75, 13]
97  2  [75, 13]
98  12  [25, 10, 7, 69, 26, 15, 8, 6, 5, 67, 129, 46]
99  12  [26, 15, 8, 6, 5, 67, 129, 46, 25, 10, 7, 69]
100  12  [25, 10, 7, 69, 26, 15, 8, 6, 5, 67, 129, 46]
101  12  [129, 46, 25, 10, 7, 69, 26, 15, 8, 6, 5, 67]
102  2  [13, 75]
103  12  [15, 8, 6, 5, 67, 129, 46, 25, 10, 7, 69, 26]
104  12  [8, 6, 5, 67, 129, 46, 25, 10, 7, 69, 26, 15]
