1,1,0,[1],[0]
2,10,12,[29, 61, 118, 184, 678, 863, 895, 1697, 2531, 3365],[1, 1, 0, 0, 0, 1, 0, 1, 1, 0]
3,17,5,[5, 6, 7, 9, 10, 20, 25, 31, 46, 58, 91, 178, 246, 839, 841, 865, 1673],[1, 0, 1, 0, 0, 0, 0, 1, 0, 0, 0, 0, 0, 1, 0, 0, 0]
4,1,0,[4],[0]
5,17,0,[5, 6, 7, 9, 10, 20, 25, 31, 46, 58, 91, 178, 246, 839, 841, 865, 1673],[1, 0, 1, 0, 0, 0, 0, 1, 0, 0, 0, 0, 0, 1, 0, 0, 0]
6,17,0,[5, 6, 7, 9, 10, 20, 25, 31, 46, 58, 91, 178, 246, 839, 841, 865, 1673],[1, 0, 1, 0, 0, 0, 0, 1, 0, 0, 0, 0, 0, 1, 0, 0, 0]
7,17,0,[5, 6, 7, 9, 10, 20, 25, 31, 46, 58, 91, 178, 246, 839, 841, 865, 1673],[1, 0, 1, 0, 0, 0, 0, 1, 0, 0, 0, 0, 0, 1, 0, 0, 0]
8,17,1,[5, 6, 7, 9, 10, 20, 25, 31, 46, 58, 91, 178, 246, 839, 841, 865, 1673],[1, 0, 1, 0, 0, 0, 0, 1, 0, 0, 0, 0, 0, 1, 0, 0, 0]
9,17,0,[5, 6, 7, 9, 10, 20, 25, 31, 46, 58, 91, 178, 246, 839, 841, 865, 1673],[1, 0, 1, 0, 0, 0, 0, 1, 0, 0, 0, 0, 0, 1, 0, 0, 0]
10,17,0,[5, 6, 7, 9, 10, 20, 25, 31, 46, 58, 91, 178, 246, 839, 841, 865, 1673],[1, 0, 1, 0, 0, 0, 0, 1, 0, 0, 0, 0, 0, 1, 0, 0, 0]
11,17,2,[5, 6, 7, 9, 10, 20, 25, 31, 46, 58, 91, 178, 246, 839, 841, 865, 1673],[1, 0, 1, 0, 0, 0, 0, 1, 0, 0, 0, 0, 0, 1, 0, 0, 0]
12,17,1,[5, 6, 7, 9, 10, 20, 25, 31, 46, 58, 91, 178, 246, 839, 841, 865, 1673],[1, 0, 1, 0, 0, 0, 0, 1, 0, 0, 0, 0, 0, 1, 0, 0, 0]
13,10,2,[29, 61, 118, 184, 678, 863, 895, 1697, 2531, 3365],[1, 1, 0, 0, 0, 1, 0, 1, 1, 0]
14,17,1,[5, 6, 7, 9, 10, 20, 25, 31, 46, 58, 91, 178, 246, 839, 841, 865, 1673],[1, 0, 1, 0, 0, 0, 0, 1, 0, 0, 0, 0, 0, 1, 0, 0, 0]
15,17,2,[5, 6, 7, 9, 10, 20, 25, 31, 46, 58, 91, 178, 246, 839, 841, 865, 1673],[1, 0, 1, 0, 0, 0, 0, 1, 0, 0, 0, 0, 0, 1, 0, 0, 0]
16,17,2,[5, 6, 7, 9, 10, 20, 25, 31, 46, 58, 91, 178, 246, 839, 841, 865, 1673],[1, 0, 1, 0, 0, 0, 0, 1, 0, 0, 0, 0, 0, 1, 0, 0, 0]
17,17,4,[5, 6, 7, 9, 10, 20, 25, 31, 46, 58, 91, 178, 246, 839, 841, 865, 1673],[1, 0, 1, 0, 0, 0, 0, 1, 0, 0, 0, 0, 0, 1, 0, 0, 0]
18,17,2,[5, 6, 7, 9, 10, 20, 25, 31, 46, 58, 91, 178, 246, 839, 841, 865, 1673],[1, 0, 1, 0, 0, 0, 0, 1, 0, 0, 0, 0, 0, 1, 0, 0, 0]
19,10,9,[29, 61, 118, 184, 678, 863, 895, 1697, 2531, 3365],[1, 1, 0, 0, 0, 1, 0, 1, 1, 0]
20,17,0,[5, 6, 7, 9, 10, 20, 25, 31, 46, 58, 91, 178, 246, 839, 841, 865, 1673],[1, 0, 1, 0, 0, 0, 0, 1, 0, 0, 0, 0, 0, 1, 0, 0, 0]
21,17,1,[5, 6, 7, 9, 10, 20, 25, 31, 46, 58, 91, 178, 246, 839, 841, 865, 1673],[1, 0, 1, 0, 0, 0, 0, 1, 0, 0, 0, 0, 0, 1, 0, 0, 0]
22,10,3,[29, 61, 118, 184, 678, 863, 895, 1697, 2531, 3365],[1, 1, 0, 0, 0, 1, 0, 1, 1, 0]
23,10,6,[29, 61, 118, 184, 678, 863, 895, 1697, 2531, 3365],[1, 1, 0, 0, 0, 1, 0, 1, 1, 0]
24,17,1,[5, 6, 7, 9, 10, 20, 25, 31, 46, 58, 91, 178, 246, 839, 841, 865, 1673],[1, 0, 1, 0, 0, 0, 0, 1, 0, 0, 0, 0, 0, 1, 0, 0, 0]
25,17,0,[5, 6, 7, 9, 10, 20, 25, 31, 46, 58, 91, 178, 246, 839, 841, 865, 1673],[1, 0, 1, 0, 0, 0, 0, 1, 0, 0, 0, 0, 0, 1, 0, 0, 0]
26,17,3,[5, 6, 7, 9, 10, 20, 25, 31, 46, 58, 91, 178, 246, 839, 841, 865, 1673],[1, 0, 1, 0, 0, 0, 0, 1, 0, 0, 0, 0, 0, 1, 0, 0, 0]
27,17,1,[5, 6, 7, 9, 10, 20, 25, 31, 46, 58, 91, 178, 246, 839, 841, 865, 1673],[1, 0, 1, 0, 0, 0, 0, 1, 0, 0, 0, 0, 0, 1, 0, 0, 0]
28,17,3,[5, 6, 7, 9, 10, 20, 25, 31, 46, 58, 91, 178, 246, 839, 841, 865, 1673],[1, 0, 1, 0, 0, 0, 0, 1, 0, 0, 0, 0, 0, 1, 0, 0, 0]
29,10,0,[29, 61, 118, 184, 678, 863, 895, 1697, 2531, 3365],[1, 1, 0, 0, 0, 1, 0, 1, 1, 0]
30,17,1,[5, 6, 7, 9, 10, 20, 25, 31, 46, 58, 91, 178, 246, 839, 841, 865, 1673],[1, 0, 1, 0, 0, 0, 0, 1, 0, 0, 0, 0, 0, 1, 0, 0, 0]
31,17,0,[5, 6, 7, 9, 10, 20, 25, 31, 46, 58, 91, 178, 246, 839, 841, 865, 1673],[1, 0, 1, 0, 0, 0, 0, 1, 0, 0, 0, 0, 0, 1, 0, 0, 0]
32,17,1,[5, 6, 7, 9, 10, 20, 25, 31, 46, 58, 91, 178, 246, 839, 841, 865, 1673],[1, 0, 1, 0, 0, 0, 0, 1, 0, 0, 0, 0, 0, 1, 0, 0, 0]
33,17,2,[5, 6, 7, 9, 10, 20, 25, 31, 46, 58, 91, 178, 246, 839, 841, 865, 1673],[1, 0, 1, 0, 0, 0, 0, 1, 0, 0, 0, 0, 0, 1, 0, 0, 0]
34,10,10,[29, 61, 118, 184, 678, 863, 895, 1697, 2531, 3365],[1, 1, 0, 0, 0, 1, 0, 1, 1, 0]
35,17,2,[5, 6, 7, 9, 10, 20, 25, 31, 46, 58, 91, 178, 246, 839, 841, 865, 1673],[1, 0, 1, 0, 0, 0, 0, 1, 0, 0, 0, 0, 0, 1, 0, 0, 0]
36,17,1,[5, 6, 7, 9, 10, 20, 25, 31, 46, 58, 91, 178, 246, 839, 841, 865, 1673],[1, 0, 1, 0, 0, 0, 0, 1, 0, 0, 0, 0, 0, 1, 0, 0, 0]
37,10,5,[29, 61, 118, 184, 678, 863, 895, 1697, 2531, 3365],[1, 1, 0, 0, 0, 1, 0, 1, 1, 0]
38,17,2,[5, 6, 7, 9, 10, 20, 25, 31, 46, 58, 91, 178, 246, 839, 841, 865, 1673],[1, 0, 1, 0, 0, 0, 0, 1, 0, 0, 0, 0, 0, 1, 0, 0, 0]
39,17,3,[5, 6, 7, 9, 10, 20, 25, 31, 46, 58, 91, 178, 246, 839, 841, 865, 1673],[1, 0, 1, 0, 0, 0, 0, 1, 0, 0, 0, 0, 0, 1, 0, 0, 0]
40,17,3,[5, 6, 7, 9, 10, 20, 25, 31, 46, 58, 91, 178, 246, 839, 841, 865, 1673],[1, 0, 1, 0, 0, 0, 0, 1, 0, 0, 0, 0, 0, 1, 0, 0, 0]
41,10,5,[29, 61, 118, 184, 678, 863, 895, 1697, 2531, 3365],[1, 1, 0, 0, 0, 1, 0, 1, 1, 0]
42,17,2,[5, 6, 7, 9, 10, 20, 25, 31, 46, 58, 91, 178, 246, 839, 841, 865, 1673],[1, 0, 1, 0, 0, 0, 0, 1, 0, 0, 0, 0, 0, 1, 0, 0, 0]
43,17,8,[5, 6, 7, 9, 10, 20, 25, 31, 46, 58, 91, 178, 246, 839, 841, 865, 1673],[1, 0, 1, 0, 0, 0, 0, 1, 0, 0, 0, 0, 0, 1, 0, 0, 0]
44,17,3,[5, 6, 7, 9, 10, 20, 25, 31, 46, 58, 91, 178, 246, 839, 841, 865, 1673],[1, 0, 1, 0, 0, 0, 0, 1, 0, 0, 0, 0, 0, 1, 0, 0, 0]
45,17,3,[5, 6, 7, 9, 10, 20, 25, 31, 46, 58, 91, 178, 246, 839, 841, 865, 1673],[1, 0, 1, 0, 0, 0, 0, 1, 0, 0, 0, 0, 0, 1, 0, 0, 0]
46,17,0,[5, 6, 7, 9, 10, 20, 25, 31, 46, 58, 91, 178, 246, 839, 841, 865, 1673],[1, 0, 1, 0, 0, 0, 0, 1, 0, 0, 0, 0, 0, 1, 0, 0, 0]
47,17,6,[5, 6, 7, 9, 10, 20, 25, 31, 46, 58, 91, 178, 246, 839, 841, 865, 1673],[1, 0, 1, 0, 0, 0, 0, 1, 0, 0, 0, 0, 0, 1, 0, 0, 0]
48,17,3,[5, 6, 7, 9, 10, 20, 25, 31, 46, 58, 91, 178, 246, 839, 841, 865, 1673],[1, 0, 1, 0, 0, 0, 0, 1, 0, 0, 0, 0, 0, 1, 0, 0, 0]
49,17,2,[5, 6, 7, 9, 10, 20, 25, 31, 46, 58, 91, 178, 246, 839, 841, 865, 1673],[1, 0, 1, 0, 0, 0, 0, 1, 0, 0, 0, 0, 0, 1, 0, 0, 0]
50,17,2,[5, 6, 7, 9, 10, 20, 25, 31, 46, 58, 91, 178, 246, 839, 841, 865, 1673],[1, 0, 1, 0, 0, 0, 0, 1, 0, 0, 0, 0, 0, 1, 0, 0, 0]
51,17,1,[5, 6, 7, 9, 10, 20, 25, 31, 46, 58, 91, 178, 246, 839, 841, 865, 1673],[1, 0, 1, 0, 0, 0, 0, 1, 0, 0, 0, 0, 0, 1, 0, 0, 0]
52,17,5,[5, 6, 7, 9, 10, 20, 25, 31, 46, 58, 91, 178, 246, 839, 841, 865, 1673],[1, 0, 1, 0, 0, 0, 0, 1, 0, 0, 0, 0, 0, 1, 0, 0, 0]
53,10,8,[29, 61, 118, 184, 678, 863, 895, 1697, 2531, 3365],[1, 1, 0, 0, 0, 1, 0, 1, 1, 0]
54,17,3,[5, 6, 7, 9, 10, 20, 25, 31, 46, 58, 91, 178, 246, 839, 841, 865, 1673],[1, 0, 1, 0, 0, 0, 0, 1, 0, 0, 0, 0, 0, 1, 0, 0, 0]
55,17,3,[5, 6, 7, 9, 10, 20, 25, 31, 46, 58, 91, 178, 246, 839, 841, 865, 1673],[1, 0, 1, 0, 0, 0, 0, 1, 0, 0, 0, 0, 0, 1, 0, 0, 0]
56,10,3,[29, 61, 118, 184, 678, 863, 895, 1697, 2531, 3365],[1, 1, 0, 0, 0, 1, 0, 1, 1, 0]
57,10,4,[29, 61, 118, 184, 678, 863, 895, 1697, 2531, 3365],[1, 1, 0, 0, 0, 1, 0, 1, 1, 0]
58,17,0,[5, 6, 7, 9, 10, 20, 25, 31, 46, 58, 91, 178, 246, 839, 841, 865, 1673],[1, 0, 1, 0, 0, 0, 0, 1, 0, 0, 0, 0, 0, 1, 0, 0, 0]
59,17,5,[5, 6, 7, 9, 10, 20, 25, 31, 46, 58, 91, 178, 246, 839, 841, 865, 1673],[1, 0, 1, 0, 0, 0, 0, 1, 0, 0, 0, 0, 0, 1, 0, 0, 0]
60,17,2,[5, 6, 7, 9, 10, 20, 25, 31, 46, 58, 91, 178, 246, 839, 841, 865, 1673],[1, 0, 1, 0, 0, 0, 0, 1, 0, 0, 0, 0, 0, 1, 0, 0, 0]
61,10,0,[29, 61, 118, 184, 678, 863, 895, 1697, 2531, 3365],[1, 1, 0, 0, 0, 1, 0, 1, 1, 0]
62,17,3,[5, 6, 7, 9, 10, 20, 25, 31, 46, 58, 91, 178, 246, 839, 841, 865, 1673],[1, 0, 1, 0, 0, 0, 0, 1, 0, 0, 0, 0, 0, 1, 0, 0, 0]
63,10,3,[29, 61, 118, 184, 678, 863, 895, 1697, 2531, 3365],[1, 1, 0, 0, 0, 1, 0, 1, 1, 0]
64,17,2,[5, 6, 7, 9, 10, 20, 25, 31, 46, 58, 91, 178, 246, 839, 841, 865, 1673],[1, 0, 1, 0, 0, 0, 0, 1, 0, 0, 0, 0, 0, 1, 0, 0, 0]
65,17,3,[5, 6, 7, 9, 10, 20, 25, 31, 46, 58, 91, 178, 246, 839, 841, 865, 1673],[1, 0, 1, 0, 0, 0, 0, 1, 0, 0, 0, 0, 0, 1, 0, 0, 0]
66,17,3,[5, 6, 7, 9, 10, 20, 25, 31, 46, 58, 91, 178, 246, 839, 841, 865, 1673],[1, 0, 1, 0, 0, 0, 0, 1, 0, 0, 0, 0, 0, 1, 0, 0, 0]
67,17,4,[5, 6, 7, 9, 10, 20, 25, 31, 46, 58, 91, 178, 246, 839, 841, 865, 1673],[1, 0, 1, 0, 0, 0, 0, 1, 0, 0, 0, 0, 0, 1, 0, 0, 0]
68,17,2,[5, 6, 7, 9, 10, 20, 25, 31, 46, 58, 91, 178, 246, 839, 841, 865, 1673],[1, 0, 1, 0, 0, 0, 0, 1, 0, 0, 0, 0, 0, 1, 0, 0, 0]
69,17,4,[5, 6, 7, 9, 10, 20, 25, 31, 46, 58, 91, 178, 246, 839, 841, 865, 1673],[1, 0, 1, 0, 0, 0, 0, 1, 0, 0, 0, 0, 0, 1, 0, 0, 0]
70,17,2,[5, 6, 7, 9, 10, 20, 25, 31, 46, 58, 91, 178, 246, 839, 841, 865, 1673],[1, 0, 1, 0, 0, 0, 0, 1, 0, 0, 0, 0, 0, 1, 0, 0, 0]
71,17,4,[5, 6, 7, 9, 10, 20, 25, 31, 46, 58, 91, 178, 246, 839, 841, 865, 1673],[1, 0, 1, 0, 0, 0, 0, 1, 0, 0, 0, 0, 0, 1, 0, 0, 0]
72,17,2,[5, 6, 7, 9, 10, 20, 25, 31, 46, 58, 91, 178, 246, 839, 841, 865, 1673],[1, 0, 1, 0, 0, 0, 0, 1, 0, 0, 0, 0, 0, 1, 0, 0, 0]
73,17,10,[5, 6, 7, 9, 10, 20, 25, 31, 46, 58, 91, 178, 246, 839, 841, 865, 1673],[1, 0, 1, 0, 0, 0, 0, 1, 0, 0, 0, 0, 0, 1, 0, 0, 0]
74,17,4,[5, 6, 7, 9, 10, 20, 25, 31, 46, 58, 91, 178, 246, 839, 841, 865, 1673],[1, 0, 1, 0, 0, 0, 0, 1, 0, 0, 0, 0, 0, 1, 0, 0, 0]
75,10,3,[29, 61, 118, 184, 678, 863, 895, 1697, 2531, 3365],[1, 1, 0, 0, 0, 1, 0, 1, 1, 0]
76,10,7,[29, 61, 118, 184, 678, 863, 895, 1697, 2531, 3365],[1, 1, 0, 0, 0, 1, 0, 1, 1, 0]
77,17,3,[5, 6, 7, 9, 10, 20, 25, 31, 46, 58, 91, 178, 246, 839, 841, 865, 1673],[1, 0, 1, 0, 0, 0, 0, 1, 0, 0, 0, 0, 0, 1, 0, 0, 0]
78,17,3,[5, 6, 7, 9, 10, 20, 25, 31, 46, 58, 91, 178, 246, 839, 841, 865, 1673],[1, 0, 1, 0, 0, 0, 0, 1, 0, 0, 0, 0, 0, 1, 0, 0, 0]
79,17,5,[5, 6, 7, 9, 10, 20, 25, 31, 46, 58, 91, 178, 246, 839, 841, 865, 1673],[1, 0, 1, 0, 0, 0, 0, 1, 0, 0, 0, 0, 0, 1, 0, 0, 0]
80,10,3,[29, 61, 118, 184, 678, 863, 895, 1697, 2531, 3365],[1, 1, 0, 0, 0, 1, 0, 1, 1, 0]
81,17,2,[5, 6, 7, 9, 10, 20, 25, 31, 46, 58, 91, 178, 246, 839, 841, 865, 1673],[1, 0, 1, 0, 0, 0, 0, 1, 0, 0, 0, 0, 0, 1, 0, 0, 0]
82,17,9,[5, 6, 7, 9, 10, 20, 25, 31, 46, 58, 91, 178, 246, 839, 841, 865, 1673],[1, 0, 1, 0, 0, 0, 0, 1, 0, 0, 0, 0, 0, 1, 0, 0, 0]
83,17,6,[5, 6, 7, 9, 10, 20, 25, 31, 46, 58, 91, 178, 246, 839, 841, 865, 1673],[1, 0, 1, 0, 0, 0, 0, 1, 0, 0, 0, 0, 0, 1, 0, 0, 0]
84,17,2,[5, 6, 7, 9, 10, 20, 25, 31, 46, 58, 91, 178, 246, 839, 841, 865, 1673],[1, 0, 1, 0, 0, 0, 0, 1, 0, 0, 0, 0, 0, 1, 0, 0, 0]
85,10,4,[29, 61, 118, 184, 678, 863, 895, 1697, 2531, 3365],[1, 1, 0, 0, 0, 1, 0, 1, 1, 0]
86,17,4,[5, 6, 7, 9, 10, 20, 25, 31, 46, 58, 91, 178, 246, 839, 841, 865, 1673],[1, 0, 1, 0, 0, 0, 0, 1, 0, 0, 0, 0, 0, 1, 0, 0, 0]
87,17,2,[5, 6, 7, 9, 10, 20, 25, 31, 46, 58, 91, 178, 246, 839, 841, 865, 1673],[1, 0, 1, 0, 0, 0, 0, 1, 0, 0, 0, 0, 0, 1, 0, 0, 0]
88,17,5,[5, 6, 7, 9, 10, 20, 25, 31, 46, 58, 91, 178, 246, 839, 841, 865, 1673],[1, 0, 1, 0, 0, 0, 0, 1, 0, 0, 0, 0, 0, 1, 0, 0, 0]
89,17,4,[5, 6, 7, 9, 10, 20, 25, 31, 46, 58, 91, 178, 246, 839, 841, 865, 1673],[1, 0, 1, 0, 0, 0, 0, 1, 0, 0, 0, 0, 0, 1, 0, 0, 0]
90,10,3,[29, 61, 118, 184, 678, 863, 895, 1697, 2531, 3365],[1, 1, 0, 0, 0, 1, 0, 1, 1, 0]
91,17,0,[5, 6, 7, 9, 10, 20, 25, 31, 46, 58, 91, 178, 246, 839, 841, 865, 1673],[1, 0, 1, 0, 0, 0, 0, 1, 0, 0, 0, 0, 0, 1, 0, 0, 0]
92,17,2,[5, 6, 7, 9, 10, 20, 25, 31, 46, 58, 91, 178, 246, 839, 841, 865, 1673],[1, 0, 1, 0, 0, 0, 0, 1, 0, 0, 0, 0, 0, 1, 0, 0, 0]
93,10,11,[29, 61, 118, 184, 678, 863, 895, 1697, 2531, 3365],[1, 1, 0, 0, 0, 1, 0, 1, 1, 0]
94,17,3,[5, 6, 7, 9, 10, 20, 25, 31, 46, 58, 91, 178, 246, 839, 841, 865, 1673],[1, 0, 1, 0, 0, 0, 0, 1, 0, 0, 0, 0, 0, 1, 0, 0, 0]
95,17,2,[5, 6, 7, 9, 10, 20, 25, 31, 46, 58, 91, 178, 246, 839, 841, 865, 1673],[1, 0, 1, 0, 0, 0, 0, 1, 0, 0, 0, 0, 0, 1, 0, 0, 0]
96,10,3,[29, 61, 118, 184, 678, 863, 895, 1697, 2531, 3365],[1, 1, 0, 0, 0, 1, 0, 1, 1, 0]
97,17,4,[5, 6, 7, 9, 10, 20, 25, 31, 46, 58, 91, 178, 246, 839, 841, 865, 1673],[1, 0, 1, 0, 0, 0, 0, 1, 0, 0, 0, 0, 0, 1, 0, 0, 0]
98,17,3,[5, 6, 7, 9, 10, 20, 25, 31, 46, 58, 91, 178, 246, 839, 841, 865, 1673],[1, 0, 1, 0, 0, 0, 0, 1, 0, 0, 0, 0, 0, 1, 0, 0, 0]
99,17,5,[5, 6, 7, 9, 10, 20, 25, 31, 46, 58, 91, 178, 246, 839, 841, 865, 1673],[1, 0, 1, 0, 0, 0, 0, 1, 0, 0, 0, 0, 0, 1, 0, 0, 0]
100,17,2,[5, 6, 7, 9, 10, 20, 25, 31, 46, 58, 91, 178, 246, 839, 841, 865, 1673],[1, 0, 1, 0, 0, 0, 0, 1, 0, 0, 0, 0, 0, 1, 0, 0, 0]
