1,1,0,[1]
2,5,14,[5, 297, 20, 9, 6]
3,4,7,[299, 36, 10, 7]
4,1,0,[4]
5,5,4,[297, 20, 9, 6, 5]
6,5,4,[5, 297, 20, 9, 6]
7,4,3,[299, 36, 10, 7]
8,5,5,[5, 297, 20, 9, 6]
9,5,4,[6, 5, 297, 20, 9]
10,4,3,[7, 299, 36, 10]
11,5,15,[5, 297, 20, 9, 6]
12,4,4,[299, 36, 10, 7]
13,5,9,[5, 297, 20, 9, 6]
14,5,5,[6, 5, 297, 20, 9]
15,5,6,[5, 297, 20, 9, 6]
16,5,6,[5, 297, 20, 9, 6]
17,5,10,[5, 297, 20, 9, 6]
18,5,6,[5, 297, 20, 9, 6]
19,5,12,[5, 297, 20, 9, 6]
20,5,4,[9, 6, 5, 297, 20]
21,4,4,[7, 299, 36, 10]
22,5,10,[5, 297, 20, 9, 6]
23,5,8,[5, 297, 20, 9, 6]
24,5,5,[6, 5, 297, 20, 9]
25,4,4,[7, 299, 36, 10]
26,5,7,[5, 297, 20, 9, 6]
27,5,5,[6, 5, 297, 20, 9]
28,5,16,[5, 297, 20, 9, 6]
29,5,9,[5, 297, 20, 9, 6]
30,4,4,[7, 299, 36, 10]
31,4,5,[10, 7, 299, 36]
32,4,4,[7, 299, 36, 10]
33,5,6,[6, 5, 297, 20, 9]
34,5,13,[5, 297, 20, 9, 6]
35,4,5,[299, 36, 10, 7]
36,4,3,[10, 7, 299, 36]
37,5,18,[5, 297, 20, 9, 6]
38,4,5,[7, 299, 36, 10]
39,5,7,[5, 297, 20, 9, 6]
40,5,16,[5, 297, 20, 9, 6]
41,4,9,[299, 36, 10, 7]
42,4,5,[299, 36, 10, 7]
43,4,7,[299, 36, 10, 7]
44,5,7,[5, 297, 20, 9, 6]
45,5,16,[5, 297, 20, 9, 6]
46,4,5,[7, 299, 36, 10]
47,5,9,[6, 5, 297, 20, 9]
48,5,16,[5, 297, 20, 9, 6]
49,5,6,[6, 5, 297, 20, 9]
50,4,5,[299, 36, 10, 7]
51,5,5,[9, 6, 5, 297, 20]
52,5,11,[5, 297, 20, 9, 6]
53,4,7,[10, 7, 299, 36]
54,5,16,[5, 297, 20, 9, 6]
55,5,7,[5, 297, 20, 9, 6]
56,5,10,[5, 297, 20, 9, 6]
57,5,11,[5, 297, 20, 9, 6]
58,4,6,[10, 7, 299, 36]
59,5,12,[5, 297, 20, 9, 6]
60,4,5,[299, 36, 10, 7]
61,5,8,[9, 6, 5, 297, 20]
62,5,7,[6, 5, 297, 20, 9]
63,5,10,[5, 297, 20, 9, 6]
64,4,5,[299, 36, 10, 7]
65,5,7,[5, 297, 20, 9, 6]
66,5,7,[5, 297, 20, 9, 6]
67,4,12,[299, 36, 10, 7]
68,4,5,[7, 299, 36, 10]
69,5,8,[5, 297, 20, 9, 6]
70,5,6,[6, 5, 297, 20, 9]
71,4,6,[7, 299, 36, 10]
72,4,5,[299, 36, 10, 7]
73,5,9,[5, 297, 20, 9, 6]
74,5,8,[5, 297, 20, 9, 6]
75,5,10,[5, 297, 20, 9, 6]
76,5,9,[5, 297, 20, 9, 6]
77,5,7,[5, 297, 20, 9, 6]
78,5,7,[5, 297, 20, 9, 6]
79,4,7,[299, 36, 10, 7]
80,5,10,[5, 297, 20, 9, 6]
81,4,5,[299, 36, 10, 7]
82,4,8,[299, 36, 10, 7]
83,5,8,[5, 297, 20, 9, 6]
84,5,6,[6, 5, 297, 20, 9]
85,5,11,[5, 297, 20, 9, 6]
86,5,17,[5, 297, 20, 9, 6]
87,4,5,[7, 299, 36, 10]
88,5,11,[5, 297, 20, 9, 6]
89,5,7,[9, 6, 5, 297, 20]
90,5,10,[5, 297, 20, 9, 6]
91,5,5,[9, 6, 5, 297, 20]
92,5,6,[6, 5, 297, 20, 9]
93,5,14,[5, 297, 20, 9, 6]
94,5,7,[6, 5, 297, 20, 9]
95,5,6,[6, 5, 297, 20, 9]
96,5,10,[5, 297, 20, 9, 6]
97,4,8,[7, 299, 36, 10]
98,5,7,[5, 297, 20, 9, 6]
99,5,11,[5, 297, 20, 9, 6]
100,5,6,[6, 5, 297, 20, 9]
101,5,11,[5, 297, 20, 9, 6]
102,5,11,[5, 297, 20, 9, 6]
103,5,8,[6, 5, 297, 20, 9]
104,5,13,[5, 297, 20, 9, 6]
105,5,7,[5, 297, 20, 9, 6]
106,5,8,[5, 297, 20, 9, 6]
107,5,11,[5, 297, 20, 9, 6]
108,5,10,[5, 297, 20, 9, 6]
109,5,8,[6, 5, 297, 20, 9]
110,5,7,[5, 297, 20, 9, 6]
111,5,17,[5, 297, 20, 9, 6]
112,5,7,[5, 297, 20, 9, 6]
113,5,12,[5, 297, 20, 9, 6]
114,5,6,[6, 5, 297, 20, 9]
115,5,17,[5, 297, 20, 9, 6]
116,5,7,[6, 5, 297, 20, 9]
117,5,13,[5, 297, 20, 9, 6]
118,5,9,[9, 6, 5, 297, 20]
119,5,6,[6, 5, 297, 20, 9]
120,5,6,[6, 5, 297, 20, 9]
121,5,11,[5, 297, 20, 9, 6]
122,5,11,[5, 297, 20, 9, 6]
123,5,8,[5, 297, 20, 9, 6]
124,4,6,[299, 36, 10, 7]
125,5,7,[5, 297, 20, 9, 6]
126,5,7,[5, 297, 20, 9, 6]
127,5,14,[5, 297, 20, 9, 6]
128,5,6,[6, 5, 297, 20, 9]
129,4,6,[7, 299, 36, 10]
130,5,5,[9, 6, 5, 297, 20]
131,4,9,[10, 7, 299, 36]
132,5,7,[5, 297, 20, 9, 6]
133,5,8,[5, 297, 20, 9, 6]
134,5,9,[5, 297, 20, 9, 6]
135,5,6,[6, 5, 297, 20, 9]
136,5,9,[5, 297, 20, 9, 6]
137,5,7,[6, 5, 297, 20, 9]
138,5,17,[5, 297, 20, 9, 6]
139,5,11,[5, 297, 20, 9, 6]
140,5,7,[5, 297, 20, 9, 6]
141,4,6,[299, 36, 10, 7]
142,5,10,[5, 297, 20, 9, 6]
143,5,6,[6, 5, 297, 20, 9]
144,5,6,[6, 5, 297, 20, 9]
145,5,14,[5, 297, 20, 9, 6]
146,5,11,[5, 297, 20, 9, 6]
147,5,11,[5, 297, 20, 9, 6]
148,4,10,[299, 36, 10, 7]
149,5,6,[9, 6, 5, 297, 20]
150,5,7,[5, 297, 20, 9, 6]
151,5,13,[5, 297, 20, 9, 6]
152,4,5,[7, 299, 36, 10]
153,5,9,[5, 297, 20, 9, 6]
154,5,5,[9, 6, 5, 297, 20]
155,4,4,[10, 7, 299, 36]
156,5,5,[9, 6, 5, 297, 20]
157,4,8,[299, 36, 10, 7]
158,4,6,[299, 36, 10, 7]
159,5,11,[5, 297, 20, 9, 6]
160,5,7,[5, 297, 20, 9, 6]
161,4,5,[7, 299, 36, 10]
162,5,6,[6, 5, 297, 20, 9]
163,4,6,[7, 299, 36, 10]
164,5,17,[5, 297, 20, 9, 6]
165,5,13,[5, 297, 20, 9, 6]
166,5,12,[5, 297, 20, 9, 6]
167,5,9,[5, 297, 20, 9, 6]
168,5,7,[5, 297, 20, 9, 6]
169,5,8,[5, 297, 20, 9, 6]
170,5,6,[6, 5, 297, 20, 9]
171,4,5,[7, 299, 36, 10]
172,5,10,[6, 5, 297, 20, 9]
173,5,9,[5, 297, 20, 9, 6]
174,5,14,[5, 297, 20, 9, 6]
175,5,11,[5, 297, 20, 9, 6]
176,5,13,[5, 297, 20, 9, 6]
177,5,8,[6, 5, 297, 20, 9]
178,5,6,[9, 6, 5, 297, 20]
179,5,9,[5, 297, 20, 9, 6]
180,5,7,[5, 297, 20, 9, 6]
181,5,18,[5, 297, 20, 9, 6]
182,5,11,[5, 297, 20, 9, 6]
183,4,6,[299, 36, 10, 7]
184,5,10,[5, 297, 20, 9, 6]
185,4,6,[299, 36, 10, 7]
186,4,4,[10, 7, 299, 36]
187,5,17,[5, 297, 20, 9, 6]
188,5,6,[9, 6, 5, 297, 20]
189,5,7,[5, 297, 20, 9, 6]
190,5,8,[5, 297, 20, 9, 6]
191,5,8,[6, 5, 297, 20, 9]
192,5,7,[5, 297, 20, 9, 6]
193,5,13,[5, 297, 20, 9, 6]
194,5,12,[5, 297, 20, 9, 6]
195,4,5,[7, 299, 36, 10]
196,5,7,[5, 297, 20, 9, 6]
197,5,14,[5, 297, 20, 9, 6]
198,5,13,[5, 297, 20, 9, 6]
199,4,8,[7, 299, 36, 10]
200,5,7,[5, 297, 20, 9, 6]
