1  1  [1]
2  6  [8, 6, 5, 41, 77, 18]
3  6  [18, 8, 6, 5, 41, 77]
4  1  [4]
5  6  [77, 18, 8, 6, 5, 41]
6  6  [41, 77, 18, 8, 6, 5]
7  6  [77, 18, 8, 6, 5, 41]
8  6  [5, 41, 77, 18, 8, 6]
9  6  [5, 41, 77, 18, 8, 6]
10  6  [41, 77, 18, 8, 6, 5]
11  6  [41, 77, 18, 8, 6, 5]
12  6  [41, 77, 18, 8, 6, 5]
13  6  [18, 8, 6, 5, 41, 77]
14  6  [6, 5, 41, 77, 18, 8]
15  6  [6, 5, 41, 77, 18, 8]
16  6  [6, 5, 41, 77, 18, 8]
17  6  [41, 77, 18, 8, 6, 5]
18  6  [6, 5, 41, 77, 18, 8]
19  6  [18, 8, 6, 5, 41, 77]
20  6  [6, 5, 41, 77, 18, 8]
21  6  [5, 41, 77, 18, 8, 6]
22  6  [77, 18, 8, 6, 5, 41]
23  6  [77, 18, 8, 6, 5, 41]
24  6  [6, 5, 41, 77, 18, 8]
25  6  [5, 41, 77, 18, 8, 6]
26  6  [8, 6, 5, 41, 77, 18]
27  6  [6, 5, 41, 77, 18, 8]
28  6  [5, 41, 77, 18, 8, 6]
29  6  [18, 8, 6, 5, 41, 77]
30  6  [5, 41, 77, 18, 8, 6]
31  6  [77, 18, 8, 6, 5, 41]
32  6  [5, 41, 77, 18, 8, 6]
33  6  [8, 6, 5, 41, 77, 18]
34  6  [77, 18, 8, 6, 5, 41]
35  6  [5, 41, 77, 18, 8, 6]
36  6  [5, 41, 77, 18, 8, 6]
37  6  [8, 6, 5, 41, 77, 18]
38  6  [6, 5, 41, 77, 18, 8]
39  6  [8, 6, 5, 41, 77, 18]
40  6  [5, 41, 77, 18, 8, 6]
41  6  [18, 8, 6, 5, 41, 77]
42  6  [5, 41, 77, 18, 8, 6]
43  6  [18, 8, 6, 5, 41, 77]
44  6  [8, 6, 5, 41, 77, 18]
45  6  [5, 41, 77, 18, 8, 6]
46  6  [6, 5, 41, 77, 18, 8]
47  6  [77, 18, 8, 6, 5, 41]
48  6  [5, 41, 77, 18, 8, 6]
49  6  [8, 6, 5, 41, 77, 18]
50  6  [5, 41, 77, 18, 8, 6]
51  6  [8, 6, 5, 41, 77, 18]
52  6  [5, 41, 77, 18, 8, 6]
53  6  [77, 18, 8, 6, 5, 41]
54  6  [5, 41, 77, 18, 8, 6]
55  6  [8, 6, 5, 41, 77, 18]
56  6  [77, 18, 8, 6, 5, 41]
57  6  [41, 77, 18, 8, 6, 5]
58  6  [41, 77, 18, 8, 6, 5]
59  6  [18, 8, 6, 5, 41, 77]
60  6  [5, 41, 77, 18, 8, 6]
61  6  [41, 77, 18, 8, 6, 5]
62  6  [18, 8, 6, 5, 41, 77]
63  6  [77, 18, 8, 6, 5, 41]
64  6  [5, 41, 77, 18, 8, 6]
65  6  [8, 6, 5, 41, 77, 18]
66  6  [8, 6, 5, 41, 77, 18]
67  6  [18, 8, 6, 5, 41, 77]
68  6  [6, 5, 41, 77, 18, 8]
69  6  [18, 8, 6, 5, 41, 77]
70  6  [8, 6, 5, 41, 77, 18]
71  6  [77, 18, 8, 6, 5, 41]
72  6  [5, 41, 77, 18, 8, 6]
73  6  [6, 5, 41, 77, 18, 8]
74  6  [18, 8, 6, 5, 41, 77]
75  6  [77, 18, 8, 6, 5, 41]
76  6  [41, 77, 18, 8, 6, 5]
77  6  [8, 6, 5, 41, 77, 18]
78  6  [8, 6, 5, 41, 77, 18]
79  6  [8, 6, 5, 41, 77, 18]
80  6  [77, 18, 8, 6, 5, 41]
81  6  [5, 41, 77, 18, 8, 6]
82  6  [77, 18, 8, 6, 5, 41]
83  6  [18, 8, 6, 5, 41, 77]
84  6  [8, 6, 5, 41, 77, 18]
85  6  [41, 77, 18, 8, 6, 5]
86  6  [6, 5, 41, 77, 18, 8]
87  6  [6, 5, 41, 77, 18, 8]
88  6  [5, 41, 77, 18, 8, 6]
89  6  [18, 8, 6, 5, 41, 77]
90  6  [77, 18, 8, 6, 5, 41]
91  6  [8, 6, 5, 41, 77, 18]
92  6  [8, 6, 5, 41, 77, 18]
93  6  [41, 77, 18, 8, 6, 5]
94  6  [18, 8, 6, 5, 41, 77]
95  6  [8, 6, 5, 41, 77, 18]
96  6  [77, 18, 8, 6, 5, 41]
97  6  [77, 18, 8, 6, 5, 41]
98  6  [8, 6, 5, 41, 77, 18]
99  6  [5, 41, 77, 18, 8, 6]
100  6  [8, 6, 5, 41, 77, 18]
101  6  [77, 18, 8, 6, 5, 41]
102  6  [41, 77, 18, 8, 6, 5]
103  6  [8, 6, 5, 41, 77, 18]
104  6  [77, 18, 8, 6, 5, 41]
