1,1,0,[1]
2,10,13,[5, 159, 56, 13, 167, 321, 110, 18, 8, 6]
3,10,15,[6, 5, 159, 56, 13, 167, 321, 110, 18, 8]
4,1,0,[4]
5,10,9,[159, 56, 13, 167, 321, 110, 18, 8, 6, 5]
6,10,9,[5, 159, 56, 13, 167, 321, 110, 18, 8, 6]
7,4,3,[161, 30, 10, 7]
8,10,9,[6, 5, 159, 56, 13, 167, 321, 110, 18, 8]
9,10,10,[5, 159, 56, 13, 167, 321, 110, 18, 8, 6]
10,4,3,[7, 161, 30, 10]
11,10,16,[6, 5, 159, 56, 13, 167, 321, 110, 18, 8]
12,4,4,[161, 30, 10, 7]
13,10,9,[167, 321, 110, 18, 8, 6, 5, 159, 56, 13]
14,10,11,[5, 159, 56, 13, 167, 321, 110, 18, 8, 6]
15,10,10,[6, 5, 159, 56, 13, 167, 321, 110, 18, 8]
16,10,10,[6, 5, 159, 56, 13, 167, 321, 110, 18, 8]
17,4,6,[7, 161, 30, 10]
18,10,9,[8, 6, 5, 159, 56, 13, 167, 321, 110, 18]
19,10,14,[6, 5, 159, 56, 13, 167, 321, 110, 18, 8]
20,10,11,[5, 159, 56, 13, 167, 321, 110, 18, 8, 6]
21,4,4,[7, 161, 30, 10]
22,10,10,[167, 321, 110, 18, 8, 6, 5, 159, 56, 13]
23,10,15,[5, 159, 56, 13, 167, 321, 110, 18, 8, 6]
24,10,11,[5, 159, 56, 13, 167, 321, 110, 18, 8, 6]
25,4,4,[7, 161, 30, 10]
26,10,11,[6, 5, 159, 56, 13, 167, 321, 110, 18, 8]
27,10,11,[5, 159, 56, 13, 167, 321, 110, 18, 8, 6]
28,10,17,[6, 5, 159, 56, 13, 167, 321, 110, 18, 8]
29,4,7,[161, 30, 10, 7]
30,4,3,[10, 7, 161, 30]
31,4,7,[161, 30, 10, 7]
32,4,4,[7, 161, 30, 10]
33,10,12,[5, 159, 56, 13, 167, 321, 110, 18, 8, 6]
34,10,15,[6, 5, 159, 56, 13, 167, 321, 110, 18, 8]
35,4,5,[161, 30, 10, 7]
36,4,4,[7, 161, 30, 10]
37,4,10,[161, 30, 10, 7]
38,4,5,[7, 161, 30, 10]
39,10,11,[6, 5, 159, 56, 13, 167, 321, 110, 18, 8]
40,10,17,[6, 5, 159, 56, 13, 167, 321, 110, 18, 8]
41,4,6,[7, 161, 30, 10]
42,4,5,[161, 30, 10, 7]
43,10,13,[167, 321, 110, 18, 8, 6, 5, 159, 56, 13]
44,10,11,[6, 5, 159, 56, 13, 167, 321, 110, 18, 8]
45,10,17,[6, 5, 159, 56, 13, 167, 321, 110, 18, 8]
46,4,5,[7, 161, 30, 10]
47,10,14,[5, 159, 56, 13, 167, 321, 110, 18, 8, 6]
48,10,17,[6, 5, 159, 56, 13, 167, 321, 110, 18, 8]
49,10,12,[5, 159, 56, 13, 167, 321, 110, 18, 8, 6]
50,4,5,[161, 30, 10, 7]
51,10,12,[5, 159, 56, 13, 167, 321, 110, 18, 8, 6]
52,4,7,[7, 161, 30, 10]
53,4,9,[161, 30, 10, 7]
54,10,17,[6, 5, 159, 56, 13, 167, 321, 110, 18, 8]
55,10,11,[6, 5, 159, 56, 13, 167, 321, 110, 18, 8]
56,10,9,[13, 167, 321, 110, 18, 8, 6, 5, 159, 56]
57,10,11,[167, 321, 110, 18, 8, 6, 5, 159, 56, 13]
58,4,8,[161, 30, 10, 7]
59,10,14,[6, 5, 159, 56, 13, 167, 321, 110, 18, 8]
60,4,5,[161, 30, 10, 7]
61,10,19,[6, 5, 159, 56, 13, 167, 321, 110, 18, 8]
62,10,13,[5, 159, 56, 13, 167, 321, 110, 18, 8, 6]
63,10,10,[167, 321, 110, 18, 8, 6, 5, 159, 56, 13]
64,4,5,[161, 30, 10, 7]
65,10,10,[8, 6, 5, 159, 56, 13, 167, 321, 110, 18]
66,10,11,[6, 5, 159, 56, 13, 167, 321, 110, 18, 8]
67,4,5,[10, 7, 161, 30]
68,4,5,[7, 161, 30, 10]
69,10,12,[6, 5, 159, 56, 13, 167, 321, 110, 18, 8]
70,10,12,[5, 159, 56, 13, 167, 321, 110, 18, 8, 6]
71,10,12,[6, 5, 159, 56, 13, 167, 321, 110, 18, 8]
72,4,5,[161, 30, 10, 7]
73,10,15,[5, 159, 56, 13, 167, 321, 110, 18, 8, 6]
74,10,12,[6, 5, 159, 56, 13, 167, 321, 110, 18, 8]
75,10,10,[167, 321, 110, 18, 8, 6, 5, 159, 56, 13]
76,10,16,[5, 159, 56, 13, 167, 321, 110, 18, 8, 6]
77,10,10,[8, 6, 5, 159, 56, 13, 167, 321, 110, 18]
78,10,10,[8, 6, 5, 159, 56, 13, 167, 321, 110, 18]
79,10,15,[5, 159, 56, 13, 167, 321, 110, 18, 8, 6]
80,10,10,[167, 321, 110, 18, 8, 6, 5, 159, 56, 13]
81,4,5,[161, 30, 10, 7]
82,10,14,[167, 321, 110, 18, 8, 6, 5, 159, 56, 13]
83,10,16,[167, 321, 110, 18, 8, 6, 5, 159, 56, 13]
84,10,12,[5, 159, 56, 13, 167, 321, 110, 18, 8, 6]
85,10,11,[167, 321, 110, 18, 8, 6, 5, 159, 56, 13]
86,10,18,[6, 5, 159, 56, 13, 167, 321, 110, 18, 8]
87,4,5,[7, 161, 30, 10]
88,4,7,[7, 161, 30, 10]
89,10,12,[6, 5, 159, 56, 13, 167, 321, 110, 18, 8]
90,10,10,[167, 321, 110, 18, 8, 6, 5, 159, 56, 13]
91,10,12,[5, 159, 56, 13, 167, 321, 110, 18, 8, 6]
92,10,12,[5, 159, 56, 13, 167, 321, 110, 18, 8, 6]
93,10,16,[6, 5, 159, 56, 13, 167, 321, 110, 18, 8]
94,10,13,[5, 159, 56, 13, 167, 321, 110, 18, 8, 6]
95,10,12,[5, 159, 56, 13, 167, 321, 110, 18, 8, 6]
96,10,10,[167, 321, 110, 18, 8, 6, 5, 159, 56, 13]
97,4,9,[7, 161, 30, 10]
98,10,11,[6, 5, 159, 56, 13, 167, 321, 110, 18, 8]
99,4,7,[7, 161, 30, 10]
100,10,12,[5, 159, 56, 13, 167, 321, 110, 18, 8, 6]
101,4,6,[7, 161, 30, 10]
102,10,11,[167, 321, 110, 18, 8, 6, 5, 159, 56, 13]
103,10,14,[6, 5, 159, 56, 13, 167, 321, 110, 18, 8]
104,10,15,[6, 5, 159, 56, 13, 167, 321, 110, 18, 8]
105,10,11,[6, 5, 159, 56, 13, 167, 321, 110, 18, 8]
106,10,12,[6, 5, 159, 56, 13, 167, 321, 110, 18, 8]
107,4,7,[161, 30, 10, 7]
108,10,10,[167, 321, 110, 18, 8, 6, 5, 159, 56, 13]
109,10,19,[5, 159, 56, 13, 167, 321, 110, 18, 8, 6]
110,10,9,[18, 8, 6, 5, 159, 56, 13, 167, 321, 110]
111,10,18,[6, 5, 159, 56, 13, 167, 321, 110, 18, 8]
112,10,11,[6, 5, 159, 56, 13, 167, 321, 110, 18, 8]
113,10,14,[5, 159, 56, 13, 167, 321, 110, 18, 8, 6]
114,10,12,[5, 159, 56, 13, 167, 321, 110, 18, 8, 6]
115,10,18,[6, 5, 159, 56, 13, 167, 321, 110, 18, 8]
116,10,13,[5, 159, 56, 13, 167, 321, 110, 18, 8, 6]
117,10,15,[6, 5, 159, 56, 13, 167, 321, 110, 18, 8]
118,10,20,[6, 5, 159, 56, 13, 167, 321, 110, 18, 8]
119,10,12,[5, 159, 56, 13, 167, 321, 110, 18, 8, 6]
120,10,12,[5, 159, 56, 13, 167, 321, 110, 18, 8, 6]
121,10,11,[167, 321, 110, 18, 8, 6, 5, 159, 56, 13]
122,10,11,[167, 321, 110, 18, 8, 6, 5, 159, 56, 13]
123,10,12,[6, 5, 159, 56, 13, 167, 321, 110, 18, 8]
124,4,6,[161, 30, 10, 7]
125,10,11,[6, 5, 159, 56, 13, 167, 321, 110, 18, 8]
126,10,11,[6, 5, 159, 56, 13, 167, 321, 110, 18, 8]
127,4,13,[161, 30, 10, 7]
128,10,12,[5, 159, 56, 13, 167, 321, 110, 18, 8, 6]
129,4,6,[7, 161, 30, 10]
130,10,12,[5, 159, 56, 13, 167, 321, 110, 18, 8, 6]
131,10,13,[5, 159, 56, 13, 167, 321, 110, 18, 8, 6]
132,10,10,[8, 6, 5, 159, 56, 13, 167, 321, 110, 18]
133,10,12,[6, 5, 159, 56, 13, 167, 321, 110, 18, 8]
134,10,13,[6, 5, 159, 56, 13, 167, 321, 110, 18, 8]
135,10,12,[5, 159, 56, 13, 167, 321, 110, 18, 8, 6]
136,10,16,[5, 159, 56, 13, 167, 321, 110, 18, 8, 6]
137,10,14,[5, 159, 56, 13, 167, 321, 110, 18, 8, 6]
138,10,18,[6, 5, 159, 56, 13, 167, 321, 110, 18, 8]
139,4,8,[7, 161, 30, 10]
140,10,11,[6, 5, 159, 56, 13, 167, 321, 110, 18, 8]
141,4,6,[161, 30, 10, 7]
142,10,16,[5, 159, 56, 13, 167, 321, 110, 18, 8, 6]
143,10,12,[5, 159, 56, 13, 167, 321, 110, 18, 8, 6]
144,10,12,[5, 159, 56, 13, 167, 321, 110, 18, 8, 6]
145,10,16,[6, 5, 159, 56, 13, 167, 321, 110, 18, 8]
146,10,11,[167, 321, 110, 18, 8, 6, 5, 159, 56, 13]
147,4,7,[7, 161, 30, 10]
148,4,7,[7, 161, 30, 10]
149,10,17,[6, 5, 159, 56, 13, 167, 321, 110, 18, 8]
150,10,11,[6, 5, 159, 56, 13, 167, 321, 110, 18, 8]
151,10,13,[6, 5, 159, 56, 13, 167, 321, 110, 18, 8]
152,4,5,[7, 161, 30, 10]
153,10,16,[5, 159, 56, 13, 167, 321, 110, 18, 8, 6]
154,10,12,[5, 159, 56, 13, 167, 321, 110, 18, 8, 6]
155,4,5,[7, 161, 30, 10]
156,10,12,[5, 159, 56, 13, 167, 321, 110, 18, 8, 6]
157,10,14,[6, 5, 159, 56, 13, 167, 321, 110, 18, 8]
158,4,6,[161, 30, 10, 7]
159,10,9,[56, 13, 167, 321, 110, 18, 8, 6, 5, 159]
160,10,11,[6, 5, 159, 56, 13, 167, 321, 110, 18, 8]
161,4,3,[30, 10, 7, 161]
162,10,12,[5, 159, 56, 13, 167, 321, 110, 18, 8, 6]
163,10,14,[6, 5, 159, 56, 13, 167, 321, 110, 18, 8]
164,10,18,[6, 5, 159, 56, 13, 167, 321, 110, 18, 8]
165,10,15,[6, 5, 159, 56, 13, 167, 321, 110, 18, 8]
166,10,12,[167, 321, 110, 18, 8, 6, 5, 159, 56, 13]
167,10,9,[321, 110, 18, 8, 6, 5, 159, 56, 13, 167]
168,10,11,[6, 5, 159, 56, 13, 167, 321, 110, 18, 8]
169,10,12,[6, 5, 159, 56, 13, 167, 321, 110, 18, 8]
170,10,12,[5, 159, 56, 13, 167, 321, 110, 18, 8, 6]
171,4,5,[7, 161, 30, 10]
172,10,15,[5, 159, 56, 13, 167, 321, 110, 18, 8, 6]
173,10,13,[6, 5, 159, 56, 13, 167, 321, 110, 18, 8]
174,10,16,[6, 5, 159, 56, 13, 167, 321, 110, 18, 8]
175,4,7,[7, 161, 30, 10]
176,10,15,[6, 5, 159, 56, 13, 167, 321, 110, 18, 8]
177,10,14,[5, 159, 56, 13, 167, 321, 110, 18, 8, 6]
178,10,13,[5, 159, 56, 13, 167, 321, 110, 18, 8, 6]
179,10,15,[167, 321, 110, 18, 8, 6, 5, 159, 56, 13]
180,10,11,[6, 5, 159, 56, 13, 167, 321, 110, 18, 8]
181,4,7,[161, 30, 10, 7]
182,10,11,[167, 321, 110, 18, 8, 6, 5, 159, 56, 13]
183,4,6,[161, 30, 10, 7]
184,4,8,[161, 30, 10, 7]
185,4,6,[161, 30, 10, 7]
186,4,5,[7, 161, 30, 10]
187,10,18,[6, 5, 159, 56, 13, 167, 321, 110, 18, 8]
188,10,13,[5, 159, 56, 13, 167, 321, 110, 18, 8, 6]
189,10,11,[6, 5, 159, 56, 13, 167, 321, 110, 18, 8]
190,10,12,[6, 5, 159, 56, 13, 167, 321, 110, 18, 8]
191,4,9,[161, 30, 10, 7]
192,10,11,[6, 5, 159, 56, 13, 167, 321, 110, 18, 8]
193,10,15,[5, 159, 56, 13, 167, 321, 110, 18, 8, 6]
194,4,8,[7, 161, 30, 10]
195,4,5,[7, 161, 30, 10]
196,10,10,[8, 6, 5, 159, 56, 13, 167, 321, 110, 18]
197,10,12,[167, 321, 110, 18, 8, 6, 5, 159, 56, 13]
198,10,15,[6, 5, 159, 56, 13, 167, 321, 110, 18, 8]
199,4,10,[161, 30, 10, 7]
200,10,11,[6, 5, 159, 56, 13, 167, 321, 110, 18, 8]
