1  1  [1]
2  9  [9, 6, 5, 141, 50, 12, 7, 143, 24]
3  9  [7, 143, 24, 9, 6, 5, 141, 50, 12]
4  1  [4]
5  9  [143, 24, 9, 6, 5, 141, 50, 12, 7]
6  9  [7, 143, 24, 9, 6, 5, 141, 50, 12]
7  9  [5, 141, 50, 12, 7, 143, 24, 9, 6]
8  9  [12, 7, 143, 24, 9, 6, 5, 141, 50]
9  9  [12, 7, 143, 24, 9, 6, 5, 141, 50]
10  9  [6, 5, 141, 50, 12, 7, 143, 24, 9]
11  9  [141, 50, 12, 7, 143, 24, 9, 6, 5]
12  9  [6, 5, 141, 50, 12, 7, 143, 24, 9]
13  9  [6, 5, 141, 50, 12, 7, 143, 24, 9]
14  9  [50, 12, 7, 143, 24, 9, 6, 5, 141]
15  9  [50, 12, 7, 143, 24, 9, 6, 5, 141]
16  9  [50, 12, 7, 143, 24, 9, 6, 5, 141]
17  9  [12, 7, 143, 24, 9, 6, 5, 141, 50]
18  9  [50, 12, 7, 143, 24, 9, 6, 5, 141]
19  9  [143, 24, 9, 6, 5, 141, 50, 12, 7]
20  9  [50, 12, 7, 143, 24, 9, 6, 5, 141]
21  9  [9, 6, 5, 141, 50, 12, 7, 143, 24]
22  9  [9, 6, 5, 141, 50, 12, 7, 143, 24]
23  9  [143, 24, 9, 6, 5, 141, 50, 12, 7]
24  9  [50, 12, 7, 143, 24, 9, 6, 5, 141]
25  9  [9, 6, 5, 141, 50, 12, 7, 143, 24]
26  9  [141, 50, 12, 7, 143, 24, 9, 6, 5]
27  9  [50, 12, 7, 143, 24, 9, 6, 5, 141]
28  9  [5, 141, 50, 12, 7, 143, 24, 9, 6]
29  9  [12, 7, 143, 24, 9, 6, 5, 141, 50]
30  9  [9, 6, 5, 141, 50, 12, 7, 143, 24]
31  9  [141, 50, 12, 7, 143, 24, 9, 6, 5]
32  9  [9, 6, 5, 141, 50, 12, 7, 143, 24]
33  9  [141, 50, 12, 7, 143, 24, 9, 6, 5]
34  9  [7, 143, 24, 9, 6, 5, 141, 50, 12]
35  9  [9, 6, 5, 141, 50, 12, 7, 143, 24]
36  9  [9, 6, 5, 141, 50, 12, 7, 143, 24]
37  9  [24, 9, 6, 5, 141, 50, 12, 7, 143]
38  9  [24, 9, 6, 5, 141, 50, 12, 7, 143]
39  9  [141, 50, 12, 7, 143, 24, 9, 6, 5]
40  9  [5, 141, 50, 12, 7, 143, 24, 9, 6]
41  9  [9, 6, 5, 141, 50, 12, 7, 143, 24]
42  9  [9, 6, 5, 141, 50, 12, 7, 143, 24]
43  9  [6, 5, 141, 50, 12, 7, 143, 24, 9]
44  9  [141, 50, 12, 7, 143, 24, 9, 6, 5]
45  9  [5, 141, 50, 12, 7, 143, 24, 9, 6]
46  9  [24, 9, 6, 5, 141, 50, 12, 7, 143]
47  9  [143, 24, 9, 6, 5, 141, 50, 12, 7]
48  9  [5, 141, 50, 12, 7, 143, 24, 9, 6]
49  9  [141, 50, 12, 7, 143, 24, 9, 6, 5]
50  9  [9, 6, 5, 141, 50, 12, 7, 143, 24]
51  9  [141, 50, 12, 7, 143, 24, 9, 6, 5]
52  9  [50, 12, 7, 143, 24, 9, 6, 5, 141]
53  9  [5, 141, 50, 12, 7, 143, 24, 9, 6]
54  9  [5, 141, 50, 12, 7, 143, 24, 9, 6]
55  9  [141, 50, 12, 7, 143, 24, 9, 6, 5]
56  9  [9, 6, 5, 141, 50, 12, 7, 143, 24]
57  9  [24, 9, 6, 5, 141, 50, 12, 7, 143]
58  9  [5, 141, 50, 12, 7, 143, 24, 9, 6]
59  9  [143, 24, 9, 6, 5, 141, 50, 12, 7]
60  9  [9, 6, 5, 141, 50, 12, 7, 143, 24]
61  9  [143, 24, 9, 6, 5, 141, 50, 12, 7]
62  9  [5, 141, 50, 12, 7, 143, 24, 9, 6]
63  9  [9, 6, 5, 141, 50, 12, 7, 143, 24]
64  9  [9, 6, 5, 141, 50, 12, 7, 143, 24]
65  9  [141, 50, 12, 7, 143, 24, 9, 6, 5]
66  9  [141, 50, 12, 7, 143, 24, 9, 6, 5]
67  9  [143, 24, 9, 6, 5, 141, 50, 12, 7]
68  9  [24, 9, 6, 5, 141, 50, 12, 7, 143]
69  9  [5, 141, 50, 12, 7, 143, 24, 9, 6]
70  9  [141, 50, 12, 7, 143, 24, 9, 6, 5]
71  9  [141, 50, 12, 7, 143, 24, 9, 6, 5]
72  9  [9, 6, 5, 141, 50, 12, 7, 143, 24]
73  9  [143, 24, 9, 6, 5, 141, 50, 12, 7]
74  9  [5, 141, 50, 12, 7, 143, 24, 9, 6]
75  9  [9, 6, 5, 141, 50, 12, 7, 143, 24]
76  9  [7, 143, 24, 9, 6, 5, 141, 50, 12]
77  9  [141, 50, 12, 7, 143, 24, 9, 6, 5]
78  9  [141, 50, 12, 7, 143, 24, 9, 6, 5]
79  9  [9, 6, 5, 141, 50, 12, 7, 143, 24]
80  9  [9, 6, 5, 141, 50, 12, 7, 143, 24]
81  9  [9, 6, 5, 141, 50, 12, 7, 143, 24]
82  9  [9, 6, 5, 141, 50, 12, 7, 143, 24]
83  9  [50, 12, 7, 143, 24, 9, 6, 5, 141]
84  9  [141, 50, 12, 7, 143, 24, 9, 6, 5]
85  9  [24, 9, 6, 5, 141, 50, 12, 7, 143]
86  9  [6, 5, 141, 50, 12, 7, 143, 24, 9]
87  9  [24, 9, 6, 5, 141, 50, 12, 7, 143]
88  9  [50, 12, 7, 143, 24, 9, 6, 5, 141]
89  9  [5, 141, 50, 12, 7, 143, 24, 9, 6]
90  9  [9, 6, 5, 141, 50, 12, 7, 143, 24]
91  9  [141, 50, 12, 7, 143, 24, 9, 6, 5]
92  9  [141, 50, 12, 7, 143, 24, 9, 6, 5]
93  9  [12, 7, 143, 24, 9, 6, 5, 141, 50]
94  9  [5, 141, 50, 12, 7, 143, 24, 9, 6]
95  9  [141, 50, 12, 7, 143, 24, 9, 6, 5]
96  9  [9, 6, 5, 141, 50, 12, 7, 143, 24]
97  9  [50, 12, 7, 143, 24, 9, 6, 5, 141]
98  9  [141, 50, 12, 7, 143, 24, 9, 6, 5]
99  9  [50, 12, 7, 143, 24, 9, 6, 5, 141]
100  9  [141, 50, 12, 7, 143, 24, 9, 6, 5]
101  9  [143, 24, 9, 6, 5, 141, 50, 12, 7]
102  9  [24, 9, 6, 5, 141, 50, 12, 7, 143]
103  9  [6, 5, 141, 50, 12, 7, 143, 24, 9]
104  9  [7, 143, 24, 9, 6, 5, 141, 50, 12]
