1,1,0,[1]
2,13,15,[8, 6, 5, 414, 31, 440, 22, 13, 422, 213, 74, 39, 16]
3,5,12,[432, 17, 426, 76, 23]
4,1,0,[4]
5,13,12,[414, 31, 440, 22, 13, 422, 213, 74, 39, 16, 8, 6, 5]
6,13,12,[5, 414, 31, 440, 22, 13, 422, 213, 74, 39, 16, 8, 6]
7,5,6,[432, 17, 426, 76, 23]
8,13,12,[6, 5, 414, 31, 440, 22, 13, 422, 213, 74, 39, 16, 8]
9,13,13,[5, 414, 31, 440, 22, 13, 422, 213, 74, 39, 16, 8, 6]
10,5,7,[432, 17, 426, 76, 23]
11,6,5,[420, 19, 428, 111, 40, 11]
12,5,7,[432, 17, 426, 76, 23]
13,13,12,[422, 213, 74, 39, 16, 8, 6, 5, 414, 31, 440, 22, 13]
14,13,14,[5, 414, 31, 440, 22, 13, 422, 213, 74, 39, 16, 8, 6]
15,13,13,[6, 5, 414, 31, 440, 22, 13, 422, 213, 74, 39, 16, 8]
16,13,12,[8, 6, 5, 414, 31, 440, 22, 13, 422, 213, 74, 39, 16]
17,5,4,[426, 76, 23, 432, 17]
18,13,13,[6, 5, 414, 31, 440, 22, 13, 422, 213, 74, 39, 16, 8]
19,6,5,[428, 111, 40, 11, 420, 19]
20,13,14,[5, 414, 31, 440, 22, 13, 422, 213, 74, 39, 16, 8, 6]
21,5,8,[432, 17, 426, 76, 23]
22,13,12,[13, 422, 213, 74, 39, 16, 8, 6, 5, 414, 31, 440, 22]
23,5,4,[432, 17, 426, 76, 23]
24,13,14,[5, 414, 31, 440, 22, 13, 422, 213, 74, 39, 16, 8, 6]
25,5,8,[432, 17, 426, 76, 23]
26,13,14,[6, 5, 414, 31, 440, 22, 13, 422, 213, 74, 39, 16, 8]
27,13,14,[5, 414, 31, 440, 22, 13, 422, 213, 74, 39, 16, 8, 6]
28,6,6,[420, 19, 428, 111, 40, 11]
29,13,16,[6, 5, 414, 31, 440, 22, 13, 422, 213, 74, 39, 16, 8]
30,5,8,[432, 17, 426, 76, 23]
31,13,12,[440, 22, 13, 422, 213, 74, 39, 16, 8, 6, 5, 414, 31]
32,5,8,[432, 17, 426, 76, 23]
33,13,15,[5, 414, 31, 440, 22, 13, 422, 213, 74, 39, 16, 8, 6]
34,6,6,[428, 111, 40, 11, 420, 19]
35,5,8,[432, 17, 426, 76, 23]
36,5,8,[432, 17, 426, 76, 23]
37,13,15,[8, 6, 5, 414, 31, 440, 22, 13, 422, 213, 74, 39, 16]
38,5,9,[432, 17, 426, 76, 23]
39,13,12,[16, 8, 6, 5, 414, 31, 440, 22, 13, 422, 213, 74, 39]
40,6,5,[11, 420, 19, 428, 111, 40]
41,13,15,[6, 5, 414, 31, 440, 22, 13, 422, 213, 74, 39, 16, 8]
42,5,8,[432, 17, 426, 76, 23]
43,6,8,[428, 111, 40, 11, 420, 19]
44,13,14,[6, 5, 414, 31, 440, 22, 13, 422, 213, 74, 39, 16, 8]
45,6,6,[420, 19, 428, 111, 40, 11]
46,5,9,[432, 17, 426, 76, 23]
47,6,8,[420, 19, 428, 111, 40, 11]
48,6,6,[420, 19, 428, 111, 40, 11]
49,13,15,[5, 414, 31, 440, 22, 13, 422, 213, 74, 39, 16, 8, 6]
50,5,8,[432, 17, 426, 76, 23]
51,13,15,[5, 414, 31, 440, 22, 13, 422, 213, 74, 39, 16, 8, 6]
52,5,5,[426, 76, 23, 432, 17]
53,5,6,[432, 17, 426, 76, 23]
54,6,6,[420, 19, 428, 111, 40, 11]
55,13,13,[8, 6, 5, 414, 31, 440, 22, 13, 422, 213, 74, 39, 16]
56,13,13,[422, 213, 74, 39, 16, 8, 6, 5, 414, 31, 440, 22, 13]
57,13,13,[13, 422, 213, 74, 39, 16, 8, 6, 5, 414, 31, 440, 22]
58,13,13,[440, 22, 13, 422, 213, 74, 39, 16, 8, 6, 5, 414, 31]
59,5,6,[432, 17, 426, 76, 23]
60,5,8,[432, 17, 426, 76, 23]
61,6,8,[420, 19, 428, 111, 40, 11]
62,13,16,[5, 414, 31, 440, 22, 13, 422, 213, 74, 39, 16, 8, 6]
63,13,13,[422, 213, 74, 39, 16, 8, 6, 5, 414, 31, 440, 22, 13]
64,5,8,[432, 17, 426, 76, 23]
65,13,14,[6, 5, 414, 31, 440, 22, 13, 422, 213, 74, 39, 16, 8]
66,13,13,[8, 6, 5, 414, 31, 440, 22, 13, 422, 213, 74, 39, 16]
67,6,8,[420, 19, 428, 111, 40, 11]
68,5,9,[432, 17, 426, 76, 23]
69,13,15,[6, 5, 414, 31, 440, 22, 13, 422, 213, 74, 39, 16, 8]
70,13,15,[5, 414, 31, 440, 22, 13, 422, 213, 74, 39, 16, 8, 6]
71,13,15,[6, 5, 414, 31, 440, 22, 13, 422, 213, 74, 39, 16, 8]
72,5,8,[432, 17, 426, 76, 23]
73,13,16,[6, 5, 414, 31, 440, 22, 13, 422, 213, 74, 39, 16, 8]
74,13,12,[39, 16, 8, 6, 5, 414, 31, 440, 22, 13, 422, 213, 74]
75,13,13,[422, 213, 74, 39, 16, 8, 6, 5, 414, 31, 440, 22, 13]
76,5,4,[23, 432, 17, 426, 76]
77,13,14,[6, 5, 414, 31, 440, 22, 13, 422, 213, 74, 39, 16, 8]
78,13,14,[6, 5, 414, 31, 440, 22, 13, 422, 213, 74, 39, 16, 8]
79,6,10,[420, 19, 428, 111, 40, 11]
80,13,13,[422, 213, 74, 39, 16, 8, 6, 5, 414, 31, 440, 22, 13]
81,5,8,[432, 17, 426, 76, 23]
82,6,9,[428, 111, 40, 11, 420, 19]
83,6,8,[420, 19, 428, 111, 40, 11]
84,13,15,[5, 414, 31, 440, 22, 13, 422, 213, 74, 39, 16, 8, 6]
85,13,13,[13, 422, 213, 74, 39, 16, 8, 6, 5, 414, 31, 440, 22]
86,6,7,[420, 19, 428, 111, 40, 11]
87,5,9,[432, 17, 426, 76, 23]
88,5,5,[426, 76, 23, 432, 17]
89,5,7,[426, 76, 23, 432, 17]
90,13,13,[422, 213, 74, 39, 16, 8, 6, 5, 414, 31, 440, 22, 13]
91,13,15,[5, 414, 31, 440, 22, 13, 422, 213, 74, 39, 16, 8, 6]
92,13,15,[5, 414, 31, 440, 22, 13, 422, 213, 74, 39, 16, 8, 6]
93,6,7,[428, 111, 40, 11, 420, 19]
94,13,16,[5, 414, 31, 440, 22, 13, 422, 213, 74, 39, 16, 8, 6]
95,13,15,[5, 414, 31, 440, 22, 13, 422, 213, 74, 39, 16, 8, 6]
96,13,13,[422, 213, 74, 39, 16, 8, 6, 5, 414, 31, 440, 22, 13]
97,5,10,[432, 17, 426, 76, 23]
98,13,13,[8, 6, 5, 414, 31, 440, 22, 13, 422, 213, 74, 39, 16]
99,5,5,[426, 76, 23, 432, 17]
100,13,15,[5, 414, 31, 440, 22, 13, 422, 213, 74, 39, 16, 8, 6]
101,13,16,[5, 414, 31, 440, 22, 13, 422, 213, 74, 39, 16, 8, 6]
102,13,13,[13, 422, 213, 74, 39, 16, 8, 6, 5, 414, 31, 440, 22]
103,13,15,[6, 5, 414, 31, 440, 22, 13, 422, 213, 74, 39, 16, 8]
104,6,6,[428, 111, 40, 11, 420, 19]
105,13,14,[6, 5, 414, 31, 440, 22, 13, 422, 213, 74, 39, 16, 8]
106,13,14,[8, 6, 5, 414, 31, 440, 22, 13, 422, 213, 74, 39, 16]
107,5,10,[432, 17, 426, 76, 23]
108,13,13,[422, 213, 74, 39, 16, 8, 6, 5, 414, 31, 440, 22, 13]
109,5,11,[432, 17, 426, 76, 23]
110,13,14,[6, 5, 414, 31, 440, 22, 13, 422, 213, 74, 39, 16, 8]
111,6,5,[40, 11, 420, 19, 428, 111]
112,13,14,[6, 5, 414, 31, 440, 22, 13, 422, 213, 74, 39, 16, 8]
113,13,17,[8, 6, 5, 414, 31, 440, 22, 13, 422, 213, 74, 39, 16]
114,13,15,[5, 414, 31, 440, 22, 13, 422, 213, 74, 39, 16, 8, 6]
115,6,7,[420, 19, 428, 111, 40, 11]
116,13,16,[5, 414, 31, 440, 22, 13, 422, 213, 74, 39, 16, 8, 6]
117,6,6,[428, 111, 40, 11, 420, 19]
118,6,9,[420, 19, 428, 111, 40, 11]
119,13,15,[5, 414, 31, 440, 22, 13, 422, 213, 74, 39, 16, 8, 6]
120,13,15,[5, 414, 31, 440, 22, 13, 422, 213, 74, 39, 16, 8, 6]
121,13,13,[13, 422, 213, 74, 39, 16, 8, 6, 5, 414, 31, 440, 22]
122,13,14,[422, 213, 74, 39, 16, 8, 6, 5, 414, 31, 440, 22, 13]
123,13,15,[6, 5, 414, 31, 440, 22, 13, 422, 213, 74, 39, 16, 8]
124,5,9,[432, 17, 426, 76, 23]
125,13,14,[6, 5, 414, 31, 440, 22, 13, 422, 213, 74, 39, 16, 8]
126,13,14,[6, 5, 414, 31, 440, 22, 13, 422, 213, 74, 39, 16, 8]
127,13,18,[6, 5, 414, 31, 440, 22, 13, 422, 213, 74, 39, 16, 8]
128,13,15,[5, 414, 31, 440, 22, 13, 422, 213, 74, 39, 16, 8, 6]
129,5,10,[432, 17, 426, 76, 23]
130,13,15,[5, 414, 31, 440, 22, 13, 422, 213, 74, 39, 16, 8, 6]
131,13,15,[6, 5, 414, 31, 440, 22, 13, 422, 213, 74, 39, 16, 8]
132,13,14,[6, 5, 414, 31, 440, 22, 13, 422, 213, 74, 39, 16, 8]
133,13,15,[6, 5, 414, 31, 440, 22, 13, 422, 213, 74, 39, 16, 8]
134,13,16,[6, 5, 414, 31, 440, 22, 13, 422, 213, 74, 39, 16, 8]
135,13,15,[5, 414, 31, 440, 22, 13, 422, 213, 74, 39, 16, 8, 6]
136,5,5,[432, 17, 426, 76, 23]
137,5,10,[432, 17, 426, 76, 23]
138,6,7,[420, 19, 428, 111, 40, 11]
139,5,11,[432, 17, 426, 76, 23]
140,13,13,[8, 6, 5, 414, 31, 440, 22, 13, 422, 213, 74, 39, 16]
141,5,9,[432, 17, 426, 76, 23]
142,13,17,[6, 5, 414, 31, 440, 22, 13, 422, 213, 74, 39, 16, 8]
143,13,15,[5, 414, 31, 440, 22, 13, 422, 213, 74, 39, 16, 8, 6]
144,13,15,[5, 414, 31, 440, 22, 13, 422, 213, 74, 39, 16, 8, 6]
145,6,7,[428, 111, 40, 11, 420, 19]
146,13,14,[422, 213, 74, 39, 16, 8, 6, 5, 414, 31, 440, 22, 13]
147,5,5,[426, 76, 23, 432, 17]
148,13,16,[6, 5, 414, 31, 440, 22, 13, 422, 213, 74, 39, 16, 8]
149,13,14,[16, 8, 6, 5, 414, 31, 440, 22, 13, 422, 213, 74, 39]
150,13,14,[6, 5, 414, 31, 440, 22, 13, 422, 213, 74, 39, 16, 8]
151,13,16,[5, 414, 31, 440, 22, 13, 422, 213, 74, 39, 16, 8, 6]
152,5,9,[432, 17, 426, 76, 23]
153,5,5,[432, 17, 426, 76, 23]
154,13,15,[5, 414, 31, 440, 22, 13, 422, 213, 74, 39, 16, 8, 6]
155,5,9,[432, 17, 426, 76, 23]
156,13,15,[5, 414, 31, 440, 22, 13, 422, 213, 74, 39, 16, 8, 6]
157,13,17,[5, 414, 31, 440, 22, 13, 422, 213, 74, 39, 16, 8, 6]
158,5,9,[432, 17, 426, 76, 23]
159,13,14,[422, 213, 74, 39, 16, 8, 6, 5, 414, 31, 440, 22, 13]
160,13,14,[6, 5, 414, 31, 440, 22, 13, 422, 213, 74, 39, 16, 8]
161,5,9,[432, 17, 426, 76, 23]
162,13,15,[5, 414, 31, 440, 22, 13, 422, 213, 74, 39, 16, 8, 6]
163,6,8,[420, 19, 428, 111, 40, 11]
164,6,7,[420, 19, 428, 111, 40, 11]
165,6,6,[428, 111, 40, 11, 420, 19]
166,13,14,[13, 422, 213, 74, 39, 16, 8, 6, 5, 414, 31, 440, 22]
167,13,15,[6, 5, 414, 31, 440, 22, 13, 422, 213, 74, 39, 16, 8]
168,13,13,[8, 6, 5, 414, 31, 440, 22, 13, 422, 213, 74, 39, 16]
169,13,15,[6, 5, 414, 31, 440, 22, 13, 422, 213, 74, 39, 16, 8]
170,13,15,[5, 414, 31, 440, 22, 13, 422, 213, 74, 39, 16, 8, 6]
171,5,9,[432, 17, 426, 76, 23]
172,6,9,[420, 19, 428, 111, 40, 11]
173,13,15,[13, 422, 213, 74, 39, 16, 8, 6, 5, 414, 31, 440, 22]
174,6,7,[428, 111, 40, 11, 420, 19]
175,5,5,[426, 76, 23, 432, 17]
176,6,6,[428, 111, 40, 11, 420, 19]
177,13,17,[5, 414, 31, 440, 22, 13, 422, 213, 74, 39, 16, 8, 6]
178,13,16,[5, 414, 31, 440, 22, 13, 422, 213, 74, 39, 16, 8, 6]
179,5,10,[432, 17, 426, 76, 23]
180,13,14,[6, 5, 414, 31, 440, 22, 13, 422, 213, 74, 39, 16, 8]
181,13,15,[8, 6, 5, 414, 31, 440, 22, 13, 422, 213, 74, 39, 16]
182,13,13,[13, 422, 213, 74, 39, 16, 8, 6, 5, 414, 31, 440, 22]
183,5,9,[432, 17, 426, 76, 23]
184,13,17,[6, 5, 414, 31, 440, 22, 13, 422, 213, 74, 39, 16, 8]
185,5,9,[432, 17, 426, 76, 23]
186,5,9,[432, 17, 426, 76, 23]
187,6,7,[420, 19, 428, 111, 40, 11]
188,13,16,[5, 414, 31, 440, 22, 13, 422, 213, 74, 39, 16, 8, 6]
189,13,13,[8, 6, 5, 414, 31, 440, 22, 13, 422, 213, 74, 39, 16]
190,13,15,[6, 5, 414, 31, 440, 22, 13, 422, 213, 74, 39, 16, 8]
191,6,7,[428, 111, 40, 11, 420, 19]
192,13,14,[6, 5, 414, 31, 440, 22, 13, 422, 213, 74, 39, 16, 8]
193,5,7,[426, 76, 23, 432, 17]
194,5,6,[426, 76, 23, 432, 17]
195,5,9,[432, 17, 426, 76, 23]
196,13,14,[6, 5, 414, 31, 440, 22, 13, 422, 213, 74, 39, 16, 8]
197,13,16,[8, 6, 5, 414, 31, 440, 22, 13, 422, 213, 74, 39, 16]
198,6,6,[428, 111, 40, 11, 420, 19]
199,13,18,[6, 5, 414, 31, 440, 22, 13, 422, 213, 74, 39, 16, 8]
200,13,13,[8, 6, 5, 414, 31, 440, 22, 13, 422, 213, 74, 39, 16]
