1,1,0,[1]
2,5,10,[5, 180, 15, 8, 6]
3,5,9,[5, 180, 15, 8, 6]
4,1,0,[4]
5,5,4,[180, 15, 8, 6, 5]
6,5,4,[5, 180, 15, 8, 6]
7,5,12,[5, 180, 15, 8, 6]
8,5,4,[6, 5, 180, 15, 8]
9,5,5,[5, 180, 15, 8, 6]
10,5,13,[5, 180, 15, 8, 6]
11,5,16,[5, 180, 15, 8, 6]
12,5,13,[5, 180, 15, 8, 6]
13,5,9,[5, 180, 15, 8, 6]
14,5,6,[5, 180, 15, 8, 6]
15,5,4,[8, 6, 5, 180, 15]
16,5,5,[6, 5, 180, 15, 8]
17,5,6,[8, 6, 5, 180, 15]
18,5,5,[6, 5, 180, 15, 8]
19,5,9,[8, 6, 5, 180, 15]
20,5,6,[5, 180, 15, 8, 6]
21,5,14,[5, 180, 15, 8, 6]
22,5,10,[5, 180, 15, 8, 6]
23,5,11,[8, 6, 5, 180, 15]
24,5,6,[5, 180, 15, 8, 6]
25,5,14,[5, 180, 15, 8, 6]
26,5,5,[8, 6, 5, 180, 15]
27,5,6,[5, 180, 15, 8, 6]
28,5,17,[5, 180, 15, 8, 6]
29,5,8,[5, 180, 15, 8, 6]
30,5,14,[5, 180, 15, 8, 6]
31,5,7,[8, 6, 5, 180, 15]
32,5,14,[5, 180, 15, 8, 6]
33,5,7,[5, 180, 15, 8, 6]
34,5,10,[8, 6, 5, 180, 15]
35,5,14,[5, 180, 15, 8, 6]
36,5,14,[5, 180, 15, 8, 6]
37,5,13,[5, 180, 15, 8, 6]
38,5,15,[5, 180, 15, 8, 6]
39,5,6,[6, 5, 180, 15, 8]
40,5,17,[5, 180, 15, 8, 6]
41,5,6,[8, 6, 5, 180, 15]
42,5,14,[5, 180, 15, 8, 6]
43,5,20,[5, 180, 15, 8, 6]
44,5,5,[8, 6, 5, 180, 15]
45,5,17,[5, 180, 15, 8, 6]
46,5,15,[5, 180, 15, 8, 6]
47,5,16,[5, 180, 15, 8, 6]
48,5,17,[5, 180, 15, 8, 6]
49,5,7,[5, 180, 15, 8, 6]
50,5,14,[5, 180, 15, 8, 6]
51,5,7,[5, 180, 15, 8, 6]
52,5,7,[8, 6, 5, 180, 15]
53,5,7,[8, 6, 5, 180, 15]
54,5,17,[5, 180, 15, 8, 6]
55,5,6,[6, 5, 180, 15, 8]
56,5,10,[5, 180, 15, 8, 6]
57,5,11,[5, 180, 15, 8, 6]
58,5,8,[8, 6, 5, 180, 15]
59,5,16,[5, 180, 15, 8, 6]
60,5,14,[5, 180, 15, 8, 6]
61,5,12,[5, 180, 15, 8, 6]
62,5,8,[5, 180, 15, 8, 6]
63,5,10,[5, 180, 15, 8, 6]
64,5,14,[5, 180, 15, 8, 6]
65,5,6,[6, 5, 180, 15, 8]
66,5,6,[6, 5, 180, 15, 8]
67,5,8,[5, 180, 15, 8, 6]
68,5,15,[5, 180, 15, 8, 6]
69,5,6,[8, 6, 5, 180, 15]
70,5,7,[5, 180, 15, 8, 6]
71,5,17,[5, 180, 15, 8, 6]
72,5,14,[5, 180, 15, 8, 6]
73,5,15,[5, 180, 15, 8, 6]
74,5,7,[6, 5, 180, 15, 8]
75,5,10,[5, 180, 15, 8, 6]
76,5,12,[8, 6, 5, 180, 15]
77,5,6,[6, 5, 180, 15, 8]
78,5,6,[6, 5, 180, 15, 8]
79,5,18,[5, 180, 15, 8, 6]
80,5,10,[5, 180, 15, 8, 6]
81,5,14,[5, 180, 15, 8, 6]
82,5,21,[5, 180, 15, 8, 6]
83,5,19,[5, 180, 15, 8, 6]
84,5,7,[5, 180, 15, 8, 6]
85,5,11,[5, 180, 15, 8, 6]
86,5,18,[5, 180, 15, 8, 6]
87,5,15,[5, 180, 15, 8, 6]
88,5,7,[8, 6, 5, 180, 15]
89,5,8,[5, 180, 15, 8, 6]
90,5,10,[5, 180, 15, 8, 6]
91,5,7,[5, 180, 15, 8, 6]
92,5,7,[5, 180, 15, 8, 6]
93,5,11,[8, 6, 5, 180, 15]
94,5,8,[5, 180, 15, 8, 6]
95,5,7,[5, 180, 15, 8, 6]
96,5,10,[5, 180, 15, 8, 6]
97,5,16,[5, 180, 15, 8, 6]
98,5,6,[6, 5, 180, 15, 8]
99,5,7,[8, 6, 5, 180, 15]
100,5,7,[5, 180, 15, 8, 6]
101,5,16,[5, 180, 15, 8, 6]
102,5,11,[5, 180, 15, 8, 6]
103,5,17,[5, 180, 15, 8, 6]
104,5,10,[8, 6, 5, 180, 15]
105,5,5,[8, 6, 5, 180, 15]
106,5,7,[6, 5, 180, 15, 8]
107,5,9,[8, 6, 5, 180, 15]
108,5,10,[5, 180, 15, 8, 6]
109,5,12,[5, 180, 15, 8, 6]
110,5,6,[6, 5, 180, 15, 8]
111,5,18,[5, 180, 15, 8, 6]
112,5,5,[8, 6, 5, 180, 15]
113,5,7,[6, 5, 180, 15, 8]
114,5,7,[5, 180, 15, 8, 6]
115,5,18,[5, 180, 15, 8, 6]
116,5,8,[5, 180, 15, 8, 6]
117,5,10,[8, 6, 5, 180, 15]
118,5,13,[5, 180, 15, 8, 6]
119,5,7,[5, 180, 15, 8, 6]
120,5,7,[5, 180, 15, 8, 6]
121,5,11,[5, 180, 15, 8, 6]
122,5,11,[5, 180, 15, 8, 6]
123,5,6,[8, 6, 5, 180, 15]
124,5,15,[5, 180, 15, 8, 6]
125,5,5,[8, 6, 5, 180, 15]
126,5,5,[8, 6, 5, 180, 15]
127,5,14,[8, 6, 5, 180, 15]
128,5,7,[5, 180, 15, 8, 6]
129,5,16,[5, 180, 15, 8, 6]
130,5,7,[5, 180, 15, 8, 6]
131,5,16,[5, 180, 15, 8, 6]
132,5,6,[6, 5, 180, 15, 8]
133,5,6,[8, 6, 5, 180, 15]
134,5,7,[8, 6, 5, 180, 15]
135,5,7,[5, 180, 15, 8, 6]
136,5,12,[8, 6, 5, 180, 15]
137,5,12,[5, 180, 15, 8, 6]
138,5,18,[5, 180, 15, 8, 6]
139,5,13,[5, 180, 15, 8, 6]
140,5,6,[6, 5, 180, 15, 8]
141,5,15,[5, 180, 15, 8, 6]
142,5,16,[5, 180, 15, 8, 6]
143,5,7,[5, 180, 15, 8, 6]
144,5,7,[5, 180, 15, 8, 6]
145,5,11,[8, 6, 5, 180, 15]
146,5,11,[5, 180, 15, 8, 6]
147,5,7,[8, 6, 5, 180, 15]
148,5,7,[8, 6, 5, 180, 15]
149,5,7,[6, 5, 180, 15, 8]
150,5,5,[8, 6, 5, 180, 15]
151,5,12,[8, 6, 5, 180, 15]
152,5,15,[5, 180, 15, 8, 6]
153,5,12,[8, 6, 5, 180, 15]
154,5,7,[5, 180, 15, 8, 6]
155,5,15,[5, 180, 15, 8, 6]
156,5,7,[5, 180, 15, 8, 6]
157,5,17,[5, 180, 15, 8, 6]
158,5,15,[5, 180, 15, 8, 6]
159,5,11,[5, 180, 15, 8, 6]
160,5,5,[8, 6, 5, 180, 15]
161,5,15,[5, 180, 15, 8, 6]
162,5,7,[5, 180, 15, 8, 6]
163,5,19,[5, 180, 15, 8, 6]
164,5,18,[5, 180, 15, 8, 6]
165,5,10,[8, 6, 5, 180, 15]
166,5,12,[5, 180, 15, 8, 6]
167,5,8,[5, 180, 15, 8, 6]
168,5,6,[6, 5, 180, 15, 8]
169,5,6,[8, 6, 5, 180, 15]
170,5,7,[5, 180, 15, 8, 6]
171,5,15,[5, 180, 15, 8, 6]
172,5,17,[5, 180, 15, 8, 6]
173,5,16,[5, 180, 15, 8, 6]
174,5,11,[8, 6, 5, 180, 15]
175,5,7,[8, 6, 5, 180, 15]
176,5,10,[8, 6, 5, 180, 15]
177,5,9,[5, 180, 15, 8, 6]
178,5,8,[5, 180, 15, 8, 6]
179,5,16,[5, 180, 15, 8, 6]
180,5,4,[15, 8, 6, 5, 180]
181,5,13,[8, 6, 5, 180, 15]
182,5,11,[5, 180, 15, 8, 6]
183,5,15,[5, 180, 15, 8, 6]
184,5,9,[5, 180, 15, 8, 6]
185,5,15,[5, 180, 15, 8, 6]
186,5,15,[5, 180, 15, 8, 6]
187,5,18,[5, 180, 15, 8, 6]
188,5,8,[5, 180, 15, 8, 6]
189,5,6,[6, 5, 180, 15, 8]
190,5,6,[8, 6, 5, 180, 15]
191,5,8,[6, 5, 180, 15, 8]
192,5,5,[8, 6, 5, 180, 15]
193,5,9,[8, 6, 5, 180, 15]
194,5,8,[8, 6, 5, 180, 15]
195,5,15,[5, 180, 15, 8, 6]
196,5,6,[6, 5, 180, 15, 8]
197,5,17,[5, 180, 15, 8, 6]
198,5,10,[8, 6, 5, 180, 15]
199,5,16,[5, 180, 15, 8, 6]
200,5,6,[6, 5, 180, 15, 8]
