1,1,0,[1]
2,5,8,[5, 288, 16, 8, 6]
3,5,8,[6, 5, 288, 16, 8]
4,1,0,[4]
5,5,4,[288, 16, 8, 6, 5]
6,5,4,[5, 288, 16, 8, 6]
7,4,3,[290, 36, 10, 7]
8,5,4,[6, 5, 288, 16, 8]
9,5,5,[5, 288, 16, 8, 6]
10,4,3,[7, 290, 36, 10]
11,4,11,[7, 290, 36, 10]
12,4,4,[290, 36, 10, 7]
13,4,14,[7, 290, 36, 10]
14,5,6,[5, 288, 16, 8, 6]
15,5,5,[6, 5, 288, 16, 8]
16,5,4,[8, 6, 5, 288, 16]
17,2,1,[300, 17]
18,5,5,[6, 5, 288, 16, 8]
19,4,9,[7, 290, 36, 10]
20,5,6,[5, 288, 16, 8, 6]
21,4,4,[7, 290, 36, 10]
22,4,15,[7, 290, 36, 10]
23,4,6,[7, 290, 36, 10]
24,5,6,[5, 288, 16, 8, 6]
25,4,4,[7, 290, 36, 10]
26,5,6,[6, 5, 288, 16, 8]
27,5,6,[5, 288, 16, 8, 6]
28,4,12,[7, 290, 36, 10]
29,4,17,[7, 290, 36, 10]
30,4,4,[7, 290, 36, 10]
31,4,18,[7, 290, 36, 10]
32,4,4,[7, 290, 36, 10]
33,5,7,[5, 288, 16, 8, 6]
34,4,10,[7, 290, 36, 10]
35,4,5,[290, 36, 10, 7]
36,4,3,[10, 7, 290, 36]
37,2,3,[300, 17]
38,4,5,[7, 290, 36, 10]
39,5,5,[8, 6, 5, 288, 16]
40,4,12,[7, 290, 36, 10]
41,5,6,[8, 6, 5, 288, 16]
42,4,5,[290, 36, 10, 7]
43,4,12,[7, 290, 36, 10]
44,5,6,[6, 5, 288, 16, 8]
45,4,12,[7, 290, 36, 10]
46,4,5,[7, 290, 36, 10]
47,4,6,[7, 290, 36, 10]
48,4,12,[7, 290, 36, 10]
49,5,7,[5, 288, 16, 8, 6]
50,4,5,[290, 36, 10, 7]
51,5,7,[5, 288, 16, 8, 6]
52,2,2,[300, 17]
53,5,7,[6, 5, 288, 16, 8]
54,4,12,[7, 290, 36, 10]
55,5,5,[8, 6, 5, 288, 16]
56,4,15,[7, 290, 36, 10]
57,4,16,[7, 290, 36, 10]
58,4,19,[7, 290, 36, 10]
59,5,8,[5, 288, 16, 8, 6]
60,4,5,[290, 36, 10, 7]
61,5,9,[5, 288, 16, 8, 6]
62,5,8,[5, 288, 16, 8, 6]
63,4,15,[7, 290, 36, 10]
64,4,5,[290, 36, 10, 7]
65,5,6,[6, 5, 288, 16, 8]
66,5,5,[8, 6, 5, 288, 16]
67,4,11,[7, 290, 36, 10]
68,4,5,[7, 290, 36, 10]
69,5,7,[6, 5, 288, 16, 8]
70,5,7,[5, 288, 16, 8, 6]
71,4,7,[290, 36, 10, 7]
72,4,5,[290, 36, 10, 7]
73,4,13,[7, 290, 36, 10]
74,5,6,[8, 6, 5, 288, 16]
75,4,15,[7, 290, 36, 10]
76,4,7,[7, 290, 36, 10]
77,5,6,[6, 5, 288, 16, 8]
78,5,6,[6, 5, 288, 16, 8]
79,4,8,[290, 36, 10, 7]
80,4,15,[7, 290, 36, 10]
81,4,5,[290, 36, 10, 7]
82,4,13,[7, 290, 36, 10]
83,5,7,[8, 6, 5, 288, 16]
84,5,7,[5, 288, 16, 8, 6]
85,4,16,[7, 290, 36, 10]
86,4,13,[7, 290, 36, 10]
87,4,5,[7, 290, 36, 10]
88,2,2,[300, 17]
89,4,7,[7, 290, 36, 10]
90,4,15,[7, 290, 36, 10]
91,5,7,[5, 288, 16, 8, 6]
92,5,7,[5, 288, 16, 8, 6]
93,4,11,[7, 290, 36, 10]
94,5,8,[5, 288, 16, 8, 6]
95,5,7,[5, 288, 16, 8, 6]
96,4,15,[7, 290, 36, 10]
97,4,14,[7, 290, 36, 10]
98,5,5,[8, 6, 5, 288, 16]
99,2,2,[300, 17]
100,5,7,[5, 288, 16, 8, 6]
101,2,3,[300, 17]
102,4,16,[7, 290, 36, 10]
103,4,7,[7, 290, 36, 10]
104,4,10,[7, 290, 36, 10]
105,5,6,[6, 5, 288, 16, 8]
106,5,6,[8, 6, 5, 288, 16]
107,4,8,[7, 290, 36, 10]
108,4,15,[7, 290, 36, 10]
109,5,8,[5, 288, 16, 8, 6]
110,5,6,[6, 5, 288, 16, 8]
111,4,13,[7, 290, 36, 10]
112,5,6,[6, 5, 288, 16, 8]
113,4,6,[7, 290, 36, 10]
114,5,7,[5, 288, 16, 8, 6]
115,4,13,[7, 290, 36, 10]
116,5,8,[5, 288, 16, 8, 6]
117,4,10,[7, 290, 36, 10]
118,5,10,[5, 288, 16, 8, 6]
119,5,7,[5, 288, 16, 8, 6]
120,5,7,[5, 288, 16, 8, 6]
121,4,16,[7, 290, 36, 10]
122,4,16,[7, 290, 36, 10]
123,5,7,[6, 5, 288, 16, 8]
124,4,6,[290, 36, 10, 7]
125,5,6,[6, 5, 288, 16, 8]
126,5,6,[6, 5, 288, 16, 8]
127,4,14,[7, 290, 36, 10]
128,5,7,[5, 288, 16, 8, 6]
129,4,6,[7, 290, 36, 10]
130,5,7,[5, 288, 16, 8, 6]
131,4,20,[7, 290, 36, 10]
132,5,6,[6, 5, 288, 16, 8]
133,5,7,[6, 5, 288, 16, 8]
134,5,8,[6, 5, 288, 16, 8]
135,5,7,[5, 288, 16, 8, 6]
136,4,7,[7, 290, 36, 10]
137,4,11,[7, 290, 36, 10]
138,4,13,[7, 290, 36, 10]
139,5,9,[8, 6, 5, 288, 16]
140,5,5,[8, 6, 5, 288, 16]
141,4,6,[290, 36, 10, 7]
142,4,14,[7, 290, 36, 10]
143,5,7,[5, 288, 16, 8, 6]
144,5,7,[5, 288, 16, 8, 6]
145,4,11,[7, 290, 36, 10]
146,4,16,[7, 290, 36, 10]
147,2,2,[300, 17]
148,5,7,[8, 6, 5, 288, 16]
149,2,3,[300, 17]
150,5,6,[6, 5, 288, 16, 8]
151,4,14,[7, 290, 36, 10]
152,4,5,[7, 290, 36, 10]
153,4,7,[7, 290, 36, 10]
154,5,7,[5, 288, 16, 8, 6]
155,4,4,[10, 7, 290, 36]
156,5,7,[5, 288, 16, 8, 6]
157,4,17,[7, 290, 36, 10]
158,4,6,[290, 36, 10, 7]
159,4,16,[7, 290, 36, 10]
160,5,6,[6, 5, 288, 16, 8]
161,4,5,[7, 290, 36, 10]
162,5,7,[5, 288, 16, 8, 6]
163,5,7,[8, 6, 5, 288, 16]
164,4,13,[7, 290, 36, 10]
165,4,10,[7, 290, 36, 10]
166,4,17,[7, 290, 36, 10]
167,5,7,[6, 5, 288, 16, 8]
168,5,5,[8, 6, 5, 288, 16]
169,5,7,[6, 5, 288, 16, 8]
170,5,7,[5, 288, 16, 8, 6]
171,4,5,[7, 290, 36, 10]
172,4,7,[7, 290, 36, 10]
173,4,14,[7, 290, 36, 10]
174,4,11,[7, 290, 36, 10]
175,2,2,[300, 17]
176,4,10,[7, 290, 36, 10]
177,5,9,[5, 288, 16, 8, 6]
178,5,8,[5, 288, 16, 8, 6]
179,4,8,[7, 290, 36, 10]
180,5,6,[6, 5, 288, 16, 8]
181,2,5,[300, 17]
182,4,16,[7, 290, 36, 10]
183,4,6,[290, 36, 10, 7]
184,4,18,[7, 290, 36, 10]
185,4,6,[290, 36, 10, 7]
186,4,4,[10, 7, 290, 36]
187,4,13,[7, 290, 36, 10]
188,5,8,[5, 288, 16, 8, 6]
189,5,5,[8, 6, 5, 288, 16]
190,5,7,[6, 5, 288, 16, 8]
191,5,9,[5, 288, 16, 8, 6]
192,5,6,[6, 5, 288, 16, 8]
193,4,14,[7, 290, 36, 10]
194,2,3,[300, 17]
195,4,5,[7, 290, 36, 10]
196,5,6,[6, 5, 288, 16, 8]
197,5,7,[6, 5, 288, 16, 8]
198,4,10,[7, 290, 36, 10]
199,5,8,[6, 5, 288, 16, 8]
200,5,5,[8, 6, 5, 288, 16]
