1  1  [1, 1, 1, 1, 1, 1, 1, 1, 1, 1, 1, 1, 1, 1, 1, 1, 1, 1, 1]
2  9  [6, 5, 104, 19, 118, 61, 160, 15, 8, 6, 5, 104, 19, 118, 61, 160, 15, 8, 6]
3  9  [15, 8, 6, 5, 104, 19, 118, 61, 160, 15, 8, 6, 5, 104, 19, 118, 61, 160, 15]
4  1  [4, 4, 4, 4, 4, 4, 4, 4, 4, 4, 4, 4, 4, 4, 4, 4, 4, 4, 4]
5  9  [160, 15, 8, 6, 5, 104, 19, 118, 61, 160, 15, 8, 6, 5, 104, 19, 118, 61, 160]
6  9  [61, 160, 15, 8, 6, 5, 104, 19, 118, 61, 160, 15, 8, 6, 5, 104, 19, 118, 61]
7  9  [6, 5, 104, 19, 118, 61, 160, 15, 8, 6, 5, 104, 19, 118, 61, 160, 15, 8, 6]
8  9  [118, 61, 160, 15, 8, 6, 5, 104, 19, 118, 61, 160, 15, 8, 6, 5, 104, 19, 118]
9  9  [118, 61, 160, 15, 8, 6, 5, 104, 19, 118, 61, 160, 15, 8, 6, 5, 104, 19, 118]
10  9  [8, 6, 5, 104, 19, 118, 61, 160, 15, 8, 6, 5, 104, 19, 118, 61, 160, 15, 8]
11  9  [5, 104, 19, 118, 61, 160, 15, 8, 6, 5, 104, 19, 118, 61, 160, 15, 8, 6, 5]
12  9  [8, 6, 5, 104, 19, 118, 61, 160, 15, 8, 6, 5, 104, 19, 118, 61, 160, 15, 8]
13  9  [5, 104, 19, 118, 61, 160, 15, 8, 6, 5, 104, 19, 118, 61, 160, 15, 8, 6, 5]
14  9  [19, 118, 61, 160, 15, 8, 6, 5, 104, 19, 118, 61, 160, 15, 8, 6, 5, 104, 19]
15  9  [19, 118, 61, 160, 15, 8, 6, 5, 104, 19, 118, 61, 160, 15, 8, 6, 5, 104, 19]
16  9  [19, 118, 61, 160, 15, 8, 6, 5, 104, 19, 118, 61, 160, 15, 8, 6, 5, 104, 19]
17  9  [6, 5, 104, 19, 118, 61, 160, 15, 8, 6, 5, 104, 19, 118, 61, 160, 15, 8, 6]
18  9  [19, 118, 61, 160, 15, 8, 6, 5, 104, 19, 118, 61, 160, 15, 8, 6, 5, 104, 19]
19  9  [8, 6, 5, 104, 19, 118, 61, 160, 15, 8, 6, 5, 104, 19, 118, 61, 160, 15, 8]
20  9  [19, 118, 61, 160, 15, 8, 6, 5, 104, 19, 118, 61, 160, 15, 8, 6, 5, 104, 19]
21  9  [15, 8, 6, 5, 104, 19, 118, 61, 160, 15, 8, 6, 5, 104, 19, 118, 61, 160, 15]
22  9  [6, 5, 104, 19, 118, 61, 160, 15, 8, 6, 5, 104, 19, 118, 61, 160, 15, 8, 6]
23  9  [15, 8, 6, 5, 104, 19, 118, 61, 160, 15, 8, 6, 5, 104, 19, 118, 61, 160, 15]
24  9  [19, 118, 61, 160, 15, 8, 6, 5, 104, 19, 118, 61, 160, 15, 8, 6, 5, 104, 19]
25  9  [15, 8, 6, 5, 104, 19, 118, 61, 160, 15, 8, 6, 5, 104, 19, 118, 61, 160, 15]
26  9  [104, 19, 118, 61, 160, 15, 8, 6, 5, 104, 19, 118, 61, 160, 15, 8, 6, 5, 104]
27  9  [19, 118, 61, 160, 15, 8, 6, 5, 104, 19, 118, 61, 160, 15, 8, 6, 5, 104, 19]
28  9  [6, 5, 104, 19, 118, 61, 160, 15, 8, 6, 5, 104, 19, 118, 61, 160, 15, 8, 6]
29  9  [5, 104, 19, 118, 61, 160, 15, 8, 6, 5, 104, 19, 118, 61, 160, 15, 8, 6, 5]
30  9  [15, 8, 6, 5, 104, 19, 118, 61, 160, 15, 8, 6, 5, 104, 19, 118, 61, 160, 15]
31  9  [5, 104, 19, 118, 61, 160, 15, 8, 6, 5, 104, 19, 118, 61, 160, 15, 8, 6, 5]
32  9  [15, 8, 6, 5, 104, 19, 118, 61, 160, 15, 8, 6, 5, 104, 19, 118, 61, 160, 15]
33  9  [104, 19, 118, 61, 160, 15, 8, 6, 5, 104, 19, 118, 61, 160, 15, 8, 6, 5, 104]
34  9  [15, 8, 6, 5, 104, 19, 118, 61, 160, 15, 8, 6, 5, 104, 19, 118, 61, 160, 15]
35  9  [15, 8, 6, 5, 104, 19, 118, 61, 160, 15, 8, 6, 5, 104, 19, 118, 61, 160, 15]
36  9  [15, 8, 6, 5, 104, 19, 118, 61, 160, 15, 8, 6, 5, 104, 19, 118, 61, 160, 15]
37  9  [61, 160, 15, 8, 6, 5, 104, 19, 118, 61, 160, 15, 8, 6, 5, 104, 19, 118, 61]
38  9  [160, 15, 8, 6, 5, 104, 19, 118, 61, 160, 15, 8, 6, 5, 104, 19, 118, 61, 160]
39  9  [104, 19, 118, 61, 160, 15, 8, 6, 5, 104, 19, 118, 61, 160, 15, 8, 6, 5, 104]
40  9  [6, 5, 104, 19, 118, 61, 160, 15, 8, 6, 5, 104, 19, 118, 61, 160, 15, 8, 6]
41  9  [5, 104, 19, 118, 61, 160, 15, 8, 6, 5, 104, 19, 118, 61, 160, 15, 8, 6, 5]
42  9  [15, 8, 6, 5, 104, 19, 118, 61, 160, 15, 8, 6, 5, 104, 19, 118, 61, 160, 15]
43  9  [19, 118, 61, 160, 15, 8, 6, 5, 104, 19, 118, 61, 160, 15, 8, 6, 5, 104, 19]
44  9  [104, 19, 118, 61, 160, 15, 8, 6, 5, 104, 19, 118, 61, 160, 15, 8, 6, 5, 104]
45  9  [6, 5, 104, 19, 118, 61, 160, 15, 8, 6, 5, 104, 19, 118, 61, 160, 15, 8, 6]
46  9  [160, 15, 8, 6, 5, 104, 19, 118, 61, 160, 15, 8, 6, 5, 104, 19, 118, 61, 160]
47  9  [15, 8, 6, 5, 104, 19, 118, 61, 160, 15, 8, 6, 5, 104, 19, 118, 61, 160, 15]
48  9  [6, 5, 104, 19, 118, 61, 160, 15, 8, 6, 5, 104, 19, 118, 61, 160, 15, 8, 6]
49  9  [104, 19, 118, 61, 160, 15, 8, 6, 5, 104, 19, 118, 61, 160, 15, 8, 6, 5, 104]
50  9  [15, 8, 6, 5, 104, 19, 118, 61, 160, 15, 8, 6, 5, 104, 19, 118, 61, 160, 15]
51  9  [104, 19, 118, 61, 160, 15, 8, 6, 5, 104, 19, 118, 61, 160, 15, 8, 6, 5, 104]
52  9  [8, 6, 5, 104, 19, 118, 61, 160, 15, 8, 6, 5, 104, 19, 118, 61, 160, 15, 8]
53  9  [61, 160, 15, 8, 6, 5, 104, 19, 118, 61, 160, 15, 8, 6, 5, 104, 19, 118, 61]
54  9  [6, 5, 104, 19, 118, 61, 160, 15, 8, 6, 5, 104, 19, 118, 61, 160, 15, 8, 6]
55  9  [104, 19, 118, 61, 160, 15, 8, 6, 5, 104, 19, 118, 61, 160, 15, 8, 6, 5, 104]
56  9  [6, 5, 104, 19, 118, 61, 160, 15, 8, 6, 5, 104, 19, 118, 61, 160, 15, 8, 6]
57  9  [8, 6, 5, 104, 19, 118, 61, 160, 15, 8, 6, 5, 104, 19, 118, 61, 160, 15, 8]
58  9  [6, 5, 104, 19, 118, 61, 160, 15, 8, 6, 5, 104, 19, 118, 61, 160, 15, 8, 6]
59  9  [61, 160, 15, 8, 6, 5, 104, 19, 118, 61, 160, 15, 8, 6, 5, 104, 19, 118, 61]
60  9  [15, 8, 6, 5, 104, 19, 118, 61, 160, 15, 8, 6, 5, 104, 19, 118, 61, 160, 15]
61  9  [5, 104, 19, 118, 61, 160, 15, 8, 6, 5, 104, 19, 118, 61, 160, 15, 8, 6, 5]
62  9  [5, 104, 19, 118, 61, 160, 15, 8, 6, 5, 104, 19, 118, 61, 160, 15, 8, 6, 5]
63  9  [6, 5, 104, 19, 118, 61, 160, 15, 8, 6, 5, 104, 19, 118, 61, 160, 15, 8, 6]
64  9  [15, 8, 6, 5, 104, 19, 118, 61, 160, 15, 8, 6, 5, 104, 19, 118, 61, 160, 15]
65  9  [104, 19, 118, 61, 160, 15, 8, 6, 5, 104, 19, 118, 61, 160, 15, 8, 6, 5, 104]
66  9  [104, 19, 118, 61, 160, 15, 8, 6, 5, 104, 19, 118, 61, 160, 15, 8, 6, 5, 104]
67  9  [160, 15, 8, 6, 5, 104, 19, 118, 61, 160, 15, 8, 6, 5, 104, 19, 118, 61, 160]
68  9  [160, 15, 8, 6, 5, 104, 19, 118, 61, 160, 15, 8, 6, 5, 104, 19, 118, 61, 160]
69  9  [5, 104, 19, 118, 61, 160, 15, 8, 6, 5, 104, 19, 118, 61, 160, 15, 8, 6, 5]
70  9  [104, 19, 118, 61, 160, 15, 8, 6, 5, 104, 19, 118, 61, 160, 15, 8, 6, 5, 104]
71  9  [5, 104, 19, 118, 61, 160, 15, 8, 6, 5, 104, 19, 118, 61, 160, 15, 8, 6, 5]
72  9  [15, 8, 6, 5, 104, 19, 118, 61, 160, 15, 8, 6, 5, 104, 19, 118, 61, 160, 15]
73  9  [61, 160, 15, 8, 6, 5, 104, 19, 118, 61, 160, 15, 8, 6, 5, 104, 19, 118, 61]
74  9  [5, 104, 19, 118, 61, 160, 15, 8, 6, 5, 104, 19, 118, 61, 160, 15, 8, 6, 5]
75  9  [6, 5, 104, 19, 118, 61, 160, 15, 8, 6, 5, 104, 19, 118, 61, 160, 15, 8, 6]
76  9  [160, 15, 8, 6, 5, 104, 19, 118, 61, 160, 15, 8, 6, 5, 104, 19, 118, 61, 160]
77  9  [104, 19, 118, 61, 160, 15, 8, 6, 5, 104, 19, 118, 61, 160, 15, 8, 6, 5, 104]
78  9  [104, 19, 118, 61, 160, 15, 8, 6, 5, 104, 19, 118, 61, 160, 15, 8, 6, 5, 104]
79  9  [6, 5, 104, 19, 118, 61, 160, 15, 8, 6, 5, 104, 19, 118, 61, 160, 15, 8, 6]
80  9  [6, 5, 104, 19, 118, 61, 160, 15, 8, 6, 5, 104, 19, 118, 61, 160, 15, 8, 6]
81  9  [15, 8, 6, 5, 104, 19, 118, 61, 160, 15, 8, 6, 5, 104, 19, 118, 61, 160, 15]
82  9  [104, 19, 118, 61, 160, 15, 8, 6, 5, 104, 19, 118, 61, 160, 15, 8, 6, 5, 104]
83  9  [15, 8, 6, 5, 104, 19, 118, 61, 160, 15, 8, 6, 5, 104, 19, 118, 61, 160, 15]
84  9  [104, 19, 118, 61, 160, 15, 8, 6, 5, 104, 19, 118, 61, 160, 15, 8, 6, 5, 104]
85  9  [8, 6, 5, 104, 19, 118, 61, 160, 15, 8, 6, 5, 104, 19, 118, 61, 160, 15, 8]
86  9  [8, 6, 5, 104, 19, 118, 61, 160, 15, 8, 6, 5, 104, 19, 118, 61, 160, 15, 8]
87  9  [160, 15, 8, 6, 5, 104, 19, 118, 61, 160, 15, 8, 6, 5, 104, 19, 118, 61, 160]
88  9  [8, 6, 5, 104, 19, 118, 61, 160, 15, 8, 6, 5, 104, 19, 118, 61, 160, 15, 8]
89  9  [6, 5, 104, 19, 118, 61, 160, 15, 8, 6, 5, 104, 19, 118, 61, 160, 15, 8, 6]
90  9  [6, 5, 104, 19, 118, 61, 160, 15, 8, 6, 5, 104, 19, 118, 61, 160, 15, 8, 6]
91  9  [104, 19, 118, 61, 160, 15, 8, 6, 5, 104, 19, 118, 61, 160, 15, 8, 6, 5, 104]
92  9  [104, 19, 118, 61, 160, 15, 8, 6, 5, 104, 19, 118, 61, 160, 15, 8, 6, 5, 104]
93  9  [160, 15, 8, 6, 5, 104, 19, 118, 61, 160, 15, 8, 6, 5, 104, 19, 118, 61, 160]
94  9  [5, 104, 19, 118, 61, 160, 15, 8, 6, 5, 104, 19, 118, 61, 160, 15, 8, 6, 5]
95  9  [104, 19, 118, 61, 160, 15, 8, 6, 5, 104, 19, 118, 61, 160, 15, 8, 6, 5, 104]
96  9  [6, 5, 104, 19, 118, 61, 160, 15, 8, 6, 5, 104, 19, 118, 61, 160, 15, 8, 6]
97  9  [5, 104, 19, 118, 61, 160, 15, 8, 6, 5, 104, 19, 118, 61, 160, 15, 8, 6, 5]
98  9  [104, 19, 118, 61, 160, 15, 8, 6, 5, 104, 19, 118, 61, 160, 15, 8, 6, 5, 104]
99  9  [8, 6, 5, 104, 19, 118, 61, 160, 15, 8, 6, 5, 104, 19, 118, 61, 160, 15, 8]
100  9  [104, 19, 118, 61, 160, 15, 8, 6, 5, 104, 19, 118, 61, 160, 15, 8, 6, 5, 104]
101  9  [5, 104, 19, 118, 61, 160, 15, 8, 6, 5, 104, 19, 118, 61, 160, 15, 8, 6, 5]
102  9  [8, 6, 5, 104, 19, 118, 61, 160, 15, 8, 6, 5, 104, 19, 118, 61, 160, 15, 8]
103  2  [103, 202, 103, 202, 103, 202, 103, 202, 103, 202, 103, 202, 103, 202, 103, 202, 103, 202, 103]
104  9  [15, 8, 6, 5, 104, 19, 118, 61, 160, 15, 8, 6, 5, 104, 19, 118, 61, 160, 15]
