1,1,0,[1],[0]
2,5,5,[7, 12, 42, 701, 1395],[1, 0, 0, 1, 0]
3,3,13,[13, 108, 707],[1, 0, 0]
4,1,0,[4],[0]
5,3,4,[13, 108, 707],[1, 0, 0]
6,3,5,[13, 108, 707],[1, 0, 0]
7,5,0,[7, 12, 42, 701, 1395],[1, 0, 0, 1, 0]
8,3,6,[13, 108, 707],[1, 0, 0]
9,3,6,[13, 108, 707],[1, 0, 0]
10,5,1,[7, 12, 42, 701, 1395],[1, 0, 0, 1, 0]
11,3,10,[13, 108, 707],[1, 0, 0]
12,5,0,[7, 12, 42, 701, 1395],[1, 0, 0, 1, 0]
13,3,0,[13, 108, 707],[1, 0, 0]
14,3,7,[13, 108, 707],[1, 0, 0]
15,3,7,[13, 108, 707],[1, 0, 0]
16,3,7,[13, 108, 707],[1, 0, 0]
17,3,4,[13, 108, 707],[1, 0, 0]
18,3,7,[13, 108, 707],[1, 0, 0]
19,3,13,[13, 108, 707],[1, 0, 0]
20,3,7,[13, 108, 707],[1, 0, 0]
21,5,2,[7, 12, 42, 701, 1395],[1, 0, 0, 1, 0]
22,3,1,[13, 108, 707],[1, 0, 0]
23,3,10,[13, 108, 707],[1, 0, 0]
24,3,7,[13, 108, 707],[1, 0, 0]
25,5,2,[7, 12, 42, 701, 1395],[1, 0, 0, 1, 0]
26,3,8,[13, 108, 707],[1, 0, 0]
27,3,7,[13, 108, 707],[1, 0, 0]
28,3,11,[13, 108, 707],[1, 0, 0]
29,3,11,[13, 108, 707],[1, 0, 0]
30,5,2,[7, 12, 42, 701, 1395],[1, 0, 0, 1, 0]
31,3,10,[13, 108, 707],[1, 0, 0]
32,5,2,[7, 12, 42, 701, 1395],[1, 0, 0, 1, 0]
33,3,8,[13, 108, 707],[1, 0, 0]
34,3,14,[13, 108, 707],[1, 0, 0]
35,5,1,[7, 12, 42, 701, 1395],[1, 0, 0, 1, 0]
36,5,2,[7, 12, 42, 701, 1395],[1, 0, 0, 1, 0]
37,5,3,[7, 12, 42, 701, 1395],[1, 0, 0, 1, 0]
38,5,3,[7, 12, 42, 701, 1395],[1, 0, 0, 1, 0]
39,3,8,[13, 108, 707],[1, 0, 0]
40,3,11,[13, 108, 707],[1, 0, 0]
41,3,3,[13, 108, 707],[1, 0, 0]
42,5,0,[7, 12, 42, 701, 1395],[1, 0, 0, 1, 0]
43,3,10,[13, 108, 707],[1, 0, 0]
44,3,8,[13, 108, 707],[1, 0, 0]
45,3,11,[13, 108, 707],[1, 0, 0]
46,5,3,[7, 12, 42, 701, 1395],[1, 0, 0, 1, 0]
47,5,3,[7, 12, 42, 701, 1395],[1, 0, 0, 1, 0]
48,3,11,[13, 108, 707],[1, 0, 0]
49,3,8,[13, 108, 707],[1, 0, 0]
50,5,1,[7, 12, 42, 701, 1395],[1, 0, 0, 1, 0]
51,3,8,[13, 108, 707],[1, 0, 0]
52,3,5,[13, 108, 707],[1, 0, 0]
53,5,7,[7, 12, 42, 701, 1395],[1, 0, 0, 1, 0]
54,3,11,[13, 108, 707],[1, 0, 0]
55,3,8,[13, 108, 707],[1, 0, 0]
56,3,1,[13, 108, 707],[1, 0, 0]
57,3,2,[13, 108, 707],[1, 0, 0]
58,3,11,[13, 108, 707],[1, 0, 0]
59,5,7,[7, 12, 42, 701, 1395],[1, 0, 0, 1, 0]
60,5,1,[7, 12, 42, 701, 1395],[1, 0, 0, 1, 0]
61,3,10,[13, 108, 707],[1, 0, 0]
62,3,9,[13, 108, 707],[1, 0, 0]
63,3,1,[13, 108, 707],[1, 0, 0]
64,5,1,[7, 12, 42, 701, 1395],[1, 0, 0, 1, 0]
65,3,8,[13, 108, 707],[1, 0, 0]
66,3,8,[13, 108, 707],[1, 0, 0]
67,3,11,[13, 108, 707],[1, 0, 0]
68,5,3,[7, 12, 42, 701, 1395],[1, 0, 0, 1, 0]
69,3,9,[13, 108, 707],[1, 0, 0]
70,3,8,[13, 108, 707],[1, 0, 0]
71,3,13,[13, 108, 707],[1, 0, 0]
72,5,1,[7, 12, 42, 701, 1395],[1, 0, 0, 1, 0]
73,5,3,[7, 12, 42, 701, 1395],[1, 0, 0, 1, 0]
74,3,9,[13, 108, 707],[1, 0, 0]
75,3,1,[13, 108, 707],[1, 0, 0]
76,3,11,[13, 108, 707],[1, 0, 0]
77,3,8,[13, 108, 707],[1, 0, 0]
78,3,8,[13, 108, 707],[1, 0, 0]
79,3,12,[13, 108, 707],[1, 0, 0]
80,3,1,[13, 108, 707],[1, 0, 0]
81,5,1,[7, 12, 42, 701, 1395],[1, 0, 0, 1, 0]
82,3,11,[13, 108, 707],[1, 0, 0]
83,5,5,[7, 12, 42, 701, 1395],[1, 0, 0, 1, 0]
84,3,8,[13, 108, 707],[1, 0, 0]
85,3,2,[13, 108, 707],[1, 0, 0]
86,3,12,[13, 108, 707],[1, 0, 0]
87,5,3,[7, 12, 42, 701, 1395],[1, 0, 0, 1, 0]
88,3,5,[13, 108, 707],[1, 0, 0]
89,5,5,[7, 12, 42, 701, 1395],[1, 0, 0, 1, 0]
90,3,1,[13, 108, 707],[1, 0, 0]
91,3,8,[13, 108, 707],[1, 0, 0]
92,3,8,[13, 108, 707],[1, 0, 0]
93,3,15,[13, 108, 707],[1, 0, 0]
94,3,9,[13, 108, 707],[1, 0, 0]
95,3,8,[13, 108, 707],[1, 0, 0]
96,3,1,[13, 108, 707],[1, 0, 0]
97,3,10,[13, 108, 707],[1, 0, 0]
98,3,8,[13, 108, 707],[1, 0, 0]
99,3,5,[13, 108, 707],[1, 0, 0]
100,3,8,[13, 108, 707],[1, 0, 0]
