1,1,0,[1],[0]
2,13,3,[5, 6, 7, 9, 10, 14, 21, 33, 62, 275, 277, 547, 817],[1, 0, 1, 0, 0, 0, 0, 0, 0, 0, 1, 1, 0]
3,13,10,[5, 6, 7, 9, 10, 14, 21, 33, 62, 275, 277, 547, 817],[1, 0, 1, 0, 0, 0, 0, 0, 0, 0, 1, 1, 0]
4,1,0,[4],[0]
5,13,0,[5, 6, 7, 9, 10, 14, 21, 33, 62, 275, 277, 547, 817],[1, 0, 1, 0, 0, 0, 0, 0, 0, 0, 1, 1, 0]
6,13,0,[5, 6, 7, 9, 10, 14, 21, 33, 62, 275, 277, 547, 817],[1, 0, 1, 0, 0, 0, 0, 0, 0, 0, 1, 1, 0]
7,13,0,[5, 6, 7, 9, 10, 14, 21, 33, 62, 275, 277, 547, 817],[1, 0, 1, 0, 0, 0, 0, 0, 0, 0, 1, 1, 0]
8,13,1,[5, 6, 7, 9, 10, 14, 21, 33, 62, 275, 277, 547, 817],[1, 0, 1, 0, 0, 0, 0, 0, 0, 0, 1, 1, 0]
9,13,0,[5, 6, 7, 9, 10, 14, 21, 33, 62, 275, 277, 547, 817],[1, 0, 1, 0, 0, 0, 0, 0, 0, 0, 1, 1, 0]
10,13,0,[5, 6, 7, 9, 10, 14, 21, 33, 62, 275, 277, 547, 817],[1, 0, 1, 0, 0, 0, 0, 0, 0, 0, 1, 1, 0]
11,4,0,[11, 48, 281, 551],[1, 0, 1, 0]
12,13,1,[5, 6, 7, 9, 10, 14, 21, 33, 62, 275, 277, 547, 817],[1, 0, 1, 0, 0, 0, 0, 0, 0, 0, 1, 1, 0]
13,4,5,[11, 48, 281, 551],[1, 0, 1, 0]
14,13,0,[5, 6, 7, 9, 10, 14, 21, 33, 62, 275, 277, 547, 817],[1, 0, 1, 0, 0, 0, 0, 0, 0, 0, 1, 1, 0]
15,13,2,[5, 6, 7, 9, 10, 14, 21, 33, 62, 275, 277, 547, 817],[1, 0, 1, 0, 0, 0, 0, 0, 0, 0, 1, 1, 0]
16,13,2,[5, 6, 7, 9, 10, 14, 21, 33, 62, 275, 277, 547, 817],[1, 0, 1, 0, 0, 0, 0, 0, 0, 0, 1, 1, 0]
17,4,2,[11, 48, 281, 551],[1, 0, 1, 0]
18,13,2,[5, 6, 7, 9, 10, 14, 21, 33, 62, 275, 277, 547, 817],[1, 0, 1, 0, 0, 0, 0, 0, 0, 0, 1, 1, 0]
19,3,0,[19, 34, 289],[1, 0, 0]
20,13,1,[5, 6, 7, 9, 10, 14, 21, 33, 62, 275, 277, 547, 817],[1, 0, 1, 0, 0, 0, 0, 0, 0, 0, 1, 1, 0]
21,13,0,[5, 6, 7, 9, 10, 14, 21, 33, 62, 275, 277, 547, 817],[1, 0, 1, 0, 0, 0, 0, 0, 0, 0, 1, 1, 0]
22,4,6,[11, 48, 281, 551],[1, 0, 1, 0]
23,13,8,[5, 6, 7, 9, 10, 14, 21, 33, 62, 275, 277, 547, 817],[1, 0, 1, 0, 0, 0, 0, 0, 0, 0, 1, 1, 0]
24,13,1,[5, 6, 7, 9, 10, 14, 21, 33, 62, 275, 277, 547, 817],[1, 0, 1, 0, 0, 0, 0, 0, 0, 0, 1, 1, 0]
25,13,1,[5, 6, 7, 9, 10, 14, 21, 33, 62, 275, 277, 547, 817],[1, 0, 1, 0, 0, 0, 0, 0, 0, 0, 1, 1, 0]
26,13,3,[5, 6, 7, 9, 10, 14, 21, 33, 62, 275, 277, 547, 817],[1, 0, 1, 0, 0, 0, 0, 0, 0, 0, 1, 1, 0]
27,13,1,[5, 6, 7, 9, 10, 14, 21, 33, 62, 275, 277, 547, 817],[1, 0, 1, 0, 0, 0, 0, 0, 0, 0, 1, 1, 0]
28,4,1,[11, 48, 281, 551],[1, 0, 1, 0]
29,13,3,[5, 6, 7, 9, 10, 14, 21, 33, 62, 275, 277, 547, 817],[1, 0, 1, 0, 0, 0, 0, 0, 0, 0, 1, 1, 0]
30,13,1,[5, 6, 7, 9, 10, 14, 21, 33, 62, 275, 277, 547, 817],[1, 0, 1, 0, 0, 0, 0, 0, 0, 0, 1, 1, 0]
31,13,4,[5, 6, 7, 9, 10, 14, 21, 33, 62, 275, 277, 547, 817],[1, 0, 1, 0, 0, 0, 0, 0, 0, 0, 1, 1, 0]
32,13,1,[5, 6, 7, 9, 10, 14, 21, 33, 62, 275, 277, 547, 817],[1, 0, 1, 0, 0, 0, 0, 0, 0, 0, 1, 1, 0]
33,13,0,[5, 6, 7, 9, 10, 14, 21, 33, 62, 275, 277, 547, 817],[1, 0, 1, 0, 0, 0, 0, 0, 0, 0, 1, 1, 0]
34,3,0,[19, 34, 289],[1, 0, 0]
35,13,2,[5, 6, 7, 9, 10, 14, 21, 33, 62, 275, 277, 547, 817],[1, 0, 1, 0, 0, 0, 0, 0, 0, 0, 1, 1, 0]
36,13,1,[5, 6, 7, 9, 10, 14, 21, 33, 62, 275, 277, 547, 817],[1, 0, 1, 0, 0, 0, 0, 0, 0, 0, 1, 1, 0]
37,13,7,[5, 6, 7, 9, 10, 14, 21, 33, 62, 275, 277, 547, 817],[1, 0, 1, 0, 0, 0, 0, 0, 0, 0, 1, 1, 0]
38,13,1,[5, 6, 7, 9, 10, 14, 21, 33, 62, 275, 277, 547, 817],[1, 0, 1, 0, 0, 0, 0, 0, 0, 0, 1, 1, 0]
39,13,3,[5, 6, 7, 9, 10, 14, 21, 33, 62, 275, 277, 547, 817],[1, 0, 1, 0, 0, 0, 0, 0, 0, 0, 1, 1, 0]
40,4,1,[11, 48, 281, 551],[1, 0, 1, 0]
41,4,9,[11, 48, 281, 551],[1, 0, 1, 0]
42,13,2,[5, 6, 7, 9, 10, 14, 21, 33, 62, 275, 277, 547, 817],[1, 0, 1, 0, 0, 0, 0, 0, 0, 0, 1, 1, 0]
43,13,5,[5, 6, 7, 9, 10, 14, 21, 33, 62, 275, 277, 547, 817],[1, 0, 1, 0, 0, 0, 0, 0, 0, 0, 1, 1, 0]
44,13,3,[5, 6, 7, 9, 10, 14, 21, 33, 62, 275, 277, 547, 817],[1, 0, 1, 0, 0, 0, 0, 0, 0, 0, 1, 1, 0]
45,4,1,[11, 48, 281, 551],[1, 0, 1, 0]
46,13,2,[5, 6, 7, 9, 10, 14, 21, 33, 62, 275, 277, 547, 817],[1, 0, 1, 0, 0, 0, 0, 0, 0, 0, 1, 1, 0]
47,13,12,[5, 6, 7, 9, 10, 14, 21, 33, 62, 275, 277, 547, 817],[1, 0, 1, 0, 0, 0, 0, 0, 0, 0, 1, 1, 0]
48,4,0,[11, 48, 281, 551],[1, 0, 1, 0]
49,13,1,[5, 6, 7, 9, 10, 14, 21, 33, 62, 275, 277, 547, 817],[1, 0, 1, 0, 0, 0, 0, 0, 0, 0, 1, 1, 0]
50,13,2,[5, 6, 7, 9, 10, 14, 21, 33, 62, 275, 277, 547, 817],[1, 0, 1, 0, 0, 0, 0, 0, 0, 0, 1, 1, 0]
51,13,2,[5, 6, 7, 9, 10, 14, 21, 33, 62, 275, 277, 547, 817],[1, 0, 1, 0, 0, 0, 0, 0, 0, 0, 1, 1, 0]
52,4,3,[11, 48, 281, 551],[1, 0, 1, 0]
53,13,3,[5, 6, 7, 9, 10, 14, 21, 33, 62, 275, 277, 547, 817],[1, 0, 1, 0, 0, 0, 0, 0, 0, 0, 1, 1, 0]
54,4,1,[11, 48, 281, 551],[1, 0, 1, 0]
55,13,3,[5, 6, 7, 9, 10, 14, 21, 33, 62, 275, 277, 547, 817],[1, 0, 1, 0, 0, 0, 0, 0, 0, 0, 1, 1, 0]
56,4,6,[11, 48, 281, 551],[1, 0, 1, 0]
57,4,7,[11, 48, 281, 551],[1, 0, 1, 0]
58,13,5,[5, 6, 7, 9, 10, 14, 21, 33, 62, 275, 277, 547, 817],[1, 0, 1, 0, 0, 0, 0, 0, 0, 0, 1, 1, 0]
59,4,3,[11, 48, 281, 551],[1, 0, 1, 0]
60,13,2,[5, 6, 7, 9, 10, 14, 21, 33, 62, 275, 277, 547, 817],[1, 0, 1, 0, 0, 0, 0, 0, 0, 0, 1, 1, 0]
61,4,10,[11, 48, 281, 551],[1, 0, 1, 0]
62,13,0,[5, 6, 7, 9, 10, 14, 21, 33, 62, 275, 277, 547, 817],[1, 0, 1, 0, 0, 0, 0, 0, 0, 0, 1, 1, 0]
63,4,6,[11, 48, 281, 551],[1, 0, 1, 0]
64,13,2,[5, 6, 7, 9, 10, 14, 21, 33, 62, 275, 277, 547, 817],[1, 0, 1, 0, 0, 0, 0, 0, 0, 0, 1, 1, 0]
65,13,3,[5, 6, 7, 9, 10, 14, 21, 33, 62, 275, 277, 547, 817],[1, 0, 1, 0, 0, 0, 0, 0, 0, 0, 1, 1, 0]
66,13,3,[5, 6, 7, 9, 10, 14, 21, 33, 62, 275, 277, 547, 817],[1, 0, 1, 0, 0, 0, 0, 0, 0, 0, 1, 1, 0]
67,13,6,[5, 6, 7, 9, 10, 14, 21, 33, 62, 275, 277, 547, 817],[1, 0, 1, 0, 0, 0, 0, 0, 0, 0, 1, 1, 0]
68,13,1,[5, 6, 7, 9, 10, 14, 21, 33, 62, 275, 277, 547, 817],[1, 0, 1, 0, 0, 0, 0, 0, 0, 0, 1, 1, 0]
69,13,4,[5, 6, 7, 9, 10, 14, 21, 33, 62, 275, 277, 547, 817],[1, 0, 1, 0, 0, 0, 0, 0, 0, 0, 1, 1, 0]
70,13,1,[5, 6, 7, 9, 10, 14, 21, 33, 62, 275, 277, 547, 817],[1, 0, 1, 0, 0, 0, 0, 0, 0, 0, 1, 1, 0]
71,13,4,[5, 6, 7, 9, 10, 14, 21, 33, 62, 275, 277, 547, 817],[1, 0, 1, 0, 0, 0, 0, 0, 0, 0, 1, 1, 0]
72,13,2,[5, 6, 7, 9, 10, 14, 21, 33, 62, 275, 277, 547, 817],[1, 0, 1, 0, 0, 0, 0, 0, 0, 0, 1, 1, 0]
73,13,2,[5, 6, 7, 9, 10, 14, 21, 33, 62, 275, 277, 547, 817],[1, 0, 1, 0, 0, 0, 0, 0, 0, 0, 1, 1, 0]
74,13,4,[5, 6, 7, 9, 10, 14, 21, 33, 62, 275, 277, 547, 817],[1, 0, 1, 0, 0, 0, 0, 0, 0, 0, 1, 1, 0]
75,4,6,[11, 48, 281, 551],[1, 0, 1, 0]
76,13,9,[5, 6, 7, 9, 10, 14, 21, 33, 62, 275, 277, 547, 817],[1, 0, 1, 0, 0, 0, 0, 0, 0, 0, 1, 1, 0]
77,13,3,[5, 6, 7, 9, 10, 14, 21, 33, 62, 275, 277, 547, 817],[1, 0, 1, 0, 0, 0, 0, 0, 0, 0, 1, 1, 0]
78,13,3,[5, 6, 7, 9, 10, 14, 21, 33, 62, 275, 277, 547, 817],[1, 0, 1, 0, 0, 0, 0, 0, 0, 0, 1, 1, 0]
79,13,9,[5, 6, 7, 9, 10, 14, 21, 33, 62, 275, 277, 547, 817],[1, 0, 1, 0, 0, 0, 0, 0, 0, 0, 1, 1, 0]
80,4,6,[11, 48, 281, 551],[1, 0, 1, 0]
81,13,2,[5, 6, 7, 9, 10, 14, 21, 33, 62, 275, 277, 547, 817],[1, 0, 1, 0, 0, 0, 0, 0, 0, 0, 1, 1, 0]
82,13,6,[5, 6, 7, 9, 10, 14, 21, 33, 62, 275, 277, 547, 817],[1, 0, 1, 0, 0, 0, 0, 0, 0, 0, 1, 1, 0]
83,4,9,[11, 48, 281, 551],[1, 0, 1, 0]
84,13,1,[5, 6, 7, 9, 10, 14, 21, 33, 62, 275, 277, 547, 817],[1, 0, 1, 0, 0, 0, 0, 0, 0, 0, 1, 1, 0]
85,4,7,[11, 48, 281, 551],[1, 0, 1, 0]
86,4,2,[11, 48, 281, 551],[1, 0, 1, 0]
87,13,2,[5, 6, 7, 9, 10, 14, 21, 33, 62, 275, 277, 547, 817],[1, 0, 1, 0, 0, 0, 0, 0, 0, 0, 1, 1, 0]
88,4,3,[11, 48, 281, 551],[1, 0, 1, 0]
89,4,4,[11, 48, 281, 551],[1, 0, 1, 0]
90,4,6,[11, 48, 281, 551],[1, 0, 1, 0]
91,13,2,[5, 6, 7, 9, 10, 14, 21, 33, 62, 275, 277, 547, 817],[1, 0, 1, 0, 0, 0, 0, 0, 0, 0, 1, 1, 0]
92,13,2,[5, 6, 7, 9, 10, 14, 21, 33, 62, 275, 277, 547, 817],[1, 0, 1, 0, 0, 0, 0, 0, 0, 0, 1, 1, 0]
93,3,1,[19, 34, 289],[1, 0, 0]
94,13,2,[5, 6, 7, 9, 10, 14, 21, 33, 62, 275, 277, 547, 817],[1, 0, 1, 0, 0, 0, 0, 0, 0, 0, 1, 1, 0]
95,13,2,[5, 6, 7, 9, 10, 14, 21, 33, 62, 275, 277, 547, 817],[1, 0, 1, 0, 0, 0, 0, 0, 0, 0, 1, 1, 0]
96,4,6,[11, 48, 281, 551],[1, 0, 1, 0]
97,13,4,[5, 6, 7, 9, 10, 14, 21, 33, 62, 275, 277, 547, 817],[1, 0, 1, 0, 0, 0, 0, 0, 0, 0, 1, 1, 0]
98,13,3,[5, 6, 7, 9, 10, 14, 21, 33, 62, 275, 277, 547, 817],[1, 0, 1, 0, 0, 0, 0, 0, 0, 0, 1, 1, 0]
99,4,3,[11, 48, 281, 551],[1, 0, 1, 0]
100,13,1,[5, 6, 7, 9, 10, 14, 21, 33, 62, 275, 277, 547, 817],[1, 0, 1, 0, 0, 0, 0, 0, 0, 0, 1, 1, 0]
