1,1,0,[1]
2,3,11,[13, 308, 22]
3,3,14,[13, 308, 22]
4,1,0,[4]
5,3,6,[13, 308, 22]
6,3,7,[13, 308, 22]
7,3,15,[308, 22, 13]
8,3,8,[13, 308, 22]
9,3,8,[13, 308, 22]
10,3,16,[308, 22, 13]
11,3,19,[308, 22, 13]
12,3,16,[308, 22, 13]
13,3,2,[308, 22, 13]
14,3,9,[13, 308, 22]
15,3,9,[13, 308, 22]
16,3,9,[13, 308, 22]
17,3,4,[13, 308, 22]
18,3,9,[13, 308, 22]
19,3,6,[308, 22, 13]
20,3,9,[13, 308, 22]
21,3,17,[308, 22, 13]
22,3,2,[13, 308, 22]
23,3,12,[308, 22, 13]
24,3,9,[13, 308, 22]
25,3,17,[308, 22, 13]
26,3,10,[13, 308, 22]
27,3,9,[13, 308, 22]
28,3,20,[308, 22, 13]
29,3,11,[13, 308, 22]
30,3,17,[308, 22, 13]
31,3,9,[308, 22, 13]
32,3,17,[308, 22, 13]
33,3,10,[13, 308, 22]
34,3,7,[308, 22, 13]
35,3,17,[308, 22, 13]
36,3,17,[308, 22, 13]
37,3,20,[308, 22, 13]
38,3,18,[308, 22, 13]
39,3,10,[13, 308, 22]
40,3,20,[308, 22, 13]
41,3,11,[13, 308, 22]
42,3,17,[308, 22, 13]
43,3,22,[308, 22, 13]
44,3,10,[13, 308, 22]
45,3,20,[308, 22, 13]
46,3,18,[308, 22, 13]
47,3,11,[13, 308, 22]
48,3,20,[308, 22, 13]
49,3,10,[13, 308, 22]
50,3,17,[308, 22, 13]
51,3,10,[13, 308, 22]
52,3,5,[13, 308, 22]
53,3,19,[308, 22, 13]
54,3,20,[308, 22, 13]
55,3,10,[13, 308, 22]
56,3,3,[308, 22, 13]
57,3,3,[13, 308, 22]
58,3,10,[308, 22, 13]
59,3,19,[308, 22, 13]
60,3,17,[308, 22, 13]
61,3,10,[308, 22, 13]
62,3,11,[13, 308, 22]
63,3,3,[308, 22, 13]
64,3,17,[308, 22, 13]
65,3,10,[13, 308, 22]
66,3,10,[13, 308, 22]
67,3,20,[308, 22, 13]
68,3,18,[308, 22, 13]
69,3,11,[13, 308, 22]
70,3,10,[13, 308, 22]
71,3,12,[13, 308, 22]
72,3,17,[308, 22, 13]
73,3,11,[308, 22, 13]
74,3,11,[13, 308, 22]
75,3,3,[308, 22, 13]
76,3,13,[308, 22, 13]
77,3,10,[13, 308, 22]
78,3,10,[13, 308, 22]
79,3,19,[308, 22, 13]
80,3,3,[308, 22, 13]
81,3,17,[308, 22, 13]
82,3,23,[308, 22, 13]
83,3,11,[13, 308, 22]
84,3,10,[13, 308, 22]
85,3,3,[13, 308, 22]
86,3,21,[308, 22, 13]
87,3,18,[308, 22, 13]
88,3,5,[13, 308, 22]
89,3,6,[13, 308, 22]
90,3,3,[308, 22, 13]
91,3,10,[13, 308, 22]
92,3,10,[13, 308, 22]
93,3,8,[308, 22, 13]
94,3,11,[13, 308, 22]
95,3,10,[13, 308, 22]
96,3,3,[308, 22, 13]
97,3,11,[13, 308, 22]
98,3,10,[13, 308, 22]
99,3,5,[13, 308, 22]
100,3,10,[13, 308, 22]
101,3,19,[308, 22, 13]
102,3,3,[13, 308, 22]
103,3,13,[13, 308, 22]
104,3,7,[308, 22, 13]
105,3,10,[13, 308, 22]
106,3,11,[13, 308, 22]
107,3,19,[308, 22, 13]
108,3,3,[308, 22, 13]
109,3,12,[13, 308, 22]
110,3,10,[13, 308, 22]
111,3,21,[308, 22, 13]
112,3,10,[13, 308, 22]
113,3,12,[13, 308, 22]
114,3,10,[13, 308, 22]
115,3,21,[308, 22, 13]
116,3,11,[13, 308, 22]
117,3,7,[308, 22, 13]
118,3,11,[308, 22, 13]
119,3,10,[13, 308, 22]
120,3,10,[13, 308, 22]
121,3,3,[13, 308, 22]
122,3,4,[308, 22, 13]
123,3,11,[13, 308, 22]
124,3,18,[308, 22, 13]
125,3,10,[13, 308, 22]
126,3,10,[13, 308, 22]
127,3,14,[13, 308, 22]
128,3,10,[13, 308, 22]
129,3,19,[308, 22, 13]
130,3,10,[13, 308, 22]
131,3,15,[308, 22, 13]
132,3,10,[13, 308, 22]
133,3,11,[13, 308, 22]
134,3,12,[13, 308, 22]
135,3,10,[13, 308, 22]
136,3,13,[308, 22, 13]
137,3,6,[13, 308, 22]
138,3,21,[308, 22, 13]
139,3,22,[308, 22, 13]
140,3,10,[13, 308, 22]
141,3,18,[308, 22, 13]
142,3,12,[308, 22, 13]
143,3,10,[13, 308, 22]
144,3,10,[13, 308, 22]
145,3,8,[308, 22, 13]
146,3,4,[308, 22, 13]
147,3,5,[13, 308, 22]
148,3,12,[13, 308, 22]
149,3,12,[13, 308, 22]
150,3,10,[13, 308, 22]
151,3,12,[13, 308, 22]
152,3,18,[308, 22, 13]
153,3,13,[308, 22, 13]
154,3,10,[13, 308, 22]
155,3,18,[308, 22, 13]
156,3,10,[13, 308, 22]
157,3,9,[308, 22, 13]
158,3,18,[308, 22, 13]
159,3,4,[308, 22, 13]
160,3,10,[13, 308, 22]
161,3,18,[308, 22, 13]
162,3,10,[13, 308, 22]
163,3,20,[308, 22, 13]
164,3,21,[308, 22, 13]
165,3,7,[308, 22, 13]
166,3,4,[13, 308, 22]
167,3,14,[308, 22, 13]
168,3,10,[13, 308, 22]
169,3,11,[13, 308, 22]
170,3,10,[13, 308, 22]
171,3,18,[308, 22, 13]
172,3,12,[13, 308, 22]
173,3,14,[308, 22, 13]
174,3,8,[308, 22, 13]
175,3,5,[13, 308, 22]
176,3,7,[308, 22, 13]
177,3,12,[13, 308, 22]
178,3,11,[13, 308, 22]
179,3,12,[13, 308, 22]
180,3,10,[13, 308, 22]
181,3,22,[308, 22, 13]
182,3,3,[13, 308, 22]
183,3,18,[308, 22, 13]
184,3,12,[13, 308, 22]
185,3,18,[308, 22, 13]
186,3,18,[308, 22, 13]
187,3,21,[308, 22, 13]
188,3,11,[13, 308, 22]
189,3,10,[13, 308, 22]
190,3,11,[13, 308, 22]
191,3,6,[13, 308, 22]
192,3,10,[13, 308, 22]
193,3,22,[308, 22, 13]
194,3,6,[13, 308, 22]
195,3,18,[308, 22, 13]
196,3,10,[13, 308, 22]
197,3,22,[308, 22, 13]
198,3,7,[308, 22, 13]
199,3,9,[308, 22, 13]
200,3,10,[13, 308, 22]
