1,1,0,[1]
2,17,22,[5, 448, 19, 462, 23, 466, 235, 52, 17, 460, 32, 10, 7, 450, 18, 8, 6]
3,17,20,[6, 5, 448, 19, 462, 23, 466, 235, 52, 17, 460, 32, 10, 7, 450, 18, 8]
4,1,0,[4]
5,17,16,[448, 19, 462, 23, 466, 235, 52, 17, 460, 32, 10, 7, 450, 18, 8, 6, 5]
6,17,16,[5, 448, 19, 462, 23, 466, 235, 52, 17, 460, 32, 10, 7, 450, 18, 8, 6]
7,17,16,[450, 18, 8, 6, 5, 448, 19, 462, 23, 466, 235, 52, 17, 460, 32, 10, 7]
8,17,16,[6, 5, 448, 19, 462, 23, 466, 235, 52, 17, 460, 32, 10, 7, 450, 18, 8]
9,17,17,[5, 448, 19, 462, 23, 466, 235, 52, 17, 460, 32, 10, 7, 450, 18, 8, 6]
10,17,16,[7, 450, 18, 8, 6, 5, 448, 19, 462, 23, 466, 235, 52, 17, 460, 32, 10]
11,17,22,[5, 448, 19, 462, 23, 466, 235, 52, 17, 460, 32, 10, 7, 450, 18, 8, 6]
12,17,17,[450, 18, 8, 6, 5, 448, 19, 462, 23, 466, 235, 52, 17, 460, 32, 10, 7]
13,17,25,[5, 448, 19, 462, 23, 466, 235, 52, 17, 460, 32, 10, 7, 450, 18, 8, 6]
14,17,18,[5, 448, 19, 462, 23, 466, 235, 52, 17, 460, 32, 10, 7, 450, 18, 8, 6]
15,17,17,[6, 5, 448, 19, 462, 23, 466, 235, 52, 17, 460, 32, 10, 7, 450, 18, 8]
16,17,17,[6, 5, 448, 19, 462, 23, 466, 235, 52, 17, 460, 32, 10, 7, 450, 18, 8]
17,17,16,[460, 32, 10, 7, 450, 18, 8, 6, 5, 448, 19, 462, 23, 466, 235, 52, 17]
18,17,16,[8, 6, 5, 448, 19, 462, 23, 466, 235, 52, 17, 460, 32, 10, 7, 450, 18]
19,17,16,[462, 23, 466, 235, 52, 17, 460, 32, 10, 7, 450, 18, 8, 6, 5, 448, 19]
20,17,18,[5, 448, 19, 462, 23, 466, 235, 52, 17, 460, 32, 10, 7, 450, 18, 8, 6]
21,17,17,[7, 450, 18, 8, 6, 5, 448, 19, 462, 23, 466, 235, 52, 17, 460, 32, 10]
22,17,26,[5, 448, 19, 462, 23, 466, 235, 52, 17, 460, 32, 10, 7, 450, 18, 8, 6]
23,17,16,[466, 235, 52, 17, 460, 32, 10, 7, 450, 18, 8, 6, 5, 448, 19, 462, 23]
24,17,18,[5, 448, 19, 462, 23, 466, 235, 52, 17, 460, 32, 10, 7, 450, 18, 8, 6]
25,17,17,[7, 450, 18, 8, 6, 5, 448, 19, 462, 23, 466, 235, 52, 17, 460, 32, 10]
26,17,18,[6, 5, 448, 19, 462, 23, 466, 235, 52, 17, 460, 32, 10, 7, 450, 18, 8]
27,17,18,[5, 448, 19, 462, 23, 466, 235, 52, 17, 460, 32, 10, 7, 450, 18, 8, 6]
28,17,23,[5, 448, 19, 462, 23, 466, 235, 52, 17, 460, 32, 10, 7, 450, 18, 8, 6]
29,17,19,[8, 6, 5, 448, 19, 462, 23, 466, 235, 52, 17, 460, 32, 10, 7, 450, 18]
30,17,17,[7, 450, 18, 8, 6, 5, 448, 19, 462, 23, 466, 235, 52, 17, 460, 32, 10]
31,17,21,[5, 448, 19, 462, 23, 466, 235, 52, 17, 460, 32, 10, 7, 450, 18, 8, 6]
32,17,16,[10, 7, 450, 18, 8, 6, 5, 448, 19, 462, 23, 466, 235, 52, 17, 460, 32]
33,17,19,[5, 448, 19, 462, 23, 466, 235, 52, 17, 460, 32, 10, 7, 450, 18, 8, 6]
34,17,17,[462, 23, 466, 235, 52, 17, 460, 32, 10, 7, 450, 18, 8, 6, 5, 448, 19]
35,17,18,[450, 18, 8, 6, 5, 448, 19, 462, 23, 466, 235, 52, 17, 460, 32, 10, 7]
36,17,17,[7, 450, 18, 8, 6, 5, 448, 19, 462, 23, 466, 235, 52, 17, 460, 32, 10]
37,17,18,[8, 6, 5, 448, 19, 462, 23, 466, 235, 52, 17, 460, 32, 10, 7, 450, 18]
38,17,18,[7, 450, 18, 8, 6, 5, 448, 19, 462, 23, 466, 235, 52, 17, 460, 32, 10]
39,17,18,[6, 5, 448, 19, 462, 23, 466, 235, 52, 17, 460, 32, 10, 7, 450, 18, 8]
40,17,23,[5, 448, 19, 462, 23, 466, 235, 52, 17, 460, 32, 10, 7, 450, 18, 8, 6]
41,17,20,[6, 5, 448, 19, 462, 23, 466, 235, 52, 17, 460, 32, 10, 7, 450, 18, 8]
42,17,18,[450, 18, 8, 6, 5, 448, 19, 462, 23, 466, 235, 52, 17, 460, 32, 10, 7]
43,17,18,[460, 32, 10, 7, 450, 18, 8, 6, 5, 448, 19, 462, 23, 466, 235, 52, 17]
44,17,18,[6, 5, 448, 19, 462, 23, 466, 235, 52, 17, 460, 32, 10, 7, 450, 18, 8]
45,17,23,[5, 448, 19, 462, 23, 466, 235, 52, 17, 460, 32, 10, 7, 450, 18, 8, 6]
46,17,18,[7, 450, 18, 8, 6, 5, 448, 19, 462, 23, 466, 235, 52, 17, 460, 32, 10]
47,17,19,[7, 450, 18, 8, 6, 5, 448, 19, 462, 23, 466, 235, 52, 17, 460, 32, 10]
48,17,23,[5, 448, 19, 462, 23, 466, 235, 52, 17, 460, 32, 10, 7, 450, 18, 8, 6]
49,17,19,[5, 448, 19, 462, 23, 466, 235, 52, 17, 460, 32, 10, 7, 450, 18, 8, 6]
50,17,18,[450, 18, 8, 6, 5, 448, 19, 462, 23, 466, 235, 52, 17, 460, 32, 10, 7]
51,17,19,[5, 448, 19, 462, 23, 466, 235, 52, 17, 460, 32, 10, 7, 450, 18, 8, 6]
52,17,16,[17, 460, 32, 10, 7, 450, 18, 8, 6, 5, 448, 19, 462, 23, 466, 235, 52]
53,17,20,[6, 5, 448, 19, 462, 23, 466, 235, 52, 17, 460, 32, 10, 7, 450, 18, 8]
54,17,23,[5, 448, 19, 462, 23, 466, 235, 52, 17, 460, 32, 10, 7, 450, 18, 8, 6]
55,17,18,[6, 5, 448, 19, 462, 23, 466, 235, 52, 17, 460, 32, 10, 7, 450, 18, 8]
56,17,26,[5, 448, 19, 462, 23, 466, 235, 52, 17, 460, 32, 10, 7, 450, 18, 8, 6]
57,17,27,[5, 448, 19, 462, 23, 466, 235, 52, 17, 460, 32, 10, 7, 450, 18, 8, 6]
58,17,22,[5, 448, 19, 462, 23, 466, 235, 52, 17, 460, 32, 10, 7, 450, 18, 8, 6]
59,17,20,[462, 23, 466, 235, 52, 17, 460, 32, 10, 7, 450, 18, 8, 6, 5, 448, 19]
60,17,18,[450, 18, 8, 6, 5, 448, 19, 462, 23, 466, 235, 52, 17, 460, 32, 10, 7]
61,17,18,[462, 23, 466, 235, 52, 17, 460, 32, 10, 7, 450, 18, 8, 6, 5, 448, 19]
62,17,20,[5, 448, 19, 462, 23, 466, 235, 52, 17, 460, 32, 10, 7, 450, 18, 8, 6]
63,17,26,[5, 448, 19, 462, 23, 466, 235, 52, 17, 460, 32, 10, 7, 450, 18, 8, 6]
64,17,18,[450, 18, 8, 6, 5, 448, 19, 462, 23, 466, 235, 52, 17, 460, 32, 10, 7]
65,17,17,[8, 6, 5, 448, 19, 462, 23, 466, 235, 52, 17, 460, 32, 10, 7, 450, 18]
66,17,18,[6, 5, 448, 19, 462, 23, 466, 235, 52, 17, 460, 32, 10, 7, 450, 18, 8]
67,17,20,[5, 448, 19, 462, 23, 466, 235, 52, 17, 460, 32, 10, 7, 450, 18, 8, 6]
68,17,18,[7, 450, 18, 8, 6, 5, 448, 19, 462, 23, 466, 235, 52, 17, 460, 32, 10]
69,17,19,[6, 5, 448, 19, 462, 23, 466, 235, 52, 17, 460, 32, 10, 7, 450, 18, 8]
70,17,19,[5, 448, 19, 462, 23, 466, 235, 52, 17, 460, 32, 10, 7, 450, 18, 8, 6]
71,17,21,[6, 5, 448, 19, 462, 23, 466, 235, 52, 17, 460, 32, 10, 7, 450, 18, 8]
72,17,18,[450, 18, 8, 6, 5, 448, 19, 462, 23, 466, 235, 52, 17, 460, 32, 10, 7]
73,17,20,[450, 18, 8, 6, 5, 448, 19, 462, 23, 466, 235, 52, 17, 460, 32, 10, 7]
74,17,19,[6, 5, 448, 19, 462, 23, 466, 235, 52, 17, 460, 32, 10, 7, 450, 18, 8]
75,17,26,[5, 448, 19, 462, 23, 466, 235, 52, 17, 460, 32, 10, 7, 450, 18, 8, 6]
76,17,17,[466, 235, 52, 17, 460, 32, 10, 7, 450, 18, 8, 6, 5, 448, 19, 462, 23]
77,17,17,[8, 6, 5, 448, 19, 462, 23, 466, 235, 52, 17, 460, 32, 10, 7, 450, 18]
78,17,17,[8, 6, 5, 448, 19, 462, 23, 466, 235, 52, 17, 460, 32, 10, 7, 450, 18]
79,17,20,[8, 6, 5, 448, 19, 462, 23, 466, 235, 52, 17, 460, 32, 10, 7, 450, 18]
80,17,26,[5, 448, 19, 462, 23, 466, 235, 52, 17, 460, 32, 10, 7, 450, 18, 8, 6]
81,17,18,[450, 18, 8, 6, 5, 448, 19, 462, 23, 466, 235, 52, 17, 460, 32, 10, 7]
82,17,19,[460, 32, 10, 7, 450, 18, 8, 6, 5, 448, 19, 462, 23, 466, 235, 52, 17]
83,17,25,[5, 448, 19, 462, 23, 466, 235, 52, 17, 460, 32, 10, 7, 450, 18, 8, 6]
84,17,19,[5, 448, 19, 462, 23, 466, 235, 52, 17, 460, 32, 10, 7, 450, 18, 8, 6]
85,17,27,[5, 448, 19, 462, 23, 466, 235, 52, 17, 460, 32, 10, 7, 450, 18, 8, 6]
86,17,24,[5, 448, 19, 462, 23, 466, 235, 52, 17, 460, 32, 10, 7, 450, 18, 8, 6]
87,17,17,[10, 7, 450, 18, 8, 6, 5, 448, 19, 462, 23, 466, 235, 52, 17, 460, 32]
88,17,17,[460, 32, 10, 7, 450, 18, 8, 6, 5, 448, 19, 462, 23, 466, 235, 52, 17]
89,17,19,[7, 450, 18, 8, 6, 5, 448, 19, 462, 23, 466, 235, 52, 17, 460, 32, 10]
90,17,26,[5, 448, 19, 462, 23, 466, 235, 52, 17, 460, 32, 10, 7, 450, 18, 8, 6]
91,17,19,[5, 448, 19, 462, 23, 466, 235, 52, 17, 460, 32, 10, 7, 450, 18, 8, 6]
92,17,19,[5, 448, 19, 462, 23, 466, 235, 52, 17, 460, 32, 10, 7, 450, 18, 8, 6]
93,17,18,[462, 23, 466, 235, 52, 17, 460, 32, 10, 7, 450, 18, 8, 6, 5, 448, 19]
94,17,20,[5, 448, 19, 462, 23, 466, 235, 52, 17, 460, 32, 10, 7, 450, 18, 8, 6]
95,17,19,[5, 448, 19, 462, 23, 466, 235, 52, 17, 460, 32, 10, 7, 450, 18, 8, 6]
96,17,26,[5, 448, 19, 462, 23, 466, 235, 52, 17, 460, 32, 10, 7, 450, 18, 8, 6]
97,17,18,[8, 6, 5, 448, 19, 462, 23, 466, 235, 52, 17, 460, 32, 10, 7, 450, 18]
98,17,18,[6, 5, 448, 19, 462, 23, 466, 235, 52, 17, 460, 32, 10, 7, 450, 18, 8]
99,17,17,[460, 32, 10, 7, 450, 18, 8, 6, 5, 448, 19, 462, 23, 466, 235, 52, 17]
100,17,19,[5, 448, 19, 462, 23, 466, 235, 52, 17, 460, 32, 10, 7, 450, 18, 8, 6]
101,17,20,[5, 448, 19, 462, 23, 466, 235, 52, 17, 460, 32, 10, 7, 450, 18, 8, 6]
102,17,27,[5, 448, 19, 462, 23, 466, 235, 52, 17, 460, 32, 10, 7, 450, 18, 8, 6]
103,17,19,[7, 450, 18, 8, 6, 5, 448, 19, 462, 23, 466, 235, 52, 17, 460, 32, 10]
104,17,17,[462, 23, 466, 235, 52, 17, 460, 32, 10, 7, 450, 18, 8, 6, 5, 448, 19]
105,17,18,[6, 5, 448, 19, 462, 23, 466, 235, 52, 17, 460, 32, 10, 7, 450, 18, 8]
106,17,19,[6, 5, 448, 19, 462, 23, 466, 235, 52, 17, 460, 32, 10, 7, 450, 18, 8]
107,17,18,[466, 235, 52, 17, 460, 32, 10, 7, 450, 18, 8, 6, 5, 448, 19, 462, 23]
108,17,26,[5, 448, 19, 462, 23, 466, 235, 52, 17, 460, 32, 10, 7, 450, 18, 8, 6]
109,17,18,[10, 7, 450, 18, 8, 6, 5, 448, 19, 462, 23, 466, 235, 52, 17, 460, 32]
110,17,17,[8, 6, 5, 448, 19, 462, 23, 466, 235, 52, 17, 460, 32, 10, 7, 450, 18]
111,17,24,[5, 448, 19, 462, 23, 466, 235, 52, 17, 460, 32, 10, 7, 450, 18, 8, 6]
112,17,18,[6, 5, 448, 19, 462, 23, 466, 235, 52, 17, 460, 32, 10, 7, 450, 18, 8]
113,17,21,[5, 448, 19, 462, 23, 466, 235, 52, 17, 460, 32, 10, 7, 450, 18, 8, 6]
114,17,19,[5, 448, 19, 462, 23, 466, 235, 52, 17, 460, 32, 10, 7, 450, 18, 8, 6]
115,17,24,[5, 448, 19, 462, 23, 466, 235, 52, 17, 460, 32, 10, 7, 450, 18, 8, 6]
116,17,20,[5, 448, 19, 462, 23, 466, 235, 52, 17, 460, 32, 10, 7, 450, 18, 8, 6]
117,17,17,[462, 23, 466, 235, 52, 17, 460, 32, 10, 7, 450, 18, 8, 6, 5, 448, 19]
118,17,19,[462, 23, 466, 235, 52, 17, 460, 32, 10, 7, 450, 18, 8, 6, 5, 448, 19]
119,17,19,[5, 448, 19, 462, 23, 466, 235, 52, 17, 460, 32, 10, 7, 450, 18, 8, 6]
120,17,19,[5, 448, 19, 462, 23, 466, 235, 52, 17, 460, 32, 10, 7, 450, 18, 8, 6]
121,17,27,[5, 448, 19, 462, 23, 466, 235, 52, 17, 460, 32, 10, 7, 450, 18, 8, 6]
122,17,27,[5, 448, 19, 462, 23, 466, 235, 52, 17, 460, 32, 10, 7, 450, 18, 8, 6]
123,17,19,[6, 5, 448, 19, 462, 23, 466, 235, 52, 17, 460, 32, 10, 7, 450, 18, 8]
124,17,19,[450, 18, 8, 6, 5, 448, 19, 462, 23, 466, 235, 52, 17, 460, 32, 10, 7]
125,17,18,[6, 5, 448, 19, 462, 23, 466, 235, 52, 17, 460, 32, 10, 7, 450, 18, 8]
126,17,18,[6, 5, 448, 19, 462, 23, 466, 235, 52, 17, 460, 32, 10, 7, 450, 18, 8]
127,17,21,[8, 6, 5, 448, 19, 462, 23, 466, 235, 52, 17, 460, 32, 10, 7, 450, 18]
128,17,19,[5, 448, 19, 462, 23, 466, 235, 52, 17, 460, 32, 10, 7, 450, 18, 8, 6]
129,17,19,[7, 450, 18, 8, 6, 5, 448, 19, 462, 23, 466, 235, 52, 17, 460, 32, 10]
130,17,19,[5, 448, 19, 462, 23, 466, 235, 52, 17, 460, 32, 10, 7, 450, 18, 8, 6]
131,17,20,[450, 18, 8, 6, 5, 448, 19, 462, 23, 466, 235, 52, 17, 460, 32, 10, 7]
132,17,17,[8, 6, 5, 448, 19, 462, 23, 466, 235, 52, 17, 460, 32, 10, 7, 450, 18]
133,17,19,[6, 5, 448, 19, 462, 23, 466, 235, 52, 17, 460, 32, 10, 7, 450, 18, 8]
134,17,20,[6, 5, 448, 19, 462, 23, 466, 235, 52, 17, 460, 32, 10, 7, 450, 18, 8]
135,17,19,[5, 448, 19, 462, 23, 466, 235, 52, 17, 460, 32, 10, 7, 450, 18, 8, 6]
136,17,17,[466, 235, 52, 17, 460, 32, 10, 7, 450, 18, 8, 6, 5, 448, 19, 462, 23]
137,17,20,[7, 450, 18, 8, 6, 5, 448, 19, 462, 23, 466, 235, 52, 17, 460, 32, 10]
138,17,24,[5, 448, 19, 462, 23, 466, 235, 52, 17, 460, 32, 10, 7, 450, 18, 8, 6]
139,17,29,[5, 448, 19, 462, 23, 466, 235, 52, 17, 460, 32, 10, 7, 450, 18, 8, 6]
140,17,18,[6, 5, 448, 19, 462, 23, 466, 235, 52, 17, 460, 32, 10, 7, 450, 18, 8]
141,17,19,[450, 18, 8, 6, 5, 448, 19, 462, 23, 466, 235, 52, 17, 460, 32, 10, 7]
142,17,21,[450, 18, 8, 6, 5, 448, 19, 462, 23, 466, 235, 52, 17, 460, 32, 10, 7]
143,17,19,[5, 448, 19, 462, 23, 466, 235, 52, 17, 460, 32, 10, 7, 450, 18, 8, 6]
144,17,19,[5, 448, 19, 462, 23, 466, 235, 52, 17, 460, 32, 10, 7, 450, 18, 8, 6]
145,17,18,[462, 23, 466, 235, 52, 17, 460, 32, 10, 7, 450, 18, 8, 6, 5, 448, 19]
146,17,27,[5, 448, 19, 462, 23, 466, 235, 52, 17, 460, 32, 10, 7, 450, 18, 8, 6]
147,17,17,[460, 32, 10, 7, 450, 18, 8, 6, 5, 448, 19, 462, 23, 466, 235, 52, 17]
148,17,21,[6, 5, 448, 19, 462, 23, 466, 235, 52, 17, 460, 32, 10, 7, 450, 18, 8]
149,17,25,[5, 448, 19, 462, 23, 466, 235, 52, 17, 460, 32, 10, 7, 450, 18, 8, 6]
150,17,18,[6, 5, 448, 19, 462, 23, 466, 235, 52, 17, 460, 32, 10, 7, 450, 18, 8]
151,17,28,[5, 448, 19, 462, 23, 466, 235, 52, 17, 460, 32, 10, 7, 450, 18, 8, 6]
152,17,18,[7, 450, 18, 8, 6, 5, 448, 19, 462, 23, 466, 235, 52, 17, 460, 32, 10]
153,17,17,[466, 235, 52, 17, 460, 32, 10, 7, 450, 18, 8, 6, 5, 448, 19, 462, 23]
154,17,19,[5, 448, 19, 462, 23, 466, 235, 52, 17, 460, 32, 10, 7, 450, 18, 8, 6]
155,17,18,[7, 450, 18, 8, 6, 5, 448, 19, 462, 23, 466, 235, 52, 17, 460, 32, 10]
156,17,19,[5, 448, 19, 462, 23, 466, 235, 52, 17, 460, 32, 10, 7, 450, 18, 8, 6]
157,17,18,[462, 23, 466, 235, 52, 17, 460, 32, 10, 7, 450, 18, 8, 6, 5, 448, 19]
158,17,19,[450, 18, 8, 6, 5, 448, 19, 462, 23, 466, 235, 52, 17, 460, 32, 10, 7]
159,17,27,[5, 448, 19, 462, 23, 466, 235, 52, 17, 460, 32, 10, 7, 450, 18, 8, 6]
160,17,18,[6, 5, 448, 19, 462, 23, 466, 235, 52, 17, 460, 32, 10, 7, 450, 18, 8]
161,17,18,[7, 450, 18, 8, 6, 5, 448, 19, 462, 23, 466, 235, 52, 17, 460, 32, 10]
162,17,19,[5, 448, 19, 462, 23, 466, 235, 52, 17, 460, 32, 10, 7, 450, 18, 8, 6]
163,17,21,[6, 5, 448, 19, 462, 23, 466, 235, 52, 17, 460, 32, 10, 7, 450, 18, 8]
164,17,24,[5, 448, 19, 462, 23, 466, 235, 52, 17, 460, 32, 10, 7, 450, 18, 8, 6]
165,17,17,[462, 23, 466, 235, 52, 17, 460, 32, 10, 7, 450, 18, 8, 6, 5, 448, 19]
166,17,28,[5, 448, 19, 462, 23, 466, 235, 52, 17, 460, 32, 10, 7, 450, 18, 8, 6]
167,17,20,[7, 450, 18, 8, 6, 5, 448, 19, 462, 23, 466, 235, 52, 17, 460, 32, 10]
168,17,18,[6, 5, 448, 19, 462, 23, 466, 235, 52, 17, 460, 32, 10, 7, 450, 18, 8]
169,17,19,[6, 5, 448, 19, 462, 23, 466, 235, 52, 17, 460, 32, 10, 7, 450, 18, 8]
170,17,19,[5, 448, 19, 462, 23, 466, 235, 52, 17, 460, 32, 10, 7, 450, 18, 8, 6]
171,17,18,[7, 450, 18, 8, 6, 5, 448, 19, 462, 23, 466, 235, 52, 17, 460, 32, 10]
172,17,20,[7, 450, 18, 8, 6, 5, 448, 19, 462, 23, 466, 235, 52, 17, 460, 32, 10]
173,17,20,[5, 448, 19, 462, 23, 466, 235, 52, 17, 460, 32, 10, 7, 450, 18, 8, 6]
174,17,18,[462, 23, 466, 235, 52, 17, 460, 32, 10, 7, 450, 18, 8, 6, 5, 448, 19]
175,17,17,[460, 32, 10, 7, 450, 18, 8, 6, 5, 448, 19, 462, 23, 466, 235, 52, 17]
176,17,17,[462, 23, 466, 235, 52, 17, 460, 32, 10, 7, 450, 18, 8, 6, 5, 448, 19]
177,17,21,[5, 448, 19, 462, 23, 466, 235, 52, 17, 460, 32, 10, 7, 450, 18, 8, 6]
178,17,20,[5, 448, 19, 462, 23, 466, 235, 52, 17, 460, 32, 10, 7, 450, 18, 8, 6]
179,17,22,[5, 448, 19, 462, 23, 466, 235, 52, 17, 460, 32, 10, 7, 450, 18, 8, 6]
180,17,18,[6, 5, 448, 19, 462, 23, 466, 235, 52, 17, 460, 32, 10, 7, 450, 18, 8]
181,17,20,[5, 448, 19, 462, 23, 466, 235, 52, 17, 460, 32, 10, 7, 450, 18, 8, 6]
182,17,27,[5, 448, 19, 462, 23, 466, 235, 52, 17, 460, 32, 10, 7, 450, 18, 8, 6]
183,17,19,[450, 18, 8, 6, 5, 448, 19, 462, 23, 466, 235, 52, 17, 460, 32, 10, 7]
184,17,20,[8, 6, 5, 448, 19, 462, 23, 466, 235, 52, 17, 460, 32, 10, 7, 450, 18]
185,17,19,[450, 18, 8, 6, 5, 448, 19, 462, 23, 466, 235, 52, 17, 460, 32, 10, 7]
186,17,18,[7, 450, 18, 8, 6, 5, 448, 19, 462, 23, 466, 235, 52, 17, 460, 32, 10]
187,17,24,[5, 448, 19, 462, 23, 466, 235, 52, 17, 460, 32, 10, 7, 450, 18, 8, 6]
188,17,20,[5, 448, 19, 462, 23, 466, 235, 52, 17, 460, 32, 10, 7, 450, 18, 8, 6]
189,17,18,[6, 5, 448, 19, 462, 23, 466, 235, 52, 17, 460, 32, 10, 7, 450, 18, 8]
190,17,19,[6, 5, 448, 19, 462, 23, 466, 235, 52, 17, 460, 32, 10, 7, 450, 18, 8]
191,17,26,[5, 448, 19, 462, 23, 466, 235, 52, 17, 460, 32, 10, 7, 450, 18, 8, 6]
192,17,18,[6, 5, 448, 19, 462, 23, 466, 235, 52, 17, 460, 32, 10, 7, 450, 18, 8]
193,17,20,[450, 18, 8, 6, 5, 448, 19, 462, 23, 466, 235, 52, 17, 460, 32, 10, 7]
194,17,18,[460, 32, 10, 7, 450, 18, 8, 6, 5, 448, 19, 462, 23, 466, 235, 52, 17]
195,17,18,[7, 450, 18, 8, 6, 5, 448, 19, 462, 23, 466, 235, 52, 17, 460, 32, 10]
196,17,17,[8, 6, 5, 448, 19, 462, 23, 466, 235, 52, 17, 460, 32, 10, 7, 450, 18]
197,17,18,[462, 23, 466, 235, 52, 17, 460, 32, 10, 7, 450, 18, 8, 6, 5, 448, 19]
198,17,17,[462, 23, 466, 235, 52, 17, 460, 32, 10, 7, 450, 18, 8, 6, 5, 448, 19]
199,17,20,[6, 5, 448, 19, 462, 23, 466, 235, 52, 17, 460, 32, 10, 7, 450, 18, 8]
200,17,18,[6, 5, 448, 19, 462, 23, 466, 235, 52, 17, 460, 32, 10, 7, 450, 18, 8]
