1,1,0,[1]
2,8,26,[5, 385, 23, 403, 44, 15, 8, 6]
3,8,14,[5, 385, 23, 403, 44, 15, 8, 6]
4,1,0,[4]
5,8,7,[385, 23, 403, 44, 15, 8, 6, 5]
6,8,7,[5, 385, 23, 403, 44, 15, 8, 6]
7,8,12,[5, 385, 23, 403, 44, 15, 8, 6]
8,8,7,[6, 5, 385, 23, 403, 44, 15, 8]
9,8,8,[5, 385, 23, 403, 44, 15, 8, 6]
10,8,13,[5, 385, 23, 403, 44, 15, 8, 6]
11,3,2,[391, 40, 11]
12,8,13,[5, 385, 23, 403, 44, 15, 8, 6]
13,8,12,[8, 6, 5, 385, 23, 403, 44, 15]
14,8,9,[5, 385, 23, 403, 44, 15, 8, 6]
15,8,7,[8, 6, 5, 385, 23, 403, 44, 15]
16,8,8,[6, 5, 385, 23, 403, 44, 15, 8]
17,8,20,[5, 385, 23, 403, 44, 15, 8, 6]
18,8,8,[6, 5, 385, 23, 403, 44, 15, 8]
19,3,9,[391, 40, 11]
20,8,9,[5, 385, 23, 403, 44, 15, 8, 6]
21,8,14,[5, 385, 23, 403, 44, 15, 8, 6]
22,8,13,[8, 6, 5, 385, 23, 403, 44, 15]
23,8,7,[403, 44, 15, 8, 6, 5, 385, 23]
24,8,9,[5, 385, 23, 403, 44, 15, 8, 6]
25,8,14,[5, 385, 23, 403, 44, 15, 8, 6]
26,8,8,[8, 6, 5, 385, 23, 403, 44, 15]
27,8,9,[5, 385, 23, 403, 44, 15, 8, 6]
28,3,3,[391, 40, 11]
29,3,7,[391, 40, 11]
30,8,14,[5, 385, 23, 403, 44, 15, 8, 6]
31,8,11,[6, 5, 385, 23, 403, 44, 15, 8]
32,8,14,[5, 385, 23, 403, 44, 15, 8, 6]
33,8,10,[5, 385, 23, 403, 44, 15, 8, 6]
34,3,10,[391, 40, 11]
35,8,14,[5, 385, 23, 403, 44, 15, 8, 6]
36,8,14,[5, 385, 23, 403, 44, 15, 8, 6]
37,8,15,[5, 385, 23, 403, 44, 15, 8, 6]
38,8,15,[5, 385, 23, 403, 44, 15, 8, 6]
39,8,9,[6, 5, 385, 23, 403, 44, 15, 8]
40,3,2,[11, 391, 40]
41,8,13,[5, 385, 23, 403, 44, 15, 8, 6]
42,8,14,[5, 385, 23, 403, 44, 15, 8, 6]
43,3,18,[391, 40, 11]
44,8,7,[15, 8, 6, 5, 385, 23, 403, 44]
45,3,3,[391, 40, 11]
46,8,15,[5, 385, 23, 403, 44, 15, 8, 6]
47,8,17,[5, 385, 23, 403, 44, 15, 8, 6]
48,3,3,[391, 40, 11]
49,8,10,[5, 385, 23, 403, 44, 15, 8, 6]
50,8,14,[5, 385, 23, 403, 44, 15, 8, 6]
51,8,10,[5, 385, 23, 403, 44, 15, 8, 6]
52,8,21,[5, 385, 23, 403, 44, 15, 8, 6]
53,3,16,[391, 40, 11]
54,3,3,[391, 40, 11]
55,8,9,[6, 5, 385, 23, 403, 44, 15, 8]
56,8,13,[8, 6, 5, 385, 23, 403, 44, 15]
57,8,14,[8, 6, 5, 385, 23, 403, 44, 15]
58,8,12,[6, 5, 385, 23, 403, 44, 15, 8]
59,8,11,[8, 6, 5, 385, 23, 403, 44, 15]
60,8,14,[5, 385, 23, 403, 44, 15, 8, 6]
61,8,11,[5, 385, 23, 403, 44, 15, 8, 6]
62,8,11,[5, 385, 23, 403, 44, 15, 8, 6]
63,8,13,[8, 6, 5, 385, 23, 403, 44, 15]
64,8,14,[5, 385, 23, 403, 44, 15, 8, 6]
65,8,9,[6, 5, 385, 23, 403, 44, 15, 8]
66,8,9,[6, 5, 385, 23, 403, 44, 15, 8]
67,8,17,[5, 385, 23, 403, 44, 15, 8, 6]
68,8,15,[5, 385, 23, 403, 44, 15, 8, 6]
69,8,9,[8, 6, 5, 385, 23, 403, 44, 15]
70,8,10,[5, 385, 23, 403, 44, 15, 8, 6]
71,8,23,[5, 385, 23, 403, 44, 15, 8, 6]
72,8,14,[5, 385, 23, 403, 44, 15, 8, 6]
73,8,12,[5, 385, 23, 403, 44, 15, 8, 6]
74,8,10,[6, 5, 385, 23, 403, 44, 15, 8]
75,8,13,[8, 6, 5, 385, 23, 403, 44, 15]
76,8,8,[403, 44, 15, 8, 6, 5, 385, 23]
77,8,9,[6, 5, 385, 23, 403, 44, 15, 8]
78,8,9,[6, 5, 385, 23, 403, 44, 15, 8]
79,8,10,[8, 6, 5, 385, 23, 403, 44, 15]
80,8,13,[8, 6, 5, 385, 23, 403, 44, 15]
81,8,14,[5, 385, 23, 403, 44, 15, 8, 6]
82,3,19,[391, 40, 11]
83,8,17,[8, 6, 5, 385, 23, 403, 44, 15]
84,8,10,[5, 385, 23, 403, 44, 15, 8, 6]
85,8,14,[8, 6, 5, 385, 23, 403, 44, 15]
86,3,4,[391, 40, 11]
87,8,15,[5, 385, 23, 403, 44, 15, 8, 6]
88,8,21,[5, 385, 23, 403, 44, 15, 8, 6]
89,8,12,[6, 5, 385, 23, 403, 44, 15, 8]
90,8,13,[8, 6, 5, 385, 23, 403, 44, 15]
91,8,10,[5, 385, 23, 403, 44, 15, 8, 6]
92,8,10,[5, 385, 23, 403, 44, 15, 8, 6]
93,3,11,[391, 40, 11]
94,8,11,[5, 385, 23, 403, 44, 15, 8, 6]
95,8,10,[5, 385, 23, 403, 44, 15, 8, 6]
96,8,13,[8, 6, 5, 385, 23, 403, 44, 15]
97,8,13,[8, 6, 5, 385, 23, 403, 44, 15]
98,8,9,[6, 5, 385, 23, 403, 44, 15, 8]
99,8,21,[5, 385, 23, 403, 44, 15, 8, 6]
100,8,10,[5, 385, 23, 403, 44, 15, 8, 6]
101,8,16,[5, 385, 23, 403, 44, 15, 8, 6]
102,8,14,[8, 6, 5, 385, 23, 403, 44, 15]
103,8,12,[5, 385, 23, 403, 44, 15, 8, 6]
104,3,10,[391, 40, 11]
105,8,8,[8, 6, 5, 385, 23, 403, 44, 15]
106,8,10,[6, 5, 385, 23, 403, 44, 15, 8]
107,8,18,[5, 385, 23, 403, 44, 15, 8, 6]
108,8,13,[8, 6, 5, 385, 23, 403, 44, 15]
109,8,17,[8, 6, 5, 385, 23, 403, 44, 15]
110,8,9,[6, 5, 385, 23, 403, 44, 15, 8]
111,3,3,[11, 391, 40]
112,8,8,[8, 6, 5, 385, 23, 403, 44, 15]
113,8,17,[5, 385, 23, 403, 44, 15, 8, 6]
114,8,10,[5, 385, 23, 403, 44, 15, 8, 6]
115,3,4,[391, 40, 11]
116,8,11,[5, 385, 23, 403, 44, 15, 8, 6]
117,3,10,[391, 40, 11]
118,8,12,[5, 385, 23, 403, 44, 15, 8, 6]
119,8,10,[5, 385, 23, 403, 44, 15, 8, 6]
120,8,10,[5, 385, 23, 403, 44, 15, 8, 6]
121,8,14,[8, 6, 5, 385, 23, 403, 44, 15]
122,8,14,[8, 6, 5, 385, 23, 403, 44, 15]
123,8,8,[15, 8, 6, 5, 385, 23, 403, 44]
124,8,15,[5, 385, 23, 403, 44, 15, 8, 6]
125,8,8,[8, 6, 5, 385, 23, 403, 44, 15]
126,8,8,[8, 6, 5, 385, 23, 403, 44, 15]
127,3,9,[391, 40, 11]
128,8,10,[5, 385, 23, 403, 44, 15, 8, 6]
129,8,16,[5, 385, 23, 403, 44, 15, 8, 6]
130,8,10,[5, 385, 23, 403, 44, 15, 8, 6]
131,8,15,[8, 6, 5, 385, 23, 403, 44, 15]
132,8,9,[6, 5, 385, 23, 403, 44, 15, 8]
133,8,9,[8, 6, 5, 385, 23, 403, 44, 15]
134,8,10,[8, 6, 5, 385, 23, 403, 44, 15]
135,8,10,[5, 385, 23, 403, 44, 15, 8, 6]
136,8,8,[403, 44, 15, 8, 6, 5, 385, 23]
137,8,14,[6, 5, 385, 23, 403, 44, 15, 8]
138,3,4,[391, 40, 11]
139,3,12,[391, 40, 11]
140,8,9,[6, 5, 385, 23, 403, 44, 15, 8]
141,8,15,[5, 385, 23, 403, 44, 15, 8, 6]
142,8,13,[5, 385, 23, 403, 44, 15, 8, 6]
143,8,10,[5, 385, 23, 403, 44, 15, 8, 6]
144,8,10,[5, 385, 23, 403, 44, 15, 8, 6]
145,3,11,[391, 40, 11]
146,8,14,[8, 6, 5, 385, 23, 403, 44, 15]
147,8,21,[5, 385, 23, 403, 44, 15, 8, 6]
148,8,14,[5, 385, 23, 403, 44, 15, 8, 6]
149,8,17,[5, 385, 23, 403, 44, 15, 8, 6]
150,8,8,[8, 6, 5, 385, 23, 403, 44, 15]
151,8,11,[6, 5, 385, 23, 403, 44, 15, 8]
152,8,15,[5, 385, 23, 403, 44, 15, 8, 6]
153,8,8,[403, 44, 15, 8, 6, 5, 385, 23]
154,8,10,[5, 385, 23, 403, 44, 15, 8, 6]
155,8,15,[5, 385, 23, 403, 44, 15, 8, 6]
156,8,10,[5, 385, 23, 403, 44, 15, 8, 6]
157,8,16,[8, 6, 5, 385, 23, 403, 44, 15]
158,8,15,[5, 385, 23, 403, 44, 15, 8, 6]
159,8,14,[8, 6, 5, 385, 23, 403, 44, 15]
160,8,8,[8, 6, 5, 385, 23, 403, 44, 15]
161,8,15,[5, 385, 23, 403, 44, 15, 8, 6]
162,8,10,[5, 385, 23, 403, 44, 15, 8, 6]
163,3,10,[391, 40, 11]
164,3,4,[391, 40, 11]
165,3,10,[391, 40, 11]
166,8,15,[8, 6, 5, 385, 23, 403, 44, 15]
167,8,20,[8, 6, 5, 385, 23, 403, 44, 15]
168,8,9,[6, 5, 385, 23, 403, 44, 15, 8]
169,8,9,[8, 6, 5, 385, 23, 403, 44, 15]
170,8,10,[5, 385, 23, 403, 44, 15, 8, 6]
171,8,15,[5, 385, 23, 403, 44, 15, 8, 6]
172,8,18,[5, 385, 23, 403, 44, 15, 8, 6]
173,3,6,[391, 40, 11]
174,3,11,[391, 40, 11]
175,8,21,[5, 385, 23, 403, 44, 15, 8, 6]
176,3,10,[391, 40, 11]
177,8,12,[5, 385, 23, 403, 44, 15, 8, 6]
178,8,11,[5, 385, 23, 403, 44, 15, 8, 6]
179,8,15,[8, 6, 5, 385, 23, 403, 44, 15]
180,8,8,[8, 6, 5, 385, 23, 403, 44, 15]
181,8,13,[6, 5, 385, 23, 403, 44, 15, 8]
182,8,14,[8, 6, 5, 385, 23, 403, 44, 15]
183,8,15,[5, 385, 23, 403, 44, 15, 8, 6]
184,3,8,[391, 40, 11]
185,8,15,[5, 385, 23, 403, 44, 15, 8, 6]
186,8,15,[5, 385, 23, 403, 44, 15, 8, 6]
187,3,4,[391, 40, 11]
188,8,11,[5, 385, 23, 403, 44, 15, 8, 6]
189,8,9,[6, 5, 385, 23, 403, 44, 15, 8]
190,8,9,[8, 6, 5, 385, 23, 403, 44, 15]
191,8,24,[5, 385, 23, 403, 44, 15, 8, 6]
192,8,8,[8, 6, 5, 385, 23, 403, 44, 15]
193,8,24,[5, 385, 23, 403, 44, 15, 8, 6]
194,8,22,[5, 385, 23, 403, 44, 15, 8, 6]
195,8,15,[5, 385, 23, 403, 44, 15, 8, 6]
196,8,9,[6, 5, 385, 23, 403, 44, 15, 8]
197,3,21,[391, 40, 11]
198,3,10,[391, 40, 11]
199,8,11,[6, 5, 385, 23, 403, 44, 15, 8]
200,8,9,[6, 5, 385, 23, 403, 44, 15, 8]
