1  1  0 [1]
2  13  3 [9, 6, 5, 54, 11, 60, 12, 7, 56, 13, 62, 33, 14]
3  13  6 [6, 5, 54, 11, 60, 12, 7, 56, 13, 62, 33, 14, 9]
4  1  0 [4]
5  13  0 [5, 54, 11, 60, 12, 7, 56, 13, 62, 33, 14, 9, 6]
6  13  0 [6, 5, 54, 11, 60, 12, 7, 56, 13, 62, 33, 14, 9]
7  13  0 [7, 56, 13, 62, 33, 14, 9, 6, 5, 54, 11, 60, 12]
8  13  1 [6, 5, 54, 11, 60, 12, 7, 56, 13, 62, 33, 14, 9]
9  13  0 [9, 6, 5, 54, 11, 60, 12, 7, 56, 13, 62, 33, 14]
10  13  1 [7, 56, 13, 62, 33, 14, 9, 6, 5, 54, 11, 60, 12]
11  13  0 [11, 60, 12, 7, 56, 13, 62, 33, 14, 9, 6, 5, 54]
12  13  0 [12, 7, 56, 13, 62, 33, 14, 9, 6, 5, 54, 11, 60]
13  13  0 [13, 62, 33, 14, 9, 6, 5, 54, 11, 60, 12, 7, 56]
14  13  0 [14, 9, 6, 5, 54, 11, 60, 12, 7, 56, 13, 62, 33]
15  13  2 [6, 5, 54, 11, 60, 12, 7, 56, 13, 62, 33, 14, 9]
16  13  2 [6, 5, 54, 11, 60, 12, 7, 56, 13, 62, 33, 14, 9]
17  13  4 [6, 5, 54, 11, 60, 12, 7, 56, 13, 62, 33, 14, 9]
18  13  2 [6, 5, 54, 11, 60, 12, 7, 56, 13, 62, 33, 14, 9]
19  13  4 [7, 56, 13, 62, 33, 14, 9, 6, 5, 54, 11, 60, 12]
20  13  1 [9, 6, 5, 54, 11, 60, 12, 7, 56, 13, 62, 33, 14]
21  13  2 [7, 56, 13, 62, 33, 14, 9, 6, 5, 54, 11, 60, 12]
22  13  1 [13, 62, 33, 14, 9, 6, 5, 54, 11, 60, 12, 7, 56]
23  13  2 [12, 7, 56, 13, 62, 33, 14, 9, 6, 5, 54, 11, 60]
24  13  1 [9, 6, 5, 54, 11, 60, 12, 7, 56, 13, 62, 33, 14]
25  13  2 [7, 56, 13, 62, 33, 14, 9, 6, 5, 54, 11, 60, 12]
26  13  3 [6, 5, 54, 11, 60, 12, 7, 56, 13, 62, 33, 14, 9]
27  13  1 [9, 6, 5, 54, 11, 60, 12, 7, 56, 13, 62, 33, 14]
28  13  1 [11, 60, 12, 7, 56, 13, 62, 33, 14, 9, 6, 5, 54]
29  13  4 [6, 5, 54, 11, 60, 12, 7, 56, 13, 62, 33, 14, 9]
30  13  2 [7, 56, 13, 62, 33, 14, 9, 6, 5, 54, 11, 60, 12]
31  13  2 [13, 62, 33, 14, 9, 6, 5, 54, 11, 60, 12, 7, 56]
32  13  2 [7, 56, 13, 62, 33, 14, 9, 6, 5, 54, 11, 60, 12]
33  13  0 [33, 14, 9, 6, 5, 54, 11, 60, 12, 7, 56, 13, 62]
34  13  5 [7, 56, 13, 62, 33, 14, 9, 6, 5, 54, 11, 60, 12]
35  13  1 [12, 7, 56, 13, 62, 33, 14, 9, 6, 5, 54, 11, 60]
36  13  2 [7, 56, 13, 62, 33, 14, 9, 6, 5, 54, 11, 60, 12]
37  13  3 [11, 60, 12, 7, 56, 13, 62, 33, 14, 9, 6, 5, 54]
38  13  3 [7, 56, 13, 62, 33, 14, 9, 6, 5, 54, 11, 60, 12]
39  13  3 [6, 5, 54, 11, 60, 12, 7, 56, 13, 62, 33, 14, 9]
40  13  1 [11, 60, 12, 7, 56, 13, 62, 33, 14, 9, 6, 5, 54]
41  13  2 [13, 62, 33, 14, 9, 6, 5, 54, 11, 60, 12, 7, 56]
42  13  1 [12, 7, 56, 13, 62, 33, 14, 9, 6, 5, 54, 11, 60]
43  13  3 [9, 6, 5, 54, 11, 60, 12, 7, 56, 13, 62, 33, 14]
44  13  3 [6, 5, 54, 11, 60, 12, 7, 56, 13, 62, 33, 14, 9]
45  13  1 [11, 60, 12, 7, 56, 13, 62, 33, 14, 9, 6, 5, 54]
46  13  3 [7, 56, 13, 62, 33, 14, 9, 6, 5, 54, 11, 60, 12]
47  13  2 [13, 62, 33, 14, 9, 6, 5, 54, 11, 60, 12, 7, 56]
48  13  1 [11, 60, 12, 7, 56, 13, 62, 33, 14, 9, 6, 5, 54]
49  13  1 [14, 9, 6, 5, 54, 11, 60, 12, 7, 56, 13, 62, 33]
50  13  1 [12, 7, 56, 13, 62, 33, 14, 9, 6, 5, 54, 11, 60]
51  13  2 [9, 6, 5, 54, 11, 60, 12, 7, 56, 13, 62, 33, 14]
52  13  5 [6, 5, 54, 11, 60, 12, 7, 56, 13, 62, 33, 14, 9]
53  13  3 [13, 62, 33, 14, 9, 6, 5, 54, 11, 60, 12, 7, 56]
54  13  0 [54, 11, 60, 12, 7, 56, 13, 62, 33, 14, 9, 6, 5]
55  13  3 [6, 5, 54, 11, 60, 12, 7, 56, 13, 62, 33, 14, 9]
56  13  0 [56, 13, 62, 33, 14, 9, 6, 5, 54, 11, 60, 12, 7]
57  13  2 [13, 62, 33, 14, 9, 6, 5, 54, 11, 60, 12, 7, 56]
58  13  3 [13, 62, 33, 14, 9, 6, 5, 54, 11, 60, 12, 7, 56]
59  13  2 [13, 62, 33, 14, 9, 6, 5, 54, 11, 60, 12, 7, 56]
60  13  0 [60, 12, 7, 56, 13, 62, 33, 14, 9, 6, 5, 54, 11]
61  13  4 [6, 5, 54, 11, 60, 12, 7, 56, 13, 62, 33, 14, 9]
62  13  0 [62, 33, 14, 9, 6, 5, 54, 11, 60, 12, 7, 56, 13]
63  13  1 [13, 62, 33, 14, 9, 6, 5, 54, 11, 60, 12, 7, 56]
64  13  1 [12, 7, 56, 13, 62, 33, 14, 9, 6, 5, 54, 11, 60]
65  13  3 [6, 5, 54, 11, 60, 12, 7, 56, 13, 62, 33, 14, 9]
66  13  3 [6, 5, 54, 11, 60, 12, 7, 56, 13, 62, 33, 14, 9]
67  13  2 [33, 14, 9, 6, 5, 54, 11, 60, 12, 7, 56, 13, 62]
68  13  3 [7, 56, 13, 62, 33, 14, 9, 6, 5, 54, 11, 60, 12]
69  13  4 [6, 5, 54, 11, 60, 12, 7, 56, 13, 62, 33, 14, 9]
70  13  1 [14, 9, 6, 5, 54, 11, 60, 12, 7, 56, 13, 62, 33]
71  13  2 [14, 9, 6, 5, 54, 11, 60, 12, 7, 56, 13, 62, 33]
72  13  1 [12, 7, 56, 13, 62, 33, 14, 9, 6, 5, 54, 11, 60]
73  13  3 [13, 62, 33, 14, 9, 6, 5, 54, 11, 60, 12, 7, 56]
74  13  4 [6, 5, 54, 11, 60, 12, 7, 56, 13, 62, 33, 14, 9]
75  13  1 [13, 62, 33, 14, 9, 6, 5, 54, 11, 60, 12, 7, 56]
76  13  3 [12, 7, 56, 13, 62, 33, 14, 9, 6, 5, 54, 11, 60]
77  13  3 [6, 5, 54, 11, 60, 12, 7, 56, 13, 62, 33, 14, 9]
78  13  3 [6, 5, 54, 11, 60, 12, 7, 56, 13, 62, 33, 14, 9]
79  13  2 [14, 9, 6, 5, 54, 11, 60, 12, 7, 56, 13, 62, 33]
80  13  1 [13, 62, 33, 14, 9, 6, 5, 54, 11, 60, 12, 7, 56]
81  13  1 [12, 7, 56, 13, 62, 33, 14, 9, 6, 5, 54, 11, 60]
82  13  4 [9, 6, 5, 54, 11, 60, 12, 7, 56, 13, 62, 33, 14]
83  13  4 [6, 5, 54, 11, 60, 12, 7, 56, 13, 62, 33, 14, 9]
84  13  1 [14, 9, 6, 5, 54, 11, 60, 12, 7, 56, 13, 62, 33]
85  13  2 [13, 62, 33, 14, 9, 6, 5, 54, 11, 60, 12, 7, 56]
86  13  2 [11, 60, 12, 7, 56, 13, 62, 33, 14, 9, 6, 5, 54]
87  13  3 [7, 56, 13, 62, 33, 14, 9, 6, 5, 54, 11, 60, 12]
88  13  5 [6, 5, 54, 11, 60, 12, 7, 56, 13, 62, 33, 14, 9]
89  13  3 [11, 60, 12, 7, 56, 13, 62, 33, 14, 9, 6, 5, 54]
90  13  1 [13, 62, 33, 14, 9, 6, 5, 54, 11, 60, 12, 7, 56]
91  13  2 [9, 6, 5, 54, 11, 60, 12, 7, 56, 13, 62, 33, 14]
92  13  2 [9, 6, 5, 54, 11, 60, 12, 7, 56, 13, 62, 33, 14]
93  13  6 [7, 56, 13, 62, 33, 14, 9, 6, 5, 54, 11, 60, 12]
94  13  2 [14, 9, 6, 5, 54, 11, 60, 12, 7, 56, 13, 62, 33]
95  13  2 [9, 6, 5, 54, 11, 60, 12, 7, 56, 13, 62, 33, 14]
96  13  1 [13, 62, 33, 14, 9, 6, 5, 54, 11, 60, 12, 7, 56]
97  13  3 [13, 62, 33, 14, 9, 6, 5, 54, 11, 60, 12, 7, 56]
98  13  3 [6, 5, 54, 11, 60, 12, 7, 56, 13, 62, 33, 14, 9]
99  13  5 [6, 5, 54, 11, 60, 12, 7, 56, 13, 62, 33, 14, 9]
100  13  1 [14, 9, 6, 5, 54, 11, 60, 12, 7, 56, 13, 62, 33]
