1,1,0,[1]
2,7,10,[5, 339, 116, 33, 14, 9, 6]
3,4,7,[7, 341, 42, 12]
4,1,0,[4]
5,7,6,[339, 116, 33, 14, 9, 6, 5]
6,7,6,[5, 339, 116, 33, 14, 9, 6]
7,4,3,[341, 42, 12, 7]
8,7,7,[5, 339, 116, 33, 14, 9, 6]
9,7,6,[6, 5, 339, 116, 33, 14, 9]
10,4,4,[341, 42, 12, 7]
11,7,13,[5, 339, 116, 33, 14, 9, 6]
12,4,3,[7, 341, 42, 12]
13,4,9,[341, 42, 12, 7]
14,7,6,[9, 6, 5, 339, 116, 33, 14]
15,7,8,[5, 339, 116, 33, 14, 9, 6]
16,7,8,[5, 339, 116, 33, 14, 9, 6]
17,4,12,[341, 42, 12, 7]
18,7,8,[5, 339, 116, 33, 14, 9, 6]
19,4,8,[7, 341, 42, 12]
20,7,7,[6, 5, 339, 116, 33, 14, 9]
21,4,5,[341, 42, 12, 7]
22,4,10,[341, 42, 12, 7]
23,7,9,[6, 5, 339, 116, 33, 14, 9]
24,7,7,[6, 5, 339, 116, 33, 14, 9]
25,4,5,[341, 42, 12, 7]
26,7,9,[5, 339, 116, 33, 14, 9, 6]
27,7,7,[6, 5, 339, 116, 33, 14, 9]
28,7,14,[5, 339, 116, 33, 14, 9, 6]
29,4,7,[341, 42, 12, 7]
30,4,5,[341, 42, 12, 7]
31,7,11,[5, 339, 116, 33, 14, 9, 6]
32,4,5,[341, 42, 12, 7]
33,7,6,[14, 9, 6, 5, 339, 116, 33]
34,4,9,[7, 341, 42, 12]
35,4,4,[7, 341, 42, 12]
36,4,5,[341, 42, 12, 7]
37,4,6,[7, 341, 42, 12]
38,4,6,[341, 42, 12, 7]
39,7,9,[5, 339, 116, 33, 14, 9, 6]
40,7,14,[5, 339, 116, 33, 14, 9, 6]
41,7,10,[5, 339, 116, 33, 14, 9, 6]
42,4,3,[12, 7, 341, 42]
43,4,5,[12, 7, 341, 42]
44,7,9,[5, 339, 116, 33, 14, 9, 6]
45,7,14,[5, 339, 116, 33, 14, 9, 6]
46,4,6,[341, 42, 12, 7]
47,7,10,[6, 5, 339, 116, 33, 14, 9]
48,7,14,[5, 339, 116, 33, 14, 9, 6]
49,7,7,[9, 6, 5, 339, 116, 33, 14]
50,4,4,[7, 341, 42, 12]
51,7,8,[6, 5, 339, 116, 33, 14, 9]
52,4,13,[341, 42, 12, 7]
53,7,9,[9, 6, 5, 339, 116, 33, 14]
54,7,14,[5, 339, 116, 33, 14, 9, 6]
55,7,9,[5, 339, 116, 33, 14, 9, 6]
56,4,10,[341, 42, 12, 7]
57,4,11,[341, 42, 12, 7]
58,7,12,[5, 339, 116, 33, 14, 9, 6]
59,7,13,[5, 339, 116, 33, 14, 9, 6]
60,4,4,[7, 341, 42, 12]
61,7,9,[9, 6, 5, 339, 116, 33, 14]
62,7,7,[14, 9, 6, 5, 339, 116, 33]
63,4,10,[341, 42, 12, 7]
64,4,4,[7, 341, 42, 12]
65,7,9,[5, 339, 116, 33, 14, 9, 6]
66,7,9,[5, 339, 116, 33, 14, 9, 6]
67,4,13,[341, 42, 12, 7]
68,4,6,[341, 42, 12, 7]
69,7,10,[5, 339, 116, 33, 14, 9, 6]
70,7,7,[9, 6, 5, 339, 116, 33, 14]
71,4,14,[341, 42, 12, 7]
72,4,4,[7, 341, 42, 12]
73,7,16,[5, 339, 116, 33, 14, 9, 6]
74,7,10,[5, 339, 116, 33, 14, 9, 6]
75,4,10,[341, 42, 12, 7]
76,7,10,[6, 5, 339, 116, 33, 14, 9]
77,7,9,[5, 339, 116, 33, 14, 9, 6]
78,7,9,[5, 339, 116, 33, 14, 9, 6]
79,7,11,[5, 339, 116, 33, 14, 9, 6]
80,4,10,[341, 42, 12, 7]
81,4,4,[7, 341, 42, 12]
82,4,6,[12, 7, 341, 42]
83,7,19,[5, 339, 116, 33, 14, 9, 6]
84,7,7,[9, 6, 5, 339, 116, 33, 14]
85,4,11,[341, 42, 12, 7]
86,7,15,[5, 339, 116, 33, 14, 9, 6]
87,4,6,[341, 42, 12, 7]
88,4,13,[341, 42, 12, 7]
89,7,11,[9, 6, 5, 339, 116, 33, 14]
90,4,10,[341, 42, 12, 7]
91,7,8,[6, 5, 339, 116, 33, 14, 9]
92,7,8,[6, 5, 339, 116, 33, 14, 9]
93,4,10,[7, 341, 42, 12]
94,7,8,[9, 6, 5, 339, 116, 33, 14]
95,7,8,[6, 5, 339, 116, 33, 14, 9]
96,4,10,[341, 42, 12, 7]
97,7,17,[5, 339, 116, 33, 14, 9, 6]
98,7,9,[5, 339, 116, 33, 14, 9, 6]
99,4,13,[341, 42, 12, 7]
100,7,7,[9, 6, 5, 339, 116, 33, 14]
101,4,8,[7, 341, 42, 12]
102,4,11,[341, 42, 12, 7]
103,4,5,[12, 7, 341, 42]
104,4,9,[7, 341, 42, 12]
105,7,9,[5, 339, 116, 33, 14, 9, 6]
106,7,10,[5, 339, 116, 33, 14, 9, 6]
107,7,9,[6, 5, 339, 116, 33, 14, 9]
108,4,10,[341, 42, 12, 7]
109,7,13,[6, 5, 339, 116, 33, 14, 9]
110,7,9,[5, 339, 116, 33, 14, 9, 6]
111,7,15,[5, 339, 116, 33, 14, 9, 6]
112,7,9,[5, 339, 116, 33, 14, 9, 6]
113,4,8,[341, 42, 12, 7]
114,7,8,[6, 5, 339, 116, 33, 14, 9]
115,7,15,[5, 339, 116, 33, 14, 9, 6]
116,7,6,[33, 14, 9, 6, 5, 339, 116]
117,4,9,[7, 341, 42, 12]
118,7,10,[9, 6, 5, 339, 116, 33, 14]
119,7,8,[6, 5, 339, 116, 33, 14, 9]
120,7,7,[9, 6, 5, 339, 116, 33, 14]
121,4,11,[341, 42, 12, 7]
122,4,11,[341, 42, 12, 7]
123,7,10,[5, 339, 116, 33, 14, 9, 6]
124,4,5,[7, 341, 42, 12]
125,7,9,[5, 339, 116, 33, 14, 9, 6]
126,7,9,[5, 339, 116, 33, 14, 9, 6]
127,7,12,[9, 6, 5, 339, 116, 33, 14]
128,7,7,[9, 6, 5, 339, 116, 33, 14]
129,4,7,[341, 42, 12, 7]
130,7,8,[6, 5, 339, 116, 33, 14, 9]
131,7,11,[5, 339, 116, 33, 14, 9, 6]
132,7,9,[5, 339, 116, 33, 14, 9, 6]
133,7,10,[5, 339, 116, 33, 14, 9, 6]
134,7,11,[5, 339, 116, 33, 14, 9, 6]
135,7,7,[9, 6, 5, 339, 116, 33, 14]
136,7,10,[6, 5, 339, 116, 33, 14, 9]
137,7,11,[5, 339, 116, 33, 14, 9, 6]
138,7,15,[5, 339, 116, 33, 14, 9, 6]
139,7,16,[5, 339, 116, 33, 14, 9, 6]
140,7,9,[5, 339, 116, 33, 14, 9, 6]
141,4,5,[7, 341, 42, 12]
142,7,17,[5, 339, 116, 33, 14, 9, 6]
143,7,8,[6, 5, 339, 116, 33, 14, 9]
144,7,7,[9, 6, 5, 339, 116, 33, 14]
145,4,10,[7, 341, 42, 12]
146,4,11,[341, 42, 12, 7]
147,4,13,[341, 42, 12, 7]
148,7,11,[5, 339, 116, 33, 14, 9, 6]
149,7,8,[14, 9, 6, 5, 339, 116, 33]
150,7,9,[5, 339, 116, 33, 14, 9, 6]
151,4,13,[341, 42, 12, 7]
152,4,6,[341, 42, 12, 7]
153,7,10,[6, 5, 339, 116, 33, 14, 9]
154,7,8,[6, 5, 339, 116, 33, 14, 9]
155,4,6,[341, 42, 12, 7]
156,7,8,[6, 5, 339, 116, 33, 14, 9]
157,7,10,[6, 5, 339, 116, 33, 14, 9]
158,4,5,[7, 341, 42, 12]
159,4,11,[341, 42, 12, 7]
160,7,9,[5, 339, 116, 33, 14, 9, 6]
161,4,6,[341, 42, 12, 7]
162,7,7,[9, 6, 5, 339, 116, 33, 14]
163,7,11,[5, 339, 116, 33, 14, 9, 6]
164,7,15,[5, 339, 116, 33, 14, 9, 6]
165,4,9,[7, 341, 42, 12]
166,4,12,[341, 42, 12, 7]
167,7,10,[6, 5, 339, 116, 33, 14, 9]
168,7,9,[5, 339, 116, 33, 14, 9, 6]
169,7,10,[5, 339, 116, 33, 14, 9, 6]
170,7,8,[6, 5, 339, 116, 33, 14, 9]
171,4,6,[341, 42, 12, 7]
172,7,11,[6, 5, 339, 116, 33, 14, 9]
173,4,9,[341, 42, 12, 7]
174,4,10,[7, 341, 42, 12]
175,4,13,[341, 42, 12, 7]
176,4,9,[7, 341, 42, 12]
177,7,8,[14, 9, 6, 5, 339, 116, 33]
178,7,9,[6, 5, 339, 116, 33, 14, 9]
179,7,16,[5, 339, 116, 33, 14, 9, 6]
180,7,9,[5, 339, 116, 33, 14, 9, 6]
181,4,12,[341, 42, 12, 7]
182,4,11,[341, 42, 12, 7]
183,4,5,[7, 341, 42, 12]
184,4,8,[341, 42, 12, 7]
185,4,4,[12, 7, 341, 42]
186,4,6,[341, 42, 12, 7]
187,7,15,[5, 339, 116, 33, 14, 9, 6]
188,7,9,[6, 5, 339, 116, 33, 14, 9]
189,7,9,[5, 339, 116, 33, 14, 9, 6]
190,7,10,[5, 339, 116, 33, 14, 9, 6]
191,7,9,[6, 5, 339, 116, 33, 14, 9]
192,7,9,[5, 339, 116, 33, 14, 9, 6]
193,7,16,[5, 339, 116, 33, 14, 9, 6]
194,4,14,[341, 42, 12, 7]
195,4,6,[341, 42, 12, 7]
196,7,9,[5, 339, 116, 33, 14, 9, 6]
197,7,11,[5, 339, 116, 33, 14, 9, 6]
198,4,9,[7, 341, 42, 12]
199,7,16,[5, 339, 116, 33, 14, 9, 6]
200,7,9,[5, 339, 116, 33, 14, 9, 6]
