1,1,0,[1],[0]
2,3,5,[13, 80, 994],[1, 0, 0]
3,4,4,[7, 10, 36, 988],[1, 0, 0, 0]
4,1,0,[4],[0]
5,13,0,[5, 6, 9, 11, 20, 41, 43, 48, 82, 986, 992, 1022, 1024],[1, 0, 0, 1, 0, 1, 1, 0, 0, 0, 0, 0, 0]
6,13,0,[5, 6, 9, 11, 20, 41, 43, 48, 82, 986, 992, 1022, 1024],[1, 0, 0, 1, 0, 1, 1, 0, 0, 0, 0, 0, 0]
7,4,0,[7, 10, 36, 988],[1, 0, 0, 0]
8,13,1,[5, 6, 9, 11, 20, 41, 43, 48, 82, 986, 992, 1022, 1024],[1, 0, 0, 1, 0, 1, 1, 0, 0, 0, 0, 0, 0]
9,13,0,[5, 6, 9, 11, 20, 41, 43, 48, 82, 986, 992, 1022, 1024],[1, 0, 0, 1, 0, 1, 1, 0, 0, 0, 0, 0, 0]
10,4,0,[7, 10, 36, 988],[1, 0, 0, 0]
11,13,0,[5, 6, 9, 11, 20, 41, 43, 48, 82, 986, 992, 1022, 1024],[1, 0, 0, 1, 0, 1, 1, 0, 0, 0, 0, 0, 0]
12,4,1,[7, 10, 36, 988],[1, 0, 0, 0]
13,3,0,[13, 80, 994],[1, 0, 0]
14,13,1,[5, 6, 9, 11, 20, 41, 43, 48, 82, 986, 992, 1022, 1024],[1, 0, 0, 1, 0, 1, 1, 0, 0, 0, 0, 0, 0]
15,13,2,[5, 6, 9, 11, 20, 41, 43, 48, 82, 986, 992, 1022, 1024],[1, 0, 0, 1, 0, 1, 1, 0, 0, 0, 0, 0, 0]
16,13,2,[5, 6, 9, 11, 20, 41, 43, 48, 82, 986, 992, 1022, 1024],[1, 0, 0, 1, 0, 1, 1, 0, 0, 0, 0, 0, 0]
17,13,5,[5, 6, 9, 11, 20, 41, 43, 48, 82, 986, 992, 1022, 1024],[1, 0, 0, 1, 0, 1, 1, 0, 0, 0, 0, 0, 0]
18,13,2,[5, 6, 9, 11, 20, 41, 43, 48, 82, 986, 992, 1022, 1024],[1, 0, 0, 1, 0, 1, 1, 0, 0, 0, 0, 0, 0]
19,4,3,[7, 10, 36, 988],[1, 0, 0, 0]
20,13,0,[5, 6, 9, 11, 20, 41, 43, 48, 82, 986, 992, 1022, 1024],[1, 0, 0, 1, 0, 1, 1, 0, 0, 0, 0, 0, 0]
21,4,1,[7, 10, 36, 988],[1, 0, 0, 0]
22,3,1,[13, 80, 994],[1, 0, 0]
23,4,4,[7, 10, 36, 988],[1, 0, 0, 0]
24,13,1,[5, 6, 9, 11, 20, 41, 43, 48, 82, 986, 992, 1022, 1024],[1, 0, 0, 1, 0, 1, 1, 0, 0, 0, 0, 0, 0]
25,4,1,[7, 10, 36, 988],[1, 0, 0, 0]
26,13,3,[5, 6, 9, 11, 20, 41, 43, 48, 82, 986, 992, 1022, 1024],[1, 0, 0, 1, 0, 1, 1, 0, 0, 0, 0, 0, 0]
27,13,1,[5, 6, 9, 11, 20, 41, 43, 48, 82, 986, 992, 1022, 1024],[1, 0, 0, 1, 0, 1, 1, 0, 0, 0, 0, 0, 0]
28,13,1,[5, 6, 9, 11, 20, 41, 43, 48, 82, 986, 992, 1022, 1024],[1, 0, 0, 1, 0, 1, 1, 0, 0, 0, 0, 0, 0]
29,3,3,[13, 80, 994],[1, 0, 0]
30,4,1,[7, 10, 36, 988],[1, 0, 0, 0]
31,4,4,[7, 10, 36, 988],[1, 0, 0, 0]
32,4,1,[7, 10, 36, 988],[1, 0, 0, 0]
33,13,2,[5, 6, 9, 11, 20, 41, 43, 48, 82, 986, 992, 1022, 1024],[1, 0, 0, 1, 0, 1, 1, 0, 0, 0, 0, 0, 0]
34,4,4,[7, 10, 36, 988],[1, 0, 0, 0]
35,4,2,[7, 10, 36, 988],[1, 0, 0, 0]
36,4,0,[7, 10, 36, 988],[1, 0, 0, 0]
37,3,3,[13, 80, 994],[1, 0, 0]
38,4,2,[7, 10, 36, 988],[1, 0, 0, 0]
39,13,3,[5, 6, 9, 11, 20, 41, 43, 48, 82, 986, 992, 1022, 1024],[1, 0, 0, 1, 0, 1, 1, 0, 0, 0, 0, 0, 0]
40,13,1,[5, 6, 9, 11, 20, 41, 43, 48, 82, 986, 992, 1022, 1024],[1, 0, 0, 1, 0, 1, 1, 0, 0, 0, 0, 0, 0]
41,13,0,[5, 6, 9, 11, 20, 41, 43, 48, 82, 986, 992, 1022, 1024],[1, 0, 0, 1, 0, 1, 1, 0, 0, 0, 0, 0, 0]
42,4,2,[7, 10, 36, 988],[1, 0, 0, 0]
43,13,0,[5, 6, 9, 11, 20, 41, 43, 48, 82, 986, 992, 1022, 1024],[1, 0, 0, 1, 0, 1, 1, 0, 0, 0, 0, 0, 0]
44,13,3,[5, 6, 9, 11, 20, 41, 43, 48, 82, 986, 992, 1022, 1024],[1, 0, 0, 1, 0, 1, 1, 0, 0, 0, 0, 0, 0]
45,13,1,[5, 6, 9, 11, 20, 41, 43, 48, 82, 986, 992, 1022, 1024],[1, 0, 0, 1, 0, 1, 1, 0, 0, 0, 0, 0, 0]
46,4,2,[7, 10, 36, 988],[1, 0, 0, 0]
47,4,5,[7, 10, 36, 988],[1, 0, 0, 0]
48,13,0,[5, 6, 9, 11, 20, 41, 43, 48, 82, 986, 992, 1022, 1024],[1, 0, 0, 1, 0, 1, 1, 0, 0, 0, 0, 0, 0]
49,13,2,[5, 6, 9, 11, 20, 41, 43, 48, 82, 986, 992, 1022, 1024],[1, 0, 0, 1, 0, 1, 1, 0, 0, 0, 0, 0, 0]
50,4,2,[7, 10, 36, 988],[1, 0, 0, 0]
51,13,1,[5, 6, 9, 11, 20, 41, 43, 48, 82, 986, 992, 1022, 1024],[1, 0, 0, 1, 0, 1, 1, 0, 0, 0, 0, 0, 0]
52,13,6,[5, 6, 9, 11, 20, 41, 43, 48, 82, 986, 992, 1022, 1024],[1, 0, 0, 1, 0, 1, 1, 0, 0, 0, 0, 0, 0]
53,4,4,[7, 10, 36, 988],[1, 0, 0, 0]
54,13,1,[5, 6, 9, 11, 20, 41, 43, 48, 82, 986, 992, 1022, 1024],[1, 0, 0, 1, 0, 1, 1, 0, 0, 0, 0, 0, 0]
55,13,3,[5, 6, 9, 11, 20, 41, 43, 48, 82, 986, 992, 1022, 1024],[1, 0, 0, 1, 0, 1, 1, 0, 0, 0, 0, 0, 0]
56,3,1,[13, 80, 994],[1, 0, 0]
57,3,2,[13, 80, 994],[1, 0, 0]
58,4,5,[7, 10, 36, 988],[1, 0, 0, 0]
59,13,5,[5, 6, 9, 11, 20, 41, 43, 48, 82, 986, 992, 1022, 1024],[1, 0, 0, 1, 0, 1, 1, 0, 0, 0, 0, 0, 0]
60,4,2,[7, 10, 36, 988],[1, 0, 0, 0]
61,3,6,[13, 80, 994],[1, 0, 0]
62,13,3,[5, 6, 9, 11, 20, 41, 43, 48, 82, 986, 992, 1022, 1024],[1, 0, 0, 1, 0, 1, 1, 0, 0, 0, 0, 0, 0]
63,3,1,[13, 80, 994],[1, 0, 0]
64,4,2,[7, 10, 36, 988],[1, 0, 0, 0]
65,13,3,[5, 6, 9, 11, 20, 41, 43, 48, 82, 986, 992, 1022, 1024],[1, 0, 0, 1, 0, 1, 1, 0, 0, 0, 0, 0, 0]
66,13,3,[5, 6, 9, 11, 20, 41, 43, 48, 82, 986, 992, 1022, 1024],[1, 0, 0, 1, 0, 1, 1, 0, 0, 0, 0, 0, 0]
67,4,9,[7, 10, 36, 988],[1, 0, 0, 0]
68,4,2,[7, 10, 36, 988],[1, 0, 0, 0]
69,13,4,[5, 6, 9, 11, 20, 41, 43, 48, 82, 986, 992, 1022, 1024],[1, 0, 0, 1, 0, 1, 1, 0, 0, 0, 0, 0, 0]
70,13,2,[5, 6, 9, 11, 20, 41, 43, 48, 82, 986, 992, 1022, 1024],[1, 0, 0, 1, 0, 1, 1, 0, 0, 0, 0, 0, 0]
71,13,5,[5, 6, 9, 11, 20, 41, 43, 48, 82, 986, 992, 1022, 1024],[1, 0, 0, 1, 0, 1, 1, 0, 0, 0, 0, 0, 0]
72,4,2,[7, 10, 36, 988],[1, 0, 0, 0]
73,4,4,[7, 10, 36, 988],[1, 0, 0, 0]
74,13,4,[5, 6, 9, 11, 20, 41, 43, 48, 82, 986, 992, 1022, 1024],[1, 0, 0, 1, 0, 1, 1, 0, 0, 0, 0, 0, 0]
75,3,1,[13, 80, 994],[1, 0, 0]
76,4,5,[7, 10, 36, 988],[1, 0, 0, 0]
77,13,3,[5, 6, 9, 11, 20, 41, 43, 48, 82, 986, 992, 1022, 1024],[1, 0, 0, 1, 0, 1, 1, 0, 0, 0, 0, 0, 0]
78,13,3,[5, 6, 9, 11, 20, 41, 43, 48, 82, 986, 992, 1022, 1024],[1, 0, 0, 1, 0, 1, 1, 0, 0, 0, 0, 0, 0]
79,13,5,[5, 6, 9, 11, 20, 41, 43, 48, 82, 986, 992, 1022, 1024],[1, 0, 0, 1, 0, 1, 1, 0, 0, 0, 0, 0, 0]
80,3,0,[13, 80, 994],[1, 0, 0]
81,4,2,[7, 10, 36, 988],[1, 0, 0, 0]
82,13,0,[5, 6, 9, 11, 20, 41, 43, 48, 82, 986, 992, 1022, 1024],[1, 0, 0, 1, 0, 1, 1, 0, 0, 0, 0, 0, 0]
83,4,3,[7, 10, 36, 988],[1, 0, 0, 0]
84,13,2,[5, 6, 9, 11, 20, 41, 43, 48, 82, 986, 992, 1022, 1024],[1, 0, 0, 1, 0, 1, 1, 0, 0, 0, 0, 0, 0]
85,3,2,[13, 80, 994],[1, 0, 0]
86,13,2,[5, 6, 9, 11, 20, 41, 43, 48, 82, 986, 992, 1022, 1024],[1, 0, 0, 1, 0, 1, 1, 0, 0, 0, 0, 0, 0]
87,4,2,[7, 10, 36, 988],[1, 0, 0, 0]
88,13,6,[5, 6, 9, 11, 20, 41, 43, 48, 82, 986, 992, 1022, 1024],[1, 0, 0, 1, 0, 1, 1, 0, 0, 0, 0, 0, 0]
89,13,4,[5, 6, 9, 11, 20, 41, 43, 48, 82, 986, 992, 1022, 1024],[1, 0, 0, 1, 0, 1, 1, 0, 0, 0, 0, 0, 0]
90,3,1,[13, 80, 994],[1, 0, 0]
91,13,1,[5, 6, 9, 11, 20, 41, 43, 48, 82, 986, 992, 1022, 1024],[1, 0, 0, 1, 0, 1, 1, 0, 0, 0, 0, 0, 0]
92,13,2,[5, 6, 9, 11, 20, 41, 43, 48, 82, 986, 992, 1022, 1024],[1, 0, 0, 1, 0, 1, 1, 0, 0, 0, 0, 0, 0]
93,4,5,[7, 10, 36, 988],[1, 0, 0, 0]
94,13,3,[5, 6, 9, 11, 20, 41, 43, 48, 82, 986, 992, 1022, 1024],[1, 0, 0, 1, 0, 1, 1, 0, 0, 0, 0, 0, 0]
95,13,2,[5, 6, 9, 11, 20, 41, 43, 48, 82, 986, 992, 1022, 1024],[1, 0, 0, 1, 0, 1, 1, 0, 0, 0, 0, 0, 0]
96,3,1,[13, 80, 994],[1, 0, 0]
97,13,3,[5, 6, 9, 11, 20, 41, 43, 48, 82, 986, 992, 1022, 1024],[1, 0, 0, 1, 0, 1, 1, 0, 0, 0, 0, 0, 0]
98,13,3,[5, 6, 9, 11, 20, 41, 43, 48, 82, 986, 992, 1022, 1024],[1, 0, 0, 1, 0, 1, 1, 0, 0, 0, 0, 0, 0]
99,13,6,[5, 6, 9, 11, 20, 41, 43, 48, 82, 986, 992, 1022, 1024],[1, 0, 0, 1, 0, 1, 1, 0, 0, 0, 0, 0, 0]
100,13,2,[5, 6, 9, 11, 20, 41, 43, 48, 82, 986, 992, 1022, 1024],[1, 0, 0, 1, 0, 1, 1, 0, 0, 0, 0, 0, 0]
