1,1,0,[1],[0]
2,11,8,[7, 10, 21, 23, 31, 38, 47, 345, 361, 369, 385],[1, 0, 0, 1, 1, 0, 1, 0, 0, 0, 0]
3,11,4,[7, 10, 21, 23, 31, 38, 47, 345, 361, 369, 385],[1, 0, 0, 1, 1, 0, 1, 0, 0, 0, 0]
4,1,0,[4],[0]
5,11,2,[7, 10, 21, 23, 31, 38, 47, 345, 361, 369, 385],[1, 0, 0, 1, 1, 0, 1, 0, 0, 0, 0]
6,11,3,[7, 10, 21, 23, 31, 38, 47, 345, 361, 369, 385],[1, 0, 0, 1, 1, 0, 1, 0, 0, 0, 0]
7,11,0,[7, 10, 21, 23, 31, 38, 47, 345, 361, 369, 385],[1, 0, 0, 1, 1, 0, 1, 0, 0, 0, 0]
8,11,4,[7, 10, 21, 23, 31, 38, 47, 345, 361, 369, 385],[1, 0, 0, 1, 1, 0, 1, 0, 0, 0, 0]
9,11,4,[7, 10, 21, 23, 31, 38, 47, 345, 361, 369, 385],[1, 0, 0, 1, 1, 0, 1, 0, 0, 0, 0]
10,11,0,[7, 10, 21, 23, 31, 38, 47, 345, 361, 369, 385],[1, 0, 0, 1, 1, 0, 1, 0, 0, 0, 0]
11,11,6,[7, 10, 21, 23, 31, 38, 47, 345, 361, 369, 385],[1, 0, 0, 1, 1, 0, 1, 0, 0, 0, 0]
12,11,1,[7, 10, 21, 23, 31, 38, 47, 345, 361, 369, 385],[1, 0, 0, 1, 1, 0, 1, 0, 0, 0, 0]
13,3,0,[13, 22, 351],[1, 0, 0]
14,11,5,[7, 10, 21, 23, 31, 38, 47, 345, 361, 369, 385],[1, 0, 0, 1, 1, 0, 1, 0, 0, 0, 0]
15,11,5,[7, 10, 21, 23, 31, 38, 47, 345, 361, 369, 385],[1, 0, 0, 1, 1, 0, 1, 0, 0, 0, 0]
16,11,5,[7, 10, 21, 23, 31, 38, 47, 345, 361, 369, 385],[1, 0, 0, 1, 1, 0, 1, 0, 0, 0, 0]
17,11,3,[7, 10, 21, 23, 31, 38, 47, 345, 361, 369, 385],[1, 0, 0, 1, 1, 0, 1, 0, 0, 0, 0]
18,11,5,[7, 10, 21, 23, 31, 38, 47, 345, 361, 369, 385],[1, 0, 0, 1, 1, 0, 1, 0, 0, 0, 0]
19,11,7,[7, 10, 21, 23, 31, 38, 47, 345, 361, 369, 385],[1, 0, 0, 1, 1, 0, 1, 0, 0, 0, 0]
20,11,5,[7, 10, 21, 23, 31, 38, 47, 345, 361, 369, 385],[1, 0, 0, 1, 1, 0, 1, 0, 0, 0, 0]
21,11,0,[7, 10, 21, 23, 31, 38, 47, 345, 361, 369, 385],[1, 0, 0, 1, 1, 0, 1, 0, 0, 0, 0]
22,3,0,[13, 22, 351],[1, 0, 0]
23,11,0,[7, 10, 21, 23, 31, 38, 47, 345, 361, 369, 385],[1, 0, 0, 1, 1, 0, 1, 0, 0, 0, 0]
24,11,5,[7, 10, 21, 23, 31, 38, 47, 345, 361, 369, 385],[1, 0, 0, 1, 1, 0, 1, 0, 0, 0, 0]
25,11,1,[7, 10, 21, 23, 31, 38, 47, 345, 361, 369, 385],[1, 0, 0, 1, 1, 0, 1, 0, 0, 0, 0]
26,11,6,[7, 10, 21, 23, 31, 38, 47, 345, 361, 369, 385],[1, 0, 0, 1, 1, 0, 1, 0, 0, 0, 0]
27,11,5,[7, 10, 21, 23, 31, 38, 47, 345, 361, 369, 385],[1, 0, 0, 1, 1, 0, 1, 0, 0, 0, 0]
28,11,7,[7, 10, 21, 23, 31, 38, 47, 345, 361, 369, 385],[1, 0, 0, 1, 1, 0, 1, 0, 0, 0, 0]
29,11,9,[7, 10, 21, 23, 31, 38, 47, 345, 361, 369, 385],[1, 0, 0, 1, 1, 0, 1, 0, 0, 0, 0]
30,11,1,[7, 10, 21, 23, 31, 38, 47, 345, 361, 369, 385],[1, 0, 0, 1, 1, 0, 1, 0, 0, 0, 0]
31,11,0,[7, 10, 21, 23, 31, 38, 47, 345, 361, 369, 385],[1, 0, 0, 1, 1, 0, 1, 0, 0, 0, 0]
32,11,1,[7, 10, 21, 23, 31, 38, 47, 345, 361, 369, 385],[1, 0, 0, 1, 1, 0, 1, 0, 0, 0, 0]
33,11,6,[7, 10, 21, 23, 31, 38, 47, 345, 361, 369, 385],[1, 0, 0, 1, 1, 0, 1, 0, 0, 0, 0]
34,11,8,[7, 10, 21, 23, 31, 38, 47, 345, 361, 369, 385],[1, 0, 0, 1, 1, 0, 1, 0, 0, 0, 0]
35,11,2,[7, 10, 21, 23, 31, 38, 47, 345, 361, 369, 385],[1, 0, 0, 1, 1, 0, 1, 0, 0, 0, 0]
36,11,1,[7, 10, 21, 23, 31, 38, 47, 345, 361, 369, 385],[1, 0, 0, 1, 1, 0, 1, 0, 0, 0, 0]
37,11,7,[7, 10, 21, 23, 31, 38, 47, 345, 361, 369, 385],[1, 0, 0, 1, 1, 0, 1, 0, 0, 0, 0]
38,11,0,[7, 10, 21, 23, 31, 38, 47, 345, 361, 369, 385],[1, 0, 0, 1, 1, 0, 1, 0, 0, 0, 0]
39,11,6,[7, 10, 21, 23, 31, 38, 47, 345, 361, 369, 385],[1, 0, 0, 1, 1, 0, 1, 0, 0, 0, 0]
40,11,7,[7, 10, 21, 23, 31, 38, 47, 345, 361, 369, 385],[1, 0, 0, 1, 1, 0, 1, 0, 0, 0, 0]
41,11,9,[7, 10, 21, 23, 31, 38, 47, 345, 361, 369, 385],[1, 0, 0, 1, 1, 0, 1, 0, 0, 0, 0]
42,11,2,[7, 10, 21, 23, 31, 38, 47, 345, 361, 369, 385],[1, 0, 0, 1, 1, 0, 1, 0, 0, 0, 0]
43,11,8,[7, 10, 21, 23, 31, 38, 47, 345, 361, 369, 385],[1, 0, 0, 1, 1, 0, 1, 0, 0, 0, 0]
44,11,6,[7, 10, 21, 23, 31, 38, 47, 345, 361, 369, 385],[1, 0, 0, 1, 1, 0, 1, 0, 0, 0, 0]
45,11,7,[7, 10, 21, 23, 31, 38, 47, 345, 361, 369, 385],[1, 0, 0, 1, 1, 0, 1, 0, 0, 0, 0]
46,11,2,[7, 10, 21, 23, 31, 38, 47, 345, 361, 369, 385],[1, 0, 0, 1, 1, 0, 1, 0, 0, 0, 0]
47,11,0,[7, 10, 21, 23, 31, 38, 47, 345, 361, 369, 385],[1, 0, 0, 1, 1, 0, 1, 0, 0, 0, 0]
48,11,7,[7, 10, 21, 23, 31, 38, 47, 345, 361, 369, 385],[1, 0, 0, 1, 1, 0, 1, 0, 0, 0, 0]
49,11,6,[7, 10, 21, 23, 31, 38, 47, 345, 361, 369, 385],[1, 0, 0, 1, 1, 0, 1, 0, 0, 0, 0]
50,11,2,[7, 10, 21, 23, 31, 38, 47, 345, 361, 369, 385],[1, 0, 0, 1, 1, 0, 1, 0, 0, 0, 0]
51,11,6,[7, 10, 21, 23, 31, 38, 47, 345, 361, 369, 385],[1, 0, 0, 1, 1, 0, 1, 0, 0, 0, 0]
52,11,4,[7, 10, 21, 23, 31, 38, 47, 345, 361, 369, 385],[1, 0, 0, 1, 1, 0, 1, 0, 0, 0, 0]
53,11,9,[7, 10, 21, 23, 31, 38, 47, 345, 361, 369, 385],[1, 0, 0, 1, 1, 0, 1, 0, 0, 0, 0]
54,11,7,[7, 10, 21, 23, 31, 38, 47, 345, 361, 369, 385],[1, 0, 0, 1, 1, 0, 1, 0, 0, 0, 0]
55,11,6,[7, 10, 21, 23, 31, 38, 47, 345, 361, 369, 385],[1, 0, 0, 1, 1, 0, 1, 0, 0, 0, 0]
56,3,1,[13, 22, 351],[1, 0, 0]
57,3,1,[13, 22, 351],[1, 0, 0]
58,11,1,[7, 10, 21, 23, 31, 38, 47, 345, 361, 369, 385],[1, 0, 0, 1, 1, 0, 1, 0, 0, 0, 0]
59,3,3,[13, 22, 351],[1, 0, 0]
60,11,2,[7, 10, 21, 23, 31, 38, 47, 345, 361, 369, 385],[1, 0, 0, 1, 1, 0, 1, 0, 0, 0, 0]
61,11,11,[7, 10, 21, 23, 31, 38, 47, 345, 361, 369, 385],[1, 0, 0, 1, 1, 0, 1, 0, 0, 0, 0]
62,11,7,[7, 10, 21, 23, 31, 38, 47, 345, 361, 369, 385],[1, 0, 0, 1, 1, 0, 1, 0, 0, 0, 0]
63,3,1,[13, 22, 351],[1, 0, 0]
64,11,2,[7, 10, 21, 23, 31, 38, 47, 345, 361, 369, 385],[1, 0, 0, 1, 1, 0, 1, 0, 0, 0, 0]
65,11,6,[7, 10, 21, 23, 31, 38, 47, 345, 361, 369, 385],[1, 0, 0, 1, 1, 0, 1, 0, 0, 0, 0]
66,11,6,[7, 10, 21, 23, 31, 38, 47, 345, 361, 369, 385],[1, 0, 0, 1, 1, 0, 1, 0, 0, 0, 0]
67,11,5,[7, 10, 21, 23, 31, 38, 47, 345, 361, 369, 385],[1, 0, 0, 1, 1, 0, 1, 0, 0, 0, 0]
68,11,1,[7, 10, 21, 23, 31, 38, 47, 345, 361, 369, 385],[1, 0, 0, 1, 1, 0, 1, 0, 0, 0, 0]
69,11,7,[7, 10, 21, 23, 31, 38, 47, 345, 361, 369, 385],[1, 0, 0, 1, 1, 0, 1, 0, 0, 0, 0]
70,11,6,[7, 10, 21, 23, 31, 38, 47, 345, 361, 369, 385],[1, 0, 0, 1, 1, 0, 1, 0, 0, 0, 0]
71,11,6,[7, 10, 21, 23, 31, 38, 47, 345, 361, 369, 385],[1, 0, 0, 1, 1, 0, 1, 0, 0, 0, 0]
72,11,2,[7, 10, 21, 23, 31, 38, 47, 345, 361, 369, 385],[1, 0, 0, 1, 1, 0, 1, 0, 0, 0, 0]
73,11,8,[7, 10, 21, 23, 31, 38, 47, 345, 361, 369, 385],[1, 0, 0, 1, 1, 0, 1, 0, 0, 0, 0]
74,11,7,[7, 10, 21, 23, 31, 38, 47, 345, 361, 369, 385],[1, 0, 0, 1, 1, 0, 1, 0, 0, 0, 0]
75,3,1,[13, 22, 351],[1, 0, 0]
76,11,1,[7, 10, 21, 23, 31, 38, 47, 345, 361, 369, 385],[1, 0, 0, 1, 1, 0, 1, 0, 0, 0, 0]
77,11,6,[7, 10, 21, 23, 31, 38, 47, 345, 361, 369, 385],[1, 0, 0, 1, 1, 0, 1, 0, 0, 0, 0]
78,11,6,[7, 10, 21, 23, 31, 38, 47, 345, 361, 369, 385],[1, 0, 0, 1, 1, 0, 1, 0, 0, 0, 0]
79,11,11,[7, 10, 21, 23, 31, 38, 47, 345, 361, 369, 385],[1, 0, 0, 1, 1, 0, 1, 0, 0, 0, 0]
80,3,1,[13, 22, 351],[1, 0, 0]
81,11,2,[7, 10, 21, 23, 31, 38, 47, 345, 361, 369, 385],[1, 0, 0, 1, 1, 0, 1, 0, 0, 0, 0]
82,11,9,[7, 10, 21, 23, 31, 38, 47, 345, 361, 369, 385],[1, 0, 0, 1, 1, 0, 1, 0, 0, 0, 0]
83,11,10,[7, 10, 21, 23, 31, 38, 47, 345, 361, 369, 385],[1, 0, 0, 1, 1, 0, 1, 0, 0, 0, 0]
84,11,6,[7, 10, 21, 23, 31, 38, 47, 345, 361, 369, 385],[1, 0, 0, 1, 1, 0, 1, 0, 0, 0, 0]
85,3,1,[13, 22, 351],[1, 0, 0]
86,11,8,[7, 10, 21, 23, 31, 38, 47, 345, 361, 369, 385],[1, 0, 0, 1, 1, 0, 1, 0, 0, 0, 0]
87,11,2,[7, 10, 21, 23, 31, 38, 47, 345, 361, 369, 385],[1, 0, 0, 1, 1, 0, 1, 0, 0, 0, 0]
88,11,4,[7, 10, 21, 23, 31, 38, 47, 345, 361, 369, 385],[1, 0, 0, 1, 1, 0, 1, 0, 0, 0, 0]
89,11,3,[7, 10, 21, 23, 31, 38, 47, 345, 361, 369, 385],[1, 0, 0, 1, 1, 0, 1, 0, 0, 0, 0]
90,3,1,[13, 22, 351],[1, 0, 0]
91,11,6,[7, 10, 21, 23, 31, 38, 47, 345, 361, 369, 385],[1, 0, 0, 1, 1, 0, 1, 0, 0, 0, 0]
92,11,6,[7, 10, 21, 23, 31, 38, 47, 345, 361, 369, 385],[1, 0, 0, 1, 1, 0, 1, 0, 0, 0, 0]
93,11,9,[7, 10, 21, 23, 31, 38, 47, 345, 361, 369, 385],[1, 0, 0, 1, 1, 0, 1, 0, 0, 0, 0]
94,11,7,[7, 10, 21, 23, 31, 38, 47, 345, 361, 369, 385],[1, 0, 0, 1, 1, 0, 1, 0, 0, 0, 0]
95,11,6,[7, 10, 21, 23, 31, 38, 47, 345, 361, 369, 385],[1, 0, 0, 1, 1, 0, 1, 0, 0, 0, 0]
96,3,1,[13, 22, 351],[1, 0, 0]
97,11,9,[7, 10, 21, 23, 31, 38, 47, 345, 361, 369, 385],[1, 0, 0, 1, 1, 0, 1, 0, 0, 0, 0]
98,11,6,[7, 10, 21, 23, 31, 38, 47, 345, 361, 369, 385],[1, 0, 0, 1, 1, 0, 1, 0, 0, 0, 0]
99,11,4,[7, 10, 21, 23, 31, 38, 47, 345, 361, 369, 385],[1, 0, 0, 1, 1, 0, 1, 0, 0, 0, 0]
100,11,6,[7, 10, 21, 23, 31, 38, 47, 345, 361, 369, 385],[1, 0, 0, 1, 1, 0, 1, 0, 0, 0, 0]
