1,1,0,[1],[0]
2,7,4,[7, 12, 23, 72, 136, 655, 671],[1, 0, 1, 0, 0, 0, 0]
3,7,23,[7, 12, 23, 72, 136, 655, 671],[1, 0, 1, 0, 0, 0, 0]
4,1,0,[4],[0]
5,7,15,[7, 12, 23, 72, 136, 655, 671],[1, 0, 1, 0, 0, 0, 0]
6,7,16,[7, 12, 23, 72, 136, 655, 671],[1, 0, 1, 0, 0, 0, 0]
7,7,0,[7, 12, 23, 72, 136, 655, 671],[1, 0, 1, 0, 0, 0, 0]
8,7,17,[7, 12, 23, 72, 136, 655, 671],[1, 0, 1, 0, 0, 0, 0]
9,7,17,[7, 12, 23, 72, 136, 655, 671],[1, 0, 1, 0, 0, 0, 0]
10,7,1,[7, 12, 23, 72, 136, 655, 671],[1, 0, 1, 0, 0, 0, 0]
11,5,0,[11, 45, 659, 1307, 1955],[1, 0, 1, 1, 0]
12,7,0,[7, 12, 23, 72, 136, 655, 671],[1, 0, 1, 0, 0, 0, 0]
13,7,4,[7, 12, 23, 72, 136, 655, 671],[1, 0, 1, 0, 0, 0, 0]
14,7,18,[7, 12, 23, 72, 136, 655, 671],[1, 0, 1, 0, 0, 0, 0]
15,7,18,[7, 12, 23, 72, 136, 655, 671],[1, 0, 1, 0, 0, 0, 0]
16,7,18,[7, 12, 23, 72, 136, 655, 671],[1, 0, 1, 0, 0, 0, 0]
17,8,0,[17, 19, 31, 52, 104, 665, 667, 679],[1, 1, 1, 0, 0, 0, 0, 0]
18,7,18,[7, 12, 23, 72, 136, 655, 671],[1, 0, 1, 0, 0, 0, 0]
19,8,0,[17, 19, 31, 52, 104, 665, 667, 679],[1, 1, 1, 0, 0, 0, 0, 0]
20,7,18,[7, 12, 23, 72, 136, 655, 671],[1, 0, 1, 0, 0, 0, 0]
21,7,2,[7, 12, 23, 72, 136, 655, 671],[1, 0, 1, 0, 0, 0, 0]
22,7,5,[7, 12, 23, 72, 136, 655, 671],[1, 0, 1, 0, 0, 0, 0]
23,7,0,[7, 12, 23, 72, 136, 655, 671],[1, 0, 1, 0, 0, 0, 0]
24,7,18,[7, 12, 23, 72, 136, 655, 671],[1, 0, 1, 0, 0, 0, 0]
25,7,2,[7, 12, 23, 72, 136, 655, 671],[1, 0, 1, 0, 0, 0, 0]
26,7,19,[7, 12, 23, 72, 136, 655, 671],[1, 0, 1, 0, 0, 0, 0]
27,7,18,[7, 12, 23, 72, 136, 655, 671],[1, 0, 1, 0, 0, 0, 0]
28,5,1,[11, 45, 659, 1307, 1955],[1, 0, 1, 1, 0]
29,7,8,[7, 12, 23, 72, 136, 655, 671],[1, 0, 1, 0, 0, 0, 0]
30,7,2,[7, 12, 23, 72, 136, 655, 671],[1, 0, 1, 0, 0, 0, 0]
31,8,0,[17, 19, 31, 52, 104, 665, 667, 679],[1, 1, 1, 0, 0, 0, 0, 0]
32,7,2,[7, 12, 23, 72, 136, 655, 671],[1, 0, 1, 0, 0, 0, 0]
33,7,19,[7, 12, 23, 72, 136, 655, 671],[1, 0, 1, 0, 0, 0, 0]
34,8,1,[17, 19, 31, 52, 104, 665, 667, 679],[1, 1, 1, 0, 0, 0, 0, 0]
35,7,1,[7, 12, 23, 72, 136, 655, 671],[1, 0, 1, 0, 0, 0, 0]
36,7,2,[7, 12, 23, 72, 136, 655, 671],[1, 0, 1, 0, 0, 0, 0]
37,7,24,[7, 12, 23, 72, 136, 655, 671],[1, 0, 1, 0, 0, 0, 0]
38,7,3,[7, 12, 23, 72, 136, 655, 671],[1, 0, 1, 0, 0, 0, 0]
39,7,19,[7, 12, 23, 72, 136, 655, 671],[1, 0, 1, 0, 0, 0, 0]
40,5,1,[11, 45, 659, 1307, 1955],[1, 0, 1, 1, 0]
41,7,21,[7, 12, 23, 72, 136, 655, 671],[1, 0, 1, 0, 0, 0, 0]
42,7,1,[7, 12, 23, 72, 136, 655, 671],[1, 0, 1, 0, 0, 0, 0]
43,7,23,[7, 12, 23, 72, 136, 655, 671],[1, 0, 1, 0, 0, 0, 0]
44,7,19,[7, 12, 23, 72, 136, 655, 671],[1, 0, 1, 0, 0, 0, 0]
45,5,0,[11, 45, 659, 1307, 1955],[1, 0, 1, 1, 0]
46,7,3,[7, 12, 23, 72, 136, 655, 671],[1, 0, 1, 0, 0, 0, 0]
47,7,21,[7, 12, 23, 72, 136, 655, 671],[1, 0, 1, 0, 0, 0, 0]
48,5,1,[11, 45, 659, 1307, 1955],[1, 0, 1, 1, 0]
49,7,19,[7, 12, 23, 72, 136, 655, 671],[1, 0, 1, 0, 0, 0, 0]
50,7,1,[7, 12, 23, 72, 136, 655, 671],[1, 0, 1, 0, 0, 0, 0]
51,7,19,[7, 12, 23, 72, 136, 655, 671],[1, 0, 1, 0, 0, 0, 0]
52,8,0,[17, 19, 31, 52, 104, 665, 667, 679],[1, 1, 1, 0, 0, 0, 0, 0]
53,7,8,[7, 12, 23, 72, 136, 655, 671],[1, 0, 1, 0, 0, 0, 0]
54,5,1,[11, 45, 659, 1307, 1955],[1, 0, 1, 1, 0]
55,7,19,[7, 12, 23, 72, 136, 655, 671],[1, 0, 1, 0, 0, 0, 0]
56,7,5,[7, 12, 23, 72, 136, 655, 671],[1, 0, 1, 0, 0, 0, 0]
57,7,6,[7, 12, 23, 72, 136, 655, 671],[1, 0, 1, 0, 0, 0, 0]
58,8,1,[17, 19, 31, 52, 104, 665, 667, 679],[1, 1, 1, 0, 0, 0, 0, 0]
59,7,7,[7, 12, 23, 72, 136, 655, 671],[1, 0, 1, 0, 0, 0, 0]
60,7,1,[7, 12, 23, 72, 136, 655, 671],[1, 0, 1, 0, 0, 0, 0]
61,7,27,[7, 12, 23, 72, 136, 655, 671],[1, 0, 1, 0, 0, 0, 0]
62,7,20,[7, 12, 23, 72, 136, 655, 671],[1, 0, 1, 0, 0, 0, 0]
63,7,5,[7, 12, 23, 72, 136, 655, 671],[1, 0, 1, 0, 0, 0, 0]
64,7,1,[7, 12, 23, 72, 136, 655, 671],[1, 0, 1, 0, 0, 0, 0]
65,7,19,[7, 12, 23, 72, 136, 655, 671],[1, 0, 1, 0, 0, 0, 0]
66,7,19,[7, 12, 23, 72, 136, 655, 671],[1, 0, 1, 0, 0, 0, 0]
67,7,10,[7, 12, 23, 72, 136, 655, 671],[1, 0, 1, 0, 0, 0, 0]
68,7,3,[7, 12, 23, 72, 136, 655, 671],[1, 0, 1, 0, 0, 0, 0]
69,7,20,[7, 12, 23, 72, 136, 655, 671],[1, 0, 1, 0, 0, 0, 0]
70,7,19,[7, 12, 23, 72, 136, 655, 671],[1, 0, 1, 0, 0, 0, 0]
71,7,23,[7, 12, 23, 72, 136, 655, 671],[1, 0, 1, 0, 0, 0, 0]
72,7,0,[7, 12, 23, 72, 136, 655, 671],[1, 0, 1, 0, 0, 0, 0]
73,7,21,[7, 12, 23, 72, 136, 655, 671],[1, 0, 1, 0, 0, 0, 0]
74,7,20,[7, 12, 23, 72, 136, 655, 671],[1, 0, 1, 0, 0, 0, 0]
75,7,5,[7, 12, 23, 72, 136, 655, 671],[1, 0, 1, 0, 0, 0, 0]
76,7,1,[7, 12, 23, 72, 136, 655, 671],[1, 0, 1, 0, 0, 0, 0]
77,7,19,[7, 12, 23, 72, 136, 655, 671],[1, 0, 1, 0, 0, 0, 0]
78,7,19,[7, 12, 23, 72, 136, 655, 671],[1, 0, 1, 0, 0, 0, 0]
79,7,22,[7, 12, 23, 72, 136, 655, 671],[1, 0, 1, 0, 0, 0, 0]
80,7,5,[7, 12, 23, 72, 136, 655, 671],[1, 0, 1, 0, 0, 0, 0]
81,7,1,[7, 12, 23, 72, 136, 655, 671],[1, 0, 1, 0, 0, 0, 0]
82,7,24,[7, 12, 23, 72, 136, 655, 671],[1, 0, 1, 0, 0, 0, 0]
83,7,3,[7, 12, 23, 72, 136, 655, 671],[1, 0, 1, 0, 0, 0, 0]
84,7,19,[7, 12, 23, 72, 136, 655, 671],[1, 0, 1, 0, 0, 0, 0]
85,7,6,[7, 12, 23, 72, 136, 655, 671],[1, 0, 1, 0, 0, 0, 0]
86,5,1,[11, 45, 659, 1307, 1955],[1, 0, 1, 1, 0]
87,7,3,[7, 12, 23, 72, 136, 655, 671],[1, 0, 1, 0, 0, 0, 0]
88,8,1,[17, 19, 31, 52, 104, 665, 667, 679],[1, 1, 1, 0, 0, 0, 0, 0]
89,7,21,[7, 12, 23, 72, 136, 655, 671],[1, 0, 1, 0, 0, 0, 0]
90,7,5,[7, 12, 23, 72, 136, 655, 671],[1, 0, 1, 0, 0, 0, 0]
91,7,19,[7, 12, 23, 72, 136, 655, 671],[1, 0, 1, 0, 0, 0, 0]
92,7,19,[7, 12, 23, 72, 136, 655, 671],[1, 0, 1, 0, 0, 0, 0]
93,8,2,[17, 19, 31, 52, 104, 665, 667, 679],[1, 1, 1, 0, 0, 0, 0, 0]
94,7,20,[7, 12, 23, 72, 136, 655, 671],[1, 0, 1, 0, 0, 0, 0]
95,7,19,[7, 12, 23, 72, 136, 655, 671],[1, 0, 1, 0, 0, 0, 0]
96,7,5,[7, 12, 23, 72, 136, 655, 671],[1, 0, 1, 0, 0, 0, 0]
97,7,21,[7, 12, 23, 72, 136, 655, 671],[1, 0, 1, 0, 0, 0, 0]
98,7,19,[7, 12, 23, 72, 136, 655, 671],[1, 0, 1, 0, 0, 0, 0]
99,8,1,[17, 19, 31, 52, 104, 665, 667, 679],[1, 1, 1, 0, 0, 0, 0, 0]
100,7,19,[7, 12, 23, 72, 136, 655, 671],[1, 0, 1, 0, 0, 0, 0]
