1,1,0,[1]
2,5,9,[5, 65, 18, 8, 6]
3,5,11,[6, 5, 65, 18, 8]
4,1,0,[4]
5,5,4,[65, 18, 8, 6, 5]
6,5,4,[5, 65, 18, 8, 6]
7,14,13,[67, 127, 187, 28, 11, 71, 131, 191, 251, 311, 371, 60, 12, 7]
8,5,4,[6, 5, 65, 18, 8]
9,5,5,[5, 65, 18, 8, 6]
10,14,14,[67, 127, 187, 28, 11, 71, 131, 191, 251, 311, 371, 60, 12, 7]
11,14,13,[71, 131, 191, 251, 311, 371, 60, 12, 7, 67, 127, 187, 28, 11]
12,14,13,[7, 67, 127, 187, 28, 11, 71, 131, 191, 251, 311, 371, 60, 12]
13,5,9,[6, 5, 65, 18, 8]
14,5,6,[5, 65, 18, 8, 6]
15,5,5,[6, 5, 65, 18, 8]
16,5,5,[6, 5, 65, 18, 8]
17,5,6,[8, 6, 5, 65, 18]
18,5,4,[8, 6, 5, 65, 18]
19,5,11,[6, 5, 65, 18, 8]
20,5,6,[5, 65, 18, 8, 6]
21,14,15,[67, 127, 187, 28, 11, 71, 131, 191, 251, 311, 371, 60, 12, 7]
22,5,10,[6, 5, 65, 18, 8]
23,5,9,[5, 65, 18, 8, 6]
24,5,6,[5, 65, 18, 8, 6]
25,14,15,[67, 127, 187, 28, 11, 71, 131, 191, 251, 311, 371, 60, 12, 7]
26,5,6,[6, 5, 65, 18, 8]
27,5,6,[5, 65, 18, 8, 6]
28,14,13,[11, 71, 131, 191, 251, 311, 371, 60, 12, 7, 67, 127, 187, 28]
29,14,19,[67, 127, 187, 28, 11, 71, 131, 191, 251, 311, 371, 60, 12, 7]
30,14,15,[67, 127, 187, 28, 11, 71, 131, 191, 251, 311, 371, 60, 12, 7]
31,5,8,[5, 65, 18, 8, 6]
32,14,15,[67, 127, 187, 28, 11, 71, 131, 191, 251, 311, 371, 60, 12, 7]
33,5,7,[5, 65, 18, 8, 6]
34,5,12,[6, 5, 65, 18, 8]
35,14,14,[7, 67, 127, 187, 28, 11, 71, 131, 191, 251, 311, 371, 60, 12]
36,14,15,[67, 127, 187, 28, 11, 71, 131, 191, 251, 311, 371, 60, 12, 7]
37,14,20,[67, 127, 187, 28, 11, 71, 131, 191, 251, 311, 371, 60, 12, 7]
38,14,16,[67, 127, 187, 28, 11, 71, 131, 191, 251, 311, 371, 60, 12, 7]
39,5,6,[6, 5, 65, 18, 8]
40,14,14,[71, 131, 191, 251, 311, 371, 60, 12, 7, 67, 127, 187, 28, 11]
41,14,18,[67, 127, 187, 28, 11, 71, 131, 191, 251, 311, 371, 60, 12, 7]
42,14,14,[7, 67, 127, 187, 28, 11, 71, 131, 191, 251, 311, 371, 60, 12]
43,14,21,[67, 127, 187, 28, 11, 71, 131, 191, 251, 311, 371, 60, 12, 7]
44,5,6,[6, 5, 65, 18, 8]
45,14,14,[71, 131, 191, 251, 311, 371, 60, 12, 7, 67, 127, 187, 28, 11]
46,14,16,[67, 127, 187, 28, 11, 71, 131, 191, 251, 311, 371, 60, 12, 7]
47,14,19,[71, 131, 191, 251, 311, 371, 60, 12, 7, 67, 127, 187, 28, 11]
48,14,14,[71, 131, 191, 251, 311, 371, 60, 12, 7, 67, 127, 187, 28, 11]
49,5,7,[5, 65, 18, 8, 6]
50,14,14,[7, 67, 127, 187, 28, 11, 71, 131, 191, 251, 311, 371, 60, 12]
51,5,7,[5, 65, 18, 8, 6]
52,5,7,[8, 6, 5, 65, 18]
53,5,13,[6, 5, 65, 18, 8]
54,14,14,[71, 131, 191, 251, 311, 371, 60, 12, 7, 67, 127, 187, 28, 11]
55,5,6,[6, 5, 65, 18, 8]
56,5,10,[6, 5, 65, 18, 8]
57,5,11,[6, 5, 65, 18, 8]
58,5,9,[5, 65, 18, 8, 6]
59,5,8,[5, 65, 18, 8, 6]
60,14,13,[12, 7, 67, 127, 187, 28, 11, 71, 131, 191, 251, 311, 371, 60]
61,5,12,[6, 5, 65, 18, 8]
62,5,8,[5, 65, 18, 8, 6]
63,5,10,[6, 5, 65, 18, 8]
64,14,14,[7, 67, 127, 187, 28, 11, 71, 131, 191, 251, 311, 371, 60, 12]
65,5,4,[18, 8, 6, 5, 65]
66,5,6,[6, 5, 65, 18, 8]
67,14,13,[127, 187, 28, 11, 71, 131, 191, 251, 311, 371, 60, 12, 7, 67]
68,14,16,[67, 127, 187, 28, 11, 71, 131, 191, 251, 311, 371, 60, 12, 7]
69,5,7,[6, 5, 65, 18, 8]
70,5,7,[5, 65, 18, 8, 6]
71,14,13,[131, 191, 251, 311, 371, 60, 12, 7, 67, 127, 187, 28, 11, 71]
72,14,14,[7, 67, 127, 187, 28, 11, 71, 131, 191, 251, 311, 371, 60, 12]
73,5,8,[6, 5, 65, 18, 8]
74,5,7,[6, 5, 65, 18, 8]
75,5,10,[6, 5, 65, 18, 8]
76,5,10,[5, 65, 18, 8, 6]
77,5,5,[8, 6, 5, 65, 18]
78,5,5,[8, 6, 5, 65, 18]
79,5,10,[6, 5, 65, 18, 8]
80,5,10,[6, 5, 65, 18, 8]
81,14,14,[7, 67, 127, 187, 28, 11, 71, 131, 191, 251, 311, 371, 60, 12]
82,14,22,[67, 127, 187, 28, 11, 71, 131, 191, 251, 311, 371, 60, 12, 7]
83,5,8,[5, 65, 18, 8, 6]
84,5,7,[5, 65, 18, 8, 6]
85,5,11,[6, 5, 65, 18, 8]
86,14,15,[71, 131, 191, 251, 311, 371, 60, 12, 7, 67, 127, 187, 28, 11]
87,14,16,[67, 127, 187, 28, 11, 71, 131, 191, 251, 311, 371, 60, 12, 7]
88,5,7,[8, 6, 5, 65, 18]
89,14,18,[67, 127, 187, 28, 11, 71, 131, 191, 251, 311, 371, 60, 12, 7]
90,5,10,[6, 5, 65, 18, 8]
91,5,7,[5, 65, 18, 8, 6]
92,5,7,[5, 65, 18, 8, 6]
93,5,13,[6, 5, 65, 18, 8]
94,5,8,[5, 65, 18, 8, 6]
95,5,7,[5, 65, 18, 8, 6]
96,5,10,[6, 5, 65, 18, 8]
97,14,19,[67, 127, 187, 28, 11, 71, 131, 191, 251, 311, 371, 60, 12, 7]
98,5,6,[6, 5, 65, 18, 8]
99,5,7,[8, 6, 5, 65, 18]
100,5,7,[5, 65, 18, 8, 6]
101,14,17,[67, 127, 187, 28, 11, 71, 131, 191, 251, 311, 371, 60, 12, 7]
102,5,11,[6, 5, 65, 18, 8]
103,14,20,[67, 127, 187, 28, 11, 71, 131, 191, 251, 311, 371, 60, 12, 7]
104,5,12,[6, 5, 65, 18, 8]
105,5,6,[6, 5, 65, 18, 8]
106,5,7,[6, 5, 65, 18, 8]
107,14,18,[71, 131, 191, 251, 311, 371, 60, 12, 7, 67, 127, 187, 28, 11]
108,5,10,[6, 5, 65, 18, 8]
109,5,8,[6, 5, 65, 18, 8]
110,5,5,[8, 6, 5, 65, 18]
111,14,15,[71, 131, 191, 251, 311, 371, 60, 12, 7, 67, 127, 187, 28, 11]
112,5,6,[6, 5, 65, 18, 8]
113,5,12,[6, 5, 65, 18, 8]
114,5,7,[5, 65, 18, 8, 6]
115,14,14,[11, 71, 131, 191, 251, 311, 371, 60, 12, 7, 67, 127, 187, 28]
116,5,8,[5, 65, 18, 8, 6]
117,5,12,[6, 5, 65, 18, 8]
118,5,13,[6, 5, 65, 18, 8]
119,5,7,[5, 65, 18, 8, 6]
120,5,7,[5, 65, 18, 8, 6]
121,5,11,[6, 5, 65, 18, 8]
122,5,11,[6, 5, 65, 18, 8]
123,5,7,[6, 5, 65, 18, 8]
124,14,15,[7, 67, 127, 187, 28, 11, 71, 131, 191, 251, 311, 371, 60, 12]
125,5,6,[6, 5, 65, 18, 8]
126,5,6,[6, 5, 65, 18, 8]
127,14,13,[187, 28, 11, 71, 131, 191, 251, 311, 371, 60, 12, 7, 67, 127]
128,5,7,[5, 65, 18, 8, 6]
129,14,17,[67, 127, 187, 28, 11, 71, 131, 191, 251, 311, 371, 60, 12, 7]
130,5,7,[5, 65, 18, 8, 6]
131,14,13,[191, 251, 311, 371, 60, 12, 7, 67, 127, 187, 28, 11, 71, 131]
132,5,5,[8, 6, 5, 65, 18]
133,5,7,[6, 5, 65, 18, 8]
134,5,8,[6, 5, 65, 18, 8]
135,5,7,[5, 65, 18, 8, 6]
136,5,10,[5, 65, 18, 8, 6]
137,14,19,[7, 67, 127, 187, 28, 11, 71, 131, 191, 251, 311, 371, 60, 12]
138,14,14,[11, 71, 131, 191, 251, 311, 371, 60, 12, 7, 67, 127, 187, 28]
139,5,9,[6, 5, 65, 18, 8]
140,5,6,[6, 5, 65, 18, 8]
141,14,15,[7, 67, 127, 187, 28, 11, 71, 131, 191, 251, 311, 371, 60, 12]
142,5,9,[6, 5, 65, 18, 8]
143,5,7,[5, 65, 18, 8, 6]
144,5,7,[5, 65, 18, 8, 6]
145,5,13,[6, 5, 65, 18, 8]
146,5,11,[6, 5, 65, 18, 8]
147,5,7,[8, 6, 5, 65, 18]
148,14,19,[67, 127, 187, 28, 11, 71, 131, 191, 251, 311, 371, 60, 12, 7]
149,14,17,[67, 127, 187, 28, 11, 71, 131, 191, 251, 311, 371, 60, 12, 7]
150,5,6,[6, 5, 65, 18, 8]
151,14,19,[71, 131, 191, 251, 311, 371, 60, 12, 7, 67, 127, 187, 28, 11]
152,14,16,[67, 127, 187, 28, 11, 71, 131, 191, 251, 311, 371, 60, 12, 7]
153,5,10,[5, 65, 18, 8, 6]
154,5,7,[5, 65, 18, 8, 6]
155,14,16,[67, 127, 187, 28, 11, 71, 131, 191, 251, 311, 371, 60, 12, 7]
156,5,7,[5, 65, 18, 8, 6]
157,14,18,[67, 127, 187, 28, 11, 71, 131, 191, 251, 311, 371, 60, 12, 7]
158,14,15,[7, 67, 127, 187, 28, 11, 71, 131, 191, 251, 311, 371, 60, 12]
159,5,11,[6, 5, 65, 18, 8]
160,5,6,[6, 5, 65, 18, 8]
161,14,16,[67, 127, 187, 28, 11, 71, 131, 191, 251, 311, 371, 60, 12, 7]
162,5,7,[5, 65, 18, 8, 6]
163,14,19,[67, 127, 187, 28, 11, 71, 131, 191, 251, 311, 371, 60, 12, 7]
164,14,15,[71, 131, 191, 251, 311, 371, 60, 12, 7, 67, 127, 187, 28, 11]
165,5,12,[6, 5, 65, 18, 8]
166,5,12,[6, 5, 65, 18, 8]
167,14,17,[71, 131, 191, 251, 311, 371, 60, 12, 7, 67, 127, 187, 28, 11]
168,5,6,[6, 5, 65, 18, 8]
169,5,7,[6, 5, 65, 18, 8]
170,5,7,[5, 65, 18, 8, 6]
171,14,16,[67, 127, 187, 28, 11, 71, 131, 191, 251, 311, 371, 60, 12, 7]
172,14,20,[71, 131, 191, 251, 311, 371, 60, 12, 7, 67, 127, 187, 28, 11]
173,5,11,[6, 5, 65, 18, 8]
174,5,13,[6, 5, 65, 18, 8]
175,5,7,[8, 6, 5, 65, 18]
176,5,12,[6, 5, 65, 18, 8]
177,5,9,[5, 65, 18, 8, 6]
178,5,8,[5, 65, 18, 8, 6]
179,14,18,[67, 127, 187, 28, 11, 71, 131, 191, 251, 311, 371, 60, 12, 7]
180,5,6,[6, 5, 65, 18, 8]
181,14,17,[7, 67, 127, 187, 28, 11, 71, 131, 191, 251, 311, 371, 60, 12]
182,5,11,[6, 5, 65, 18, 8]
183,14,15,[7, 67, 127, 187, 28, 11, 71, 131, 191, 251, 311, 371, 60, 12]
184,14,20,[67, 127, 187, 28, 11, 71, 131, 191, 251, 311, 371, 60, 12, 7]
185,14,15,[7, 67, 127, 187, 28, 11, 71, 131, 191, 251, 311, 371, 60, 12]
186,14,16,[67, 127, 187, 28, 11, 71, 131, 191, 251, 311, 371, 60, 12, 7]
187,14,13,[28, 11, 71, 131, 191, 251, 311, 371, 60, 12, 7, 67, 127, 187]
188,5,8,[5, 65, 18, 8, 6]
189,5,6,[6, 5, 65, 18, 8]
190,5,7,[6, 5, 65, 18, 8]
191,14,13,[251, 311, 371, 60, 12, 7, 67, 127, 187, 28, 11, 71, 131, 191]
192,5,6,[6, 5, 65, 18, 8]
193,5,14,[6, 5, 65, 18, 8]
194,5,8,[8, 6, 5, 65, 18]
195,14,16,[67, 127, 187, 28, 11, 71, 131, 191, 251, 311, 371, 60, 12, 7]
196,5,5,[8, 6, 5, 65, 18]
197,14,18,[7, 67, 127, 187, 28, 11, 71, 131, 191, 251, 311, 371, 60, 12]
198,5,12,[6, 5, 65, 18, 8]
199,5,8,[6, 5, 65, 18, 8]
200,5,6,[6, 5, 65, 18, 8]
