1,1,0,[1]
2,26,29,[237, 82, 43, 273, 23, 253, 34, 19, 249, 86, 45, 11, 241, 471, 160, 15, 8, 6, 5, 235, 52, 17, 247, 32, 10, 7]
3,26,31,[5, 235, 52, 17, 247, 32, 10, 7, 237, 82, 43, 273, 23, 253, 34, 19, 249, 86, 45, 11, 241, 471, 160, 15, 8, 6]
4,1,0,[4]
5,26,25,[235, 52, 17, 247, 32, 10, 7, 237, 82, 43, 273, 23, 253, 34, 19, 249, 86, 45, 11, 241, 471, 160, 15, 8, 6, 5]
6,26,25,[5, 235, 52, 17, 247, 32, 10, 7, 237, 82, 43, 273, 23, 253, 34, 19, 249, 86, 45, 11, 241, 471, 160, 15, 8, 6]
7,26,25,[237, 82, 43, 273, 23, 253, 34, 19, 249, 86, 45, 11, 241, 471, 160, 15, 8, 6, 5, 235, 52, 17, 247, 32, 10, 7]
8,26,25,[6, 5, 235, 52, 17, 247, 32, 10, 7, 237, 82, 43, 273, 23, 253, 34, 19, 249, 86, 45, 11, 241, 471, 160, 15, 8]
9,26,26,[5, 235, 52, 17, 247, 32, 10, 7, 237, 82, 43, 273, 23, 253, 34, 19, 249, 86, 45, 11, 241, 471, 160, 15, 8, 6]
10,26,25,[7, 237, 82, 43, 273, 23, 253, 34, 19, 249, 86, 45, 11, 241, 471, 160, 15, 8, 6, 5, 235, 52, 17, 247, 32, 10]
11,26,25,[241, 471, 160, 15, 8, 6, 5, 235, 52, 17, 247, 32, 10, 7, 237, 82, 43, 273, 23, 253, 34, 19, 249, 86, 45, 11]
12,26,26,[237, 82, 43, 273, 23, 253, 34, 19, 249, 86, 45, 11, 241, 471, 160, 15, 8, 6, 5, 235, 52, 17, 247, 32, 10, 7]
13,26,27,[8, 6, 5, 235, 52, 17, 247, 32, 10, 7, 237, 82, 43, 273, 23, 253, 34, 19, 249, 86, 45, 11, 241, 471, 160, 15]
14,26,27,[5, 235, 52, 17, 247, 32, 10, 7, 237, 82, 43, 273, 23, 253, 34, 19, 249, 86, 45, 11, 241, 471, 160, 15, 8, 6]
15,26,25,[8, 6, 5, 235, 52, 17, 247, 32, 10, 7, 237, 82, 43, 273, 23, 253, 34, 19, 249, 86, 45, 11, 241, 471, 160, 15]
16,26,26,[6, 5, 235, 52, 17, 247, 32, 10, 7, 237, 82, 43, 273, 23, 253, 34, 19, 249, 86, 45, 11, 241, 471, 160, 15, 8]
17,26,25,[247, 32, 10, 7, 237, 82, 43, 273, 23, 253, 34, 19, 249, 86, 45, 11, 241, 471, 160, 15, 8, 6, 5, 235, 52, 17]
18,26,26,[6, 5, 235, 52, 17, 247, 32, 10, 7, 237, 82, 43, 273, 23, 253, 34, 19, 249, 86, 45, 11, 241, 471, 160, 15, 8]
19,26,25,[249, 86, 45, 11, 241, 471, 160, 15, 8, 6, 5, 235, 52, 17, 247, 32, 10, 7, 237, 82, 43, 273, 23, 253, 34, 19]
20,26,27,[5, 235, 52, 17, 247, 32, 10, 7, 237, 82, 43, 273, 23, 253, 34, 19, 249, 86, 45, 11, 241, 471, 160, 15, 8, 6]
21,26,26,[7, 237, 82, 43, 273, 23, 253, 34, 19, 249, 86, 45, 11, 241, 471, 160, 15, 8, 6, 5, 235, 52, 17, 247, 32, 10]
22,26,28,[8, 6, 5, 235, 52, 17, 247, 32, 10, 7, 237, 82, 43, 273, 23, 253, 34, 19, 249, 86, 45, 11, 241, 471, 160, 15]
23,26,25,[253, 34, 19, 249, 86, 45, 11, 241, 471, 160, 15, 8, 6, 5, 235, 52, 17, 247, 32, 10, 7, 237, 82, 43, 273, 23]
24,26,27,[5, 235, 52, 17, 247, 32, 10, 7, 237, 82, 43, 273, 23, 253, 34, 19, 249, 86, 45, 11, 241, 471, 160, 15, 8, 6]
25,26,26,[7, 237, 82, 43, 273, 23, 253, 34, 19, 249, 86, 45, 11, 241, 471, 160, 15, 8, 6, 5, 235, 52, 17, 247, 32, 10]
26,26,26,[8, 6, 5, 235, 52, 17, 247, 32, 10, 7, 237, 82, 43, 273, 23, 253, 34, 19, 249, 86, 45, 11, 241, 471, 160, 15]
27,26,27,[5, 235, 52, 17, 247, 32, 10, 7, 237, 82, 43, 273, 23, 253, 34, 19, 249, 86, 45, 11, 241, 471, 160, 15, 8, 6]
28,26,26,[241, 471, 160, 15, 8, 6, 5, 235, 52, 17, 247, 32, 10, 7, 237, 82, 43, 273, 23, 253, 34, 19, 249, 86, 45, 11]
29,26,28,[8, 6, 5, 235, 52, 17, 247, 32, 10, 7, 237, 82, 43, 273, 23, 253, 34, 19, 249, 86, 45, 11, 241, 471, 160, 15]
30,26,26,[7, 237, 82, 43, 273, 23, 253, 34, 19, 249, 86, 45, 11, 241, 471, 160, 15, 8, 6, 5, 235, 52, 17, 247, 32, 10]
31,26,29,[237, 82, 43, 273, 23, 253, 34, 19, 249, 86, 45, 11, 241, 471, 160, 15, 8, 6, 5, 235, 52, 17, 247, 32, 10, 7]
32,26,25,[10, 7, 237, 82, 43, 273, 23, 253, 34, 19, 249, 86, 45, 11, 241, 471, 160, 15, 8, 6, 5, 235, 52, 17, 247, 32]
33,26,28,[5, 235, 52, 17, 247, 32, 10, 7, 237, 82, 43, 273, 23, 253, 34, 19, 249, 86, 45, 11, 241, 471, 160, 15, 8, 6]
34,26,25,[19, 249, 86, 45, 11, 241, 471, 160, 15, 8, 6, 5, 235, 52, 17, 247, 32, 10, 7, 237, 82, 43, 273, 23, 253, 34]
35,26,27,[237, 82, 43, 273, 23, 253, 34, 19, 249, 86, 45, 11, 241, 471, 160, 15, 8, 6, 5, 235, 52, 17, 247, 32, 10, 7]
36,26,26,[7, 237, 82, 43, 273, 23, 253, 34, 19, 249, 86, 45, 11, 241, 471, 160, 15, 8, 6, 5, 235, 52, 17, 247, 32, 10]
37,26,30,[5, 235, 52, 17, 247, 32, 10, 7, 237, 82, 43, 273, 23, 253, 34, 19, 249, 86, 45, 11, 241, 471, 160, 15, 8, 6]
38,26,27,[7, 237, 82, 43, 273, 23, 253, 34, 19, 249, 86, 45, 11, 241, 471, 160, 15, 8, 6, 5, 235, 52, 17, 247, 32, 10]
39,26,27,[6, 5, 235, 52, 17, 247, 32, 10, 7, 237, 82, 43, 273, 23, 253, 34, 19, 249, 86, 45, 11, 241, 471, 160, 15, 8]
40,26,26,[241, 471, 160, 15, 8, 6, 5, 235, 52, 17, 247, 32, 10, 7, 237, 82, 43, 273, 23, 253, 34, 19, 249, 86, 45, 11]
41,26,31,[5, 235, 52, 17, 247, 32, 10, 7, 237, 82, 43, 273, 23, 253, 34, 19, 249, 86, 45, 11, 241, 471, 160, 15, 8, 6]
42,26,27,[237, 82, 43, 273, 23, 253, 34, 19, 249, 86, 45, 11, 241, 471, 160, 15, 8, 6, 5, 235, 52, 17, 247, 32, 10, 7]
43,26,25,[273, 23, 253, 34, 19, 249, 86, 45, 11, 241, 471, 160, 15, 8, 6, 5, 235, 52, 17, 247, 32, 10, 7, 237, 82, 43]
44,26,26,[8, 6, 5, 235, 52, 17, 247, 32, 10, 7, 237, 82, 43, 273, 23, 253, 34, 19, 249, 86, 45, 11, 241, 471, 160, 15]
45,26,25,[11, 241, 471, 160, 15, 8, 6, 5, 235, 52, 17, 247, 32, 10, 7, 237, 82, 43, 273, 23, 253, 34, 19, 249, 86, 45]
46,26,27,[7, 237, 82, 43, 273, 23, 253, 34, 19, 249, 86, 45, 11, 241, 471, 160, 15, 8, 6, 5, 235, 52, 17, 247, 32, 10]
47,26,31,[8, 6, 5, 235, 52, 17, 247, 32, 10, 7, 237, 82, 43, 273, 23, 253, 34, 19, 249, 86, 45, 11, 241, 471, 160, 15]
48,26,26,[241, 471, 160, 15, 8, 6, 5, 235, 52, 17, 247, 32, 10, 7, 237, 82, 43, 273, 23, 253, 34, 19, 249, 86, 45, 11]
49,26,28,[5, 235, 52, 17, 247, 32, 10, 7, 237, 82, 43, 273, 23, 253, 34, 19, 249, 86, 45, 11, 241, 471, 160, 15, 8, 6]
50,26,27,[237, 82, 43, 273, 23, 253, 34, 19, 249, 86, 45, 11, 241, 471, 160, 15, 8, 6, 5, 235, 52, 17, 247, 32, 10, 7]
51,26,28,[5, 235, 52, 17, 247, 32, 10, 7, 237, 82, 43, 273, 23, 253, 34, 19, 249, 86, 45, 11, 241, 471, 160, 15, 8, 6]
52,26,25,[17, 247, 32, 10, 7, 237, 82, 43, 273, 23, 253, 34, 19, 249, 86, 45, 11, 241, 471, 160, 15, 8, 6, 5, 235, 52]
53,26,29,[241, 471, 160, 15, 8, 6, 5, 235, 52, 17, 247, 32, 10, 7, 237, 82, 43, 273, 23, 253, 34, 19, 249, 86, 45, 11]
54,26,26,[241, 471, 160, 15, 8, 6, 5, 235, 52, 17, 247, 32, 10, 7, 237, 82, 43, 273, 23, 253, 34, 19, 249, 86, 45, 11]
55,26,27,[6, 5, 235, 52, 17, 247, 32, 10, 7, 237, 82, 43, 273, 23, 253, 34, 19, 249, 86, 45, 11, 241, 471, 160, 15, 8]
56,26,28,[8, 6, 5, 235, 52, 17, 247, 32, 10, 7, 237, 82, 43, 273, 23, 253, 34, 19, 249, 86, 45, 11, 241, 471, 160, 15]
57,26,29,[8, 6, 5, 235, 52, 17, 247, 32, 10, 7, 237, 82, 43, 273, 23, 253, 34, 19, 249, 86, 45, 11, 241, 471, 160, 15]
58,26,30,[237, 82, 43, 273, 23, 253, 34, 19, 249, 86, 45, 11, 241, 471, 160, 15, 8, 6, 5, 235, 52, 17, 247, 32, 10, 7]
59,26,27,[19, 249, 86, 45, 11, 241, 471, 160, 15, 8, 6, 5, 235, 52, 17, 247, 32, 10, 7, 237, 82, 43, 273, 23, 253, 34]
60,26,27,[237, 82, 43, 273, 23, 253, 34, 19, 249, 86, 45, 11, 241, 471, 160, 15, 8, 6, 5, 235, 52, 17, 247, 32, 10, 7]
61,26,30,[5, 235, 52, 17, 247, 32, 10, 7, 237, 82, 43, 273, 23, 253, 34, 19, 249, 86, 45, 11, 241, 471, 160, 15, 8, 6]
62,26,29,[5, 235, 52, 17, 247, 32, 10, 7, 237, 82, 43, 273, 23, 253, 34, 19, 249, 86, 45, 11, 241, 471, 160, 15, 8, 6]
63,26,28,[8, 6, 5, 235, 52, 17, 247, 32, 10, 7, 237, 82, 43, 273, 23, 253, 34, 19, 249, 86, 45, 11, 241, 471, 160, 15]
64,26,27,[237, 82, 43, 273, 23, 253, 34, 19, 249, 86, 45, 11, 241, 471, 160, 15, 8, 6, 5, 235, 52, 17, 247, 32, 10, 7]
65,26,27,[6, 5, 235, 52, 17, 247, 32, 10, 7, 237, 82, 43, 273, 23, 253, 34, 19, 249, 86, 45, 11, 241, 471, 160, 15, 8]
66,26,27,[6, 5, 235, 52, 17, 247, 32, 10, 7, 237, 82, 43, 273, 23, 253, 34, 19, 249, 86, 45, 11, 241, 471, 160, 15, 8]
67,26,29,[5, 235, 52, 17, 247, 32, 10, 7, 237, 82, 43, 273, 23, 253, 34, 19, 249, 86, 45, 11, 241, 471, 160, 15, 8, 6]
68,26,27,[7, 237, 82, 43, 273, 23, 253, 34, 19, 249, 86, 45, 11, 241, 471, 160, 15, 8, 6, 5, 235, 52, 17, 247, 32, 10]
69,26,27,[8, 6, 5, 235, 52, 17, 247, 32, 10, 7, 237, 82, 43, 273, 23, 253, 34, 19, 249, 86, 45, 11, 241, 471, 160, 15]
70,26,28,[5, 235, 52, 17, 247, 32, 10, 7, 237, 82, 43, 273, 23, 253, 34, 19, 249, 86, 45, 11, 241, 471, 160, 15, 8, 6]
71,26,29,[237, 82, 43, 273, 23, 253, 34, 19, 249, 86, 45, 11, 241, 471, 160, 15, 8, 6, 5, 235, 52, 17, 247, 32, 10, 7]
72,26,27,[237, 82, 43, 273, 23, 253, 34, 19, 249, 86, 45, 11, 241, 471, 160, 15, 8, 6, 5, 235, 52, 17, 247, 32, 10, 7]
73,26,28,[249, 86, 45, 11, 241, 471, 160, 15, 8, 6, 5, 235, 52, 17, 247, 32, 10, 7, 237, 82, 43, 273, 23, 253, 34, 19]
74,26,28,[6, 5, 235, 52, 17, 247, 32, 10, 7, 237, 82, 43, 273, 23, 253, 34, 19, 249, 86, 45, 11, 241, 471, 160, 15, 8]
75,26,28,[8, 6, 5, 235, 52, 17, 247, 32, 10, 7, 237, 82, 43, 273, 23, 253, 34, 19, 249, 86, 45, 11, 241, 471, 160, 15]
76,26,26,[253, 34, 19, 249, 86, 45, 11, 241, 471, 160, 15, 8, 6, 5, 235, 52, 17, 247, 32, 10, 7, 237, 82, 43, 273, 23]
77,26,27,[6, 5, 235, 52, 17, 247, 32, 10, 7, 237, 82, 43, 273, 23, 253, 34, 19, 249, 86, 45, 11, 241, 471, 160, 15, 8]
78,26,27,[6, 5, 235, 52, 17, 247, 32, 10, 7, 237, 82, 43, 273, 23, 253, 34, 19, 249, 86, 45, 11, 241, 471, 160, 15, 8]
79,26,30,[6, 5, 235, 52, 17, 247, 32, 10, 7, 237, 82, 43, 273, 23, 253, 34, 19, 249, 86, 45, 11, 241, 471, 160, 15, 8]
80,26,28,[8, 6, 5, 235, 52, 17, 247, 32, 10, 7, 237, 82, 43, 273, 23, 253, 34, 19, 249, 86, 45, 11, 241, 471, 160, 15]
81,26,27,[237, 82, 43, 273, 23, 253, 34, 19, 249, 86, 45, 11, 241, 471, 160, 15, 8, 6, 5, 235, 52, 17, 247, 32, 10, 7]
82,26,25,[43, 273, 23, 253, 34, 19, 249, 86, 45, 11, 241, 471, 160, 15, 8, 6, 5, 235, 52, 17, 247, 32, 10, 7, 237, 82]
83,26,32,[8, 6, 5, 235, 52, 17, 247, 32, 10, 7, 237, 82, 43, 273, 23, 253, 34, 19, 249, 86, 45, 11, 241, 471, 160, 15]
84,26,28,[5, 235, 52, 17, 247, 32, 10, 7, 237, 82, 43, 273, 23, 253, 34, 19, 249, 86, 45, 11, 241, 471, 160, 15, 8, 6]
85,26,29,[8, 6, 5, 235, 52, 17, 247, 32, 10, 7, 237, 82, 43, 273, 23, 253, 34, 19, 249, 86, 45, 11, 241, 471, 160, 15]
86,26,25,[45, 11, 241, 471, 160, 15, 8, 6, 5, 235, 52, 17, 247, 32, 10, 7, 237, 82, 43, 273, 23, 253, 34, 19, 249, 86]
87,26,26,[10, 7, 237, 82, 43, 273, 23, 253, 34, 19, 249, 86, 45, 11, 241, 471, 160, 15, 8, 6, 5, 235, 52, 17, 247, 32]
88,26,26,[247, 32, 10, 7, 237, 82, 43, 273, 23, 253, 34, 19, 249, 86, 45, 11, 241, 471, 160, 15, 8, 6, 5, 235, 52, 17]
89,26,28,[241, 471, 160, 15, 8, 6, 5, 235, 52, 17, 247, 32, 10, 7, 237, 82, 43, 273, 23, 253, 34, 19, 249, 86, 45, 11]
90,26,28,[8, 6, 5, 235, 52, 17, 247, 32, 10, 7, 237, 82, 43, 273, 23, 253, 34, 19, 249, 86, 45, 11, 241, 471, 160, 15]
91,26,28,[5, 235, 52, 17, 247, 32, 10, 7, 237, 82, 43, 273, 23, 253, 34, 19, 249, 86, 45, 11, 241, 471, 160, 15, 8, 6]
92,26,28,[5, 235, 52, 17, 247, 32, 10, 7, 237, 82, 43, 273, 23, 253, 34, 19, 249, 86, 45, 11, 241, 471, 160, 15, 8, 6]
93,26,26,[19, 249, 86, 45, 11, 241, 471, 160, 15, 8, 6, 5, 235, 52, 17, 247, 32, 10, 7, 237, 82, 43, 273, 23, 253, 34]
94,26,29,[5, 235, 52, 17, 247, 32, 10, 7, 237, 82, 43, 273, 23, 253, 34, 19, 249, 86, 45, 11, 241, 471, 160, 15, 8, 6]
95,26,28,[5, 235, 52, 17, 247, 32, 10, 7, 237, 82, 43, 273, 23, 253, 34, 19, 249, 86, 45, 11, 241, 471, 160, 15, 8, 6]
96,26,28,[8, 6, 5, 235, 52, 17, 247, 32, 10, 7, 237, 82, 43, 273, 23, 253, 34, 19, 249, 86, 45, 11, 241, 471, 160, 15]
97,26,28,[8, 6, 5, 235, 52, 17, 247, 32, 10, 7, 237, 82, 43, 273, 23, 253, 34, 19, 249, 86, 45, 11, 241, 471, 160, 15]
98,26,27,[6, 5, 235, 52, 17, 247, 32, 10, 7, 237, 82, 43, 273, 23, 253, 34, 19, 249, 86, 45, 11, 241, 471, 160, 15, 8]
99,26,26,[247, 32, 10, 7, 237, 82, 43, 273, 23, 253, 34, 19, 249, 86, 45, 11, 241, 471, 160, 15, 8, 6, 5, 235, 52, 17]
100,26,28,[5, 235, 52, 17, 247, 32, 10, 7, 237, 82, 43, 273, 23, 253, 34, 19, 249, 86, 45, 11, 241, 471, 160, 15, 8, 6]
101,26,32,[237, 82, 43, 273, 23, 253, 34, 19, 249, 86, 45, 11, 241, 471, 160, 15, 8, 6, 5, 235, 52, 17, 247, 32, 10, 7]
102,26,29,[8, 6, 5, 235, 52, 17, 247, 32, 10, 7, 237, 82, 43, 273, 23, 253, 34, 19, 249, 86, 45, 11, 241, 471, 160, 15]
103,26,27,[273, 23, 253, 34, 19, 249, 86, 45, 11, 241, 471, 160, 15, 8, 6, 5, 235, 52, 17, 247, 32, 10, 7, 237, 82, 43]
104,26,26,[249, 86, 45, 11, 241, 471, 160, 15, 8, 6, 5, 235, 52, 17, 247, 32, 10, 7, 237, 82, 43, 273, 23, 253, 34, 19]
105,26,26,[8, 6, 5, 235, 52, 17, 247, 32, 10, 7, 237, 82, 43, 273, 23, 253, 34, 19, 249, 86, 45, 11, 241, 471, 160, 15]
106,26,28,[6, 5, 235, 52, 17, 247, 32, 10, 7, 237, 82, 43, 273, 23, 253, 34, 19, 249, 86, 45, 11, 241, 471, 160, 15, 8]
107,26,28,[249, 86, 45, 11, 241, 471, 160, 15, 8, 6, 5, 235, 52, 17, 247, 32, 10, 7, 237, 82, 43, 273, 23, 253, 34, 19]
108,26,28,[8, 6, 5, 235, 52, 17, 247, 32, 10, 7, 237, 82, 43, 273, 23, 253, 34, 19, 249, 86, 45, 11, 241, 471, 160, 15]
109,26,31,[5, 235, 52, 17, 247, 32, 10, 7, 237, 82, 43, 273, 23, 253, 34, 19, 249, 86, 45, 11, 241, 471, 160, 15, 8, 6]
110,26,27,[6, 5, 235, 52, 17, 247, 32, 10, 7, 237, 82, 43, 273, 23, 253, 34, 19, 249, 86, 45, 11, 241, 471, 160, 15, 8]
111,26,27,[241, 471, 160, 15, 8, 6, 5, 235, 52, 17, 247, 32, 10, 7, 237, 82, 43, 273, 23, 253, 34, 19, 249, 86, 45, 11]
112,26,26,[8, 6, 5, 235, 52, 17, 247, 32, 10, 7, 237, 82, 43, 273, 23, 253, 34, 19, 249, 86, 45, 11, 241, 471, 160, 15]
113,26,28,[7, 237, 82, 43, 273, 23, 253, 34, 19, 249, 86, 45, 11, 241, 471, 160, 15, 8, 6, 5, 235, 52, 17, 247, 32, 10]
114,26,28,[5, 235, 52, 17, 247, 32, 10, 7, 237, 82, 43, 273, 23, 253, 34, 19, 249, 86, 45, 11, 241, 471, 160, 15, 8, 6]
115,26,27,[241, 471, 160, 15, 8, 6, 5, 235, 52, 17, 247, 32, 10, 7, 237, 82, 43, 273, 23, 253, 34, 19, 249, 86, 45, 11]
116,26,29,[5, 235, 52, 17, 247, 32, 10, 7, 237, 82, 43, 273, 23, 253, 34, 19, 249, 86, 45, 11, 241, 471, 160, 15, 8, 6]
117,26,26,[249, 86, 45, 11, 241, 471, 160, 15, 8, 6, 5, 235, 52, 17, 247, 32, 10, 7, 237, 82, 43, 273, 23, 253, 34, 19]
118,26,31,[5, 235, 52, 17, 247, 32, 10, 7, 237, 82, 43, 273, 23, 253, 34, 19, 249, 86, 45, 11, 241, 471, 160, 15, 8, 6]
119,26,28,[5, 235, 52, 17, 247, 32, 10, 7, 237, 82, 43, 273, 23, 253, 34, 19, 249, 86, 45, 11, 241, 471, 160, 15, 8, 6]
120,26,28,[5, 235, 52, 17, 247, 32, 10, 7, 237, 82, 43, 273, 23, 253, 34, 19, 249, 86, 45, 11, 241, 471, 160, 15, 8, 6]
121,26,29,[8, 6, 5, 235, 52, 17, 247, 32, 10, 7, 237, 82, 43, 273, 23, 253, 34, 19, 249, 86, 45, 11, 241, 471, 160, 15]
122,26,29,[8, 6, 5, 235, 52, 17, 247, 32, 10, 7, 237, 82, 43, 273, 23, 253, 34, 19, 249, 86, 45, 11, 241, 471, 160, 15]
123,26,27,[8, 6, 5, 235, 52, 17, 247, 32, 10, 7, 237, 82, 43, 273, 23, 253, 34, 19, 249, 86, 45, 11, 241, 471, 160, 15]
124,26,28,[237, 82, 43, 273, 23, 253, 34, 19, 249, 86, 45, 11, 241, 471, 160, 15, 8, 6, 5, 235, 52, 17, 247, 32, 10, 7]
125,26,26,[8, 6, 5, 235, 52, 17, 247, 32, 10, 7, 237, 82, 43, 273, 23, 253, 34, 19, 249, 86, 45, 11, 241, 471, 160, 15]
126,26,26,[8, 6, 5, 235, 52, 17, 247, 32, 10, 7, 237, 82, 43, 273, 23, 253, 34, 19, 249, 86, 45, 11, 241, 471, 160, 15]
127,26,29,[5, 235, 52, 17, 247, 32, 10, 7, 237, 82, 43, 273, 23, 253, 34, 19, 249, 86, 45, 11, 241, 471, 160, 15, 8, 6]
128,26,28,[5, 235, 52, 17, 247, 32, 10, 7, 237, 82, 43, 273, 23, 253, 34, 19, 249, 86, 45, 11, 241, 471, 160, 15, 8, 6]
129,26,28,[7, 237, 82, 43, 273, 23, 253, 34, 19, 249, 86, 45, 11, 241, 471, 160, 15, 8, 6, 5, 235, 52, 17, 247, 32, 10]
130,26,28,[5, 235, 52, 17, 247, 32, 10, 7, 237, 82, 43, 273, 23, 253, 34, 19, 249, 86, 45, 11, 241, 471, 160, 15, 8, 6]
131,26,29,[7, 237, 82, 43, 273, 23, 253, 34, 19, 249, 86, 45, 11, 241, 471, 160, 15, 8, 6, 5, 235, 52, 17, 247, 32, 10]
132,26,27,[6, 5, 235, 52, 17, 247, 32, 10, 7, 237, 82, 43, 273, 23, 253, 34, 19, 249, 86, 45, 11, 241, 471, 160, 15, 8]
133,26,27,[8, 6, 5, 235, 52, 17, 247, 32, 10, 7, 237, 82, 43, 273, 23, 253, 34, 19, 249, 86, 45, 11, 241, 471, 160, 15]
134,26,28,[8, 6, 5, 235, 52, 17, 247, 32, 10, 7, 237, 82, 43, 273, 23, 253, 34, 19, 249, 86, 45, 11, 241, 471, 160, 15]
135,26,28,[5, 235, 52, 17, 247, 32, 10, 7, 237, 82, 43, 273, 23, 253, 34, 19, 249, 86, 45, 11, 241, 471, 160, 15, 8, 6]
136,26,26,[253, 34, 19, 249, 86, 45, 11, 241, 471, 160, 15, 8, 6, 5, 235, 52, 17, 247, 32, 10, 7, 237, 82, 43, 273, 23]
137,26,31,[273, 23, 253, 34, 19, 249, 86, 45, 11, 241, 471, 160, 15, 8, 6, 5, 235, 52, 17, 247, 32, 10, 7, 237, 82, 43]
138,26,27,[241, 471, 160, 15, 8, 6, 5, 235, 52, 17, 247, 32, 10, 7, 237, 82, 43, 273, 23, 253, 34, 19, 249, 86, 45, 11]
139,26,33,[8, 6, 5, 235, 52, 17, 247, 32, 10, 7, 237, 82, 43, 273, 23, 253, 34, 19, 249, 86, 45, 11, 241, 471, 160, 15]
140,26,27,[6, 5, 235, 52, 17, 247, 32, 10, 7, 237, 82, 43, 273, 23, 253, 34, 19, 249, 86, 45, 11, 241, 471, 160, 15, 8]
141,26,28,[237, 82, 43, 273, 23, 253, 34, 19, 249, 86, 45, 11, 241, 471, 160, 15, 8, 6, 5, 235, 52, 17, 247, 32, 10, 7]
142,26,29,[249, 86, 45, 11, 241, 471, 160, 15, 8, 6, 5, 235, 52, 17, 247, 32, 10, 7, 237, 82, 43, 273, 23, 253, 34, 19]
143,26,28,[5, 235, 52, 17, 247, 32, 10, 7, 237, 82, 43, 273, 23, 253, 34, 19, 249, 86, 45, 11, 241, 471, 160, 15, 8, 6]
144,26,28,[5, 235, 52, 17, 247, 32, 10, 7, 237, 82, 43, 273, 23, 253, 34, 19, 249, 86, 45, 11, 241, 471, 160, 15, 8, 6]
145,26,26,[19, 249, 86, 45, 11, 241, 471, 160, 15, 8, 6, 5, 235, 52, 17, 247, 32, 10, 7, 237, 82, 43, 273, 23, 253, 34]
146,26,29,[8, 6, 5, 235, 52, 17, 247, 32, 10, 7, 237, 82, 43, 273, 23, 253, 34, 19, 249, 86, 45, 11, 241, 471, 160, 15]
147,26,26,[247, 32, 10, 7, 237, 82, 43, 273, 23, 253, 34, 19, 249, 86, 45, 11, 241, 471, 160, 15, 8, 6, 5, 235, 52, 17]
148,26,32,[5, 235, 52, 17, 247, 32, 10, 7, 237, 82, 43, 273, 23, 253, 34, 19, 249, 86, 45, 11, 241, 471, 160, 15, 8, 6]
149,26,30,[6, 5, 235, 52, 17, 247, 32, 10, 7, 237, 82, 43, 273, 23, 253, 34, 19, 249, 86, 45, 11, 241, 471, 160, 15, 8]
150,26,26,[8, 6, 5, 235, 52, 17, 247, 32, 10, 7, 237, 82, 43, 273, 23, 253, 34, 19, 249, 86, 45, 11, 241, 471, 160, 15]
151,26,30,[5, 235, 52, 17, 247, 32, 10, 7, 237, 82, 43, 273, 23, 253, 34, 19, 249, 86, 45, 11, 241, 471, 160, 15, 8, 6]
152,26,27,[7, 237, 82, 43, 273, 23, 253, 34, 19, 249, 86, 45, 11, 241, 471, 160, 15, 8, 6, 5, 235, 52, 17, 247, 32, 10]
153,26,26,[253, 34, 19, 249, 86, 45, 11, 241, 471, 160, 15, 8, 6, 5, 235, 52, 17, 247, 32, 10, 7, 237, 82, 43, 273, 23]
154,26,28,[5, 235, 52, 17, 247, 32, 10, 7, 237, 82, 43, 273, 23, 253, 34, 19, 249, 86, 45, 11, 241, 471, 160, 15, 8, 6]
155,26,27,[7, 237, 82, 43, 273, 23, 253, 34, 19, 249, 86, 45, 11, 241, 471, 160, 15, 8, 6, 5, 235, 52, 17, 247, 32, 10]
156,26,28,[5, 235, 52, 17, 247, 32, 10, 7, 237, 82, 43, 273, 23, 253, 34, 19, 249, 86, 45, 11, 241, 471, 160, 15, 8, 6]
157,26,30,[5, 235, 52, 17, 247, 32, 10, 7, 237, 82, 43, 273, 23, 253, 34, 19, 249, 86, 45, 11, 241, 471, 160, 15, 8, 6]
158,26,28,[237, 82, 43, 273, 23, 253, 34, 19, 249, 86, 45, 11, 241, 471, 160, 15, 8, 6, 5, 235, 52, 17, 247, 32, 10, 7]
159,26,29,[8, 6, 5, 235, 52, 17, 247, 32, 10, 7, 237, 82, 43, 273, 23, 253, 34, 19, 249, 86, 45, 11, 241, 471, 160, 15]
160,26,25,[15, 8, 6, 5, 235, 52, 17, 247, 32, 10, 7, 237, 82, 43, 273, 23, 253, 34, 19, 249, 86, 45, 11, 241, 471, 160]
161,26,27,[7, 237, 82, 43, 273, 23, 253, 34, 19, 249, 86, 45, 11, 241, 471, 160, 15, 8, 6, 5, 235, 52, 17, 247, 32, 10]
162,26,28,[5, 235, 52, 17, 247, 32, 10, 7, 237, 82, 43, 273, 23, 253, 34, 19, 249, 86, 45, 11, 241, 471, 160, 15, 8, 6]
163,26,30,[8, 6, 5, 235, 52, 17, 247, 32, 10, 7, 237, 82, 43, 273, 23, 253, 34, 19, 249, 86, 45, 11, 241, 471, 160, 15]
164,26,26,[11, 241, 471, 160, 15, 8, 6, 5, 235, 52, 17, 247, 32, 10, 7, 237, 82, 43, 273, 23, 253, 34, 19, 249, 86, 45]
165,26,26,[249, 86, 45, 11, 241, 471, 160, 15, 8, 6, 5, 235, 52, 17, 247, 32, 10, 7, 237, 82, 43, 273, 23, 253, 34, 19]
166,26,30,[8, 6, 5, 235, 52, 17, 247, 32, 10, 7, 237, 82, 43, 273, 23, 253, 34, 19, 249, 86, 45, 11, 241, 471, 160, 15]
167,26,31,[5, 235, 52, 17, 247, 32, 10, 7, 237, 82, 43, 273, 23, 253, 34, 19, 249, 86, 45, 11, 241, 471, 160, 15, 8, 6]
168,26,27,[6, 5, 235, 52, 17, 247, 32, 10, 7, 237, 82, 43, 273, 23, 253, 34, 19, 249, 86, 45, 11, 241, 471, 160, 15, 8]
169,26,27,[8, 6, 5, 235, 52, 17, 247, 32, 10, 7, 237, 82, 43, 273, 23, 253, 34, 19, 249, 86, 45, 11, 241, 471, 160, 15]
170,26,28,[5, 235, 52, 17, 247, 32, 10, 7, 237, 82, 43, 273, 23, 253, 34, 19, 249, 86, 45, 11, 241, 471, 160, 15, 8, 6]
171,26,27,[7, 237, 82, 43, 273, 23, 253, 34, 19, 249, 86, 45, 11, 241, 471, 160, 15, 8, 6, 5, 235, 52, 17, 247, 32, 10]
172,26,32,[8, 6, 5, 235, 52, 17, 247, 32, 10, 7, 237, 82, 43, 273, 23, 253, 34, 19, 249, 86, 45, 11, 241, 471, 160, 15]
173,26,28,[8, 6, 5, 235, 52, 17, 247, 32, 10, 7, 237, 82, 43, 273, 23, 253, 34, 19, 249, 86, 45, 11, 241, 471, 160, 15]
174,26,26,[19, 249, 86, 45, 11, 241, 471, 160, 15, 8, 6, 5, 235, 52, 17, 247, 32, 10, 7, 237, 82, 43, 273, 23, 253, 34]
175,26,26,[247, 32, 10, 7, 237, 82, 43, 273, 23, 253, 34, 19, 249, 86, 45, 11, 241, 471, 160, 15, 8, 6, 5, 235, 52, 17]
176,26,26,[249, 86, 45, 11, 241, 471, 160, 15, 8, 6, 5, 235, 52, 17, 247, 32, 10, 7, 237, 82, 43, 273, 23, 253, 34, 19]
177,26,30,[5, 235, 52, 17, 247, 32, 10, 7, 237, 82, 43, 273, 23, 253, 34, 19, 249, 86, 45, 11, 241, 471, 160, 15, 8, 6]
178,26,29,[5, 235, 52, 17, 247, 32, 10, 7, 237, 82, 43, 273, 23, 253, 34, 19, 249, 86, 45, 11, 241, 471, 160, 15, 8, 6]
179,26,30,[6, 5, 235, 52, 17, 247, 32, 10, 7, 237, 82, 43, 273, 23, 253, 34, 19, 249, 86, 45, 11, 241, 471, 160, 15, 8]
180,26,26,[8, 6, 5, 235, 52, 17, 247, 32, 10, 7, 237, 82, 43, 273, 23, 253, 34, 19, 249, 86, 45, 11, 241, 471, 160, 15]
181,26,29,[6, 5, 235, 52, 17, 247, 32, 10, 7, 237, 82, 43, 273, 23, 253, 34, 19, 249, 86, 45, 11, 241, 471, 160, 15, 8]
182,26,29,[8, 6, 5, 235, 52, 17, 247, 32, 10, 7, 237, 82, 43, 273, 23, 253, 34, 19, 249, 86, 45, 11, 241, 471, 160, 15]
183,26,28,[237, 82, 43, 273, 23, 253, 34, 19, 249, 86, 45, 11, 241, 471, 160, 15, 8, 6, 5, 235, 52, 17, 247, 32, 10, 7]
184,26,29,[8, 6, 5, 235, 52, 17, 247, 32, 10, 7, 237, 82, 43, 273, 23, 253, 34, 19, 249, 86, 45, 11, 241, 471, 160, 15]
185,26,28,[237, 82, 43, 273, 23, 253, 34, 19, 249, 86, 45, 11, 241, 471, 160, 15, 8, 6, 5, 235, 52, 17, 247, 32, 10, 7]
186,26,27,[7, 237, 82, 43, 273, 23, 253, 34, 19, 249, 86, 45, 11, 241, 471, 160, 15, 8, 6, 5, 235, 52, 17, 247, 32, 10]
187,26,27,[241, 471, 160, 15, 8, 6, 5, 235, 52, 17, 247, 32, 10, 7, 237, 82, 43, 273, 23, 253, 34, 19, 249, 86, 45, 11]
188,26,29,[5, 235, 52, 17, 247, 32, 10, 7, 237, 82, 43, 273, 23, 253, 34, 19, 249, 86, 45, 11, 241, 471, 160, 15, 8, 6]
189,26,27,[6, 5, 235, 52, 17, 247, 32, 10, 7, 237, 82, 43, 273, 23, 253, 34, 19, 249, 86, 45, 11, 241, 471, 160, 15, 8]
190,26,27,[8, 6, 5, 235, 52, 17, 247, 32, 10, 7, 237, 82, 43, 273, 23, 253, 34, 19, 249, 86, 45, 11, 241, 471, 160, 15]
191,26,34,[5, 235, 52, 17, 247, 32, 10, 7, 237, 82, 43, 273, 23, 253, 34, 19, 249, 86, 45, 11, 241, 471, 160, 15, 8, 6]
192,26,26,[8, 6, 5, 235, 52, 17, 247, 32, 10, 7, 237, 82, 43, 273, 23, 253, 34, 19, 249, 86, 45, 11, 241, 471, 160, 15]
193,26,31,[241, 471, 160, 15, 8, 6, 5, 235, 52, 17, 247, 32, 10, 7, 237, 82, 43, 273, 23, 253, 34, 19, 249, 86, 45, 11]
194,26,27,[247, 32, 10, 7, 237, 82, 43, 273, 23, 253, 34, 19, 249, 86, 45, 11, 241, 471, 160, 15, 8, 6, 5, 235, 52, 17]
195,26,27,[7, 237, 82, 43, 273, 23, 253, 34, 19, 249, 86, 45, 11, 241, 471, 160, 15, 8, 6, 5, 235, 52, 17, 247, 32, 10]
196,26,27,[6, 5, 235, 52, 17, 247, 32, 10, 7, 237, 82, 43, 273, 23, 253, 34, 19, 249, 86, 45, 11, 241, 471, 160, 15, 8]
197,26,29,[7, 237, 82, 43, 273, 23, 253, 34, 19, 249, 86, 45, 11, 241, 471, 160, 15, 8, 6, 5, 235, 52, 17, 247, 32, 10]
198,26,26,[249, 86, 45, 11, 241, 471, 160, 15, 8, 6, 5, 235, 52, 17, 247, 32, 10, 7, 237, 82, 43, 273, 23, 253, 34, 19]
199,26,29,[5, 235, 52, 17, 247, 32, 10, 7, 237, 82, 43, 273, 23, 253, 34, 19, 249, 86, 45, 11, 241, 471, 160, 15, 8, 6]
200,26,27,[6, 5, 235, 52, 17, 247, 32, 10, 7, 237, 82, 43, 273, 23, 253, 34, 19, 249, 86, 45, 11, 241, 471, 160, 15, 8]
