1,1,0,[1]
2,2,4,[96, 13]
3,7,12,[9, 6, 5, 88, 17, 100, 14]
4,1,0,[4]
5,7,6,[88, 17, 100, 14, 9, 6, 5]
6,7,6,[5, 88, 17, 100, 14, 9, 6]
7,2,3,[96, 13]
8,7,7,[5, 88, 17, 100, 14, 9, 6]
9,7,6,[6, 5, 88, 17, 100, 14, 9]
10,2,4,[96, 13]
11,7,9,[9, 6, 5, 88, 17, 100, 14]
12,2,4,[96, 13]
13,2,1,[96, 13]
14,7,6,[9, 6, 5, 88, 17, 100, 14]
15,7,8,[5, 88, 17, 100, 14, 9, 6]
16,7,8,[5, 88, 17, 100, 14, 9, 6]
17,7,6,[100, 14, 9, 6, 5, 88, 17]
18,7,8,[5, 88, 17, 100, 14, 9, 6]
19,2,4,[96, 13]
20,7,7,[6, 5, 88, 17, 100, 14, 9]
21,2,5,[96, 13]
22,2,2,[96, 13]
23,7,11,[5, 88, 17, 100, 14, 9, 6]
24,7,7,[6, 5, 88, 17, 100, 14, 9]
25,2,5,[96, 13]
26,7,9,[5, 88, 17, 100, 14, 9, 6]
27,7,7,[6, 5, 88, 17, 100, 14, 9]
28,7,10,[9, 6, 5, 88, 17, 100, 14]
29,7,10,[5, 88, 17, 100, 14, 9, 6]
30,2,5,[96, 13]
31,7,9,[6, 5, 88, 17, 100, 14, 9]
32,2,5,[96, 13]
33,7,7,[9, 6, 5, 88, 17, 100, 14]
34,2,5,[96, 13]
35,2,5,[96, 13]
36,2,5,[96, 13]
37,7,8,[9, 6, 5, 88, 17, 100, 14]
38,2,6,[96, 13]
39,7,9,[5, 88, 17, 100, 14, 9, 6]
40,7,10,[9, 6, 5, 88, 17, 100, 14]
41,2,7,[96, 13]
42,2,5,[96, 13]
43,7,10,[5, 88, 17, 100, 14, 9, 6]
44,7,9,[5, 88, 17, 100, 14, 9, 6]
45,7,10,[9, 6, 5, 88, 17, 100, 14]
46,2,6,[96, 13]
47,7,9,[6, 5, 88, 17, 100, 14, 9]
48,7,10,[9, 6, 5, 88, 17, 100, 14]
49,7,7,[9, 6, 5, 88, 17, 100, 14]
50,2,5,[96, 13]
51,7,8,[6, 5, 88, 17, 100, 14, 9]
52,7,7,[100, 14, 9, 6, 5, 88, 17]
53,7,13,[5, 88, 17, 100, 14, 9, 6]
54,7,10,[9, 6, 5, 88, 17, 100, 14]
55,7,9,[5, 88, 17, 100, 14, 9, 6]
56,2,2,[96, 13]
57,2,3,[96, 13]
58,7,10,[6, 5, 88, 17, 100, 14, 9]
59,7,11,[6, 5, 88, 17, 100, 14, 9]
60,2,5,[96, 13]
61,7,8,[9, 6, 5, 88, 17, 100, 14]
62,7,8,[9, 6, 5, 88, 17, 100, 14]
63,2,2,[96, 13]
64,2,5,[96, 13]
65,7,9,[5, 88, 17, 100, 14, 9, 6]
66,7,9,[5, 88, 17, 100, 14, 9, 6]
67,7,10,[5, 88, 17, 100, 14, 9, 6]
68,2,6,[96, 13]
69,7,10,[5, 88, 17, 100, 14, 9, 6]
70,7,7,[9, 6, 5, 88, 17, 100, 14]
71,7,9,[6, 5, 88, 17, 100, 14, 9]
72,2,5,[96, 13]
73,7,9,[6, 5, 88, 17, 100, 14, 9]
74,7,10,[5, 88, 17, 100, 14, 9, 6]
75,2,2,[96, 13]
76,7,12,[5, 88, 17, 100, 14, 9, 6]
77,7,9,[5, 88, 17, 100, 14, 9, 6]
78,7,9,[5, 88, 17, 100, 14, 9, 6]
79,7,8,[9, 6, 5, 88, 17, 100, 14]
80,2,2,[96, 13]
81,2,5,[96, 13]
82,7,11,[5, 88, 17, 100, 14, 9, 6]
83,2,5,[96, 13]
84,7,7,[9, 6, 5, 88, 17, 100, 14]
85,2,3,[96, 13]
86,7,11,[9, 6, 5, 88, 17, 100, 14]
87,2,6,[96, 13]
88,7,6,[17, 100, 14, 9, 6, 5, 88]
89,7,11,[6, 5, 88, 17, 100, 14, 9]
90,2,2,[96, 13]
91,7,8,[6, 5, 88, 17, 100, 14, 9]
92,7,8,[6, 5, 88, 17, 100, 14, 9]
93,2,6,[96, 13]
94,7,8,[9, 6, 5, 88, 17, 100, 14]
95,7,8,[6, 5, 88, 17, 100, 14, 9]
96,2,1,[13, 96]
97,7,10,[5, 88, 17, 100, 14, 9, 6]
98,7,9,[5, 88, 17, 100, 14, 9, 6]
99,7,7,[100, 14, 9, 6, 5, 88, 17]
100,7,6,[14, 9, 6, 5, 88, 17, 100]
101,7,12,[5, 88, 17, 100, 14, 9, 6]
102,2,3,[96, 13]
103,2,7,[96, 13]
104,2,5,[96, 13]
105,7,9,[5, 88, 17, 100, 14, 9, 6]
106,7,10,[5, 88, 17, 100, 14, 9, 6]
107,7,11,[5, 88, 17, 100, 14, 9, 6]
108,2,2,[96, 13]
109,7,10,[5, 88, 17, 100, 14, 9, 6]
110,7,9,[5, 88, 17, 100, 14, 9, 6]
111,7,11,[9, 6, 5, 88, 17, 100, 14]
112,7,9,[5, 88, 17, 100, 14, 9, 6]
113,7,10,[5, 88, 17, 100, 14, 9, 6]
114,7,8,[6, 5, 88, 17, 100, 14, 9]
115,7,11,[9, 6, 5, 88, 17, 100, 14]
116,7,8,[9, 6, 5, 88, 17, 100, 14]
117,2,5,[96, 13]
118,7,9,[9, 6, 5, 88, 17, 100, 14]
119,7,8,[6, 5, 88, 17, 100, 14, 9]
120,7,7,[9, 6, 5, 88, 17, 100, 14]
121,2,3,[96, 13]
122,2,3,[96, 13]
123,7,10,[5, 88, 17, 100, 14, 9, 6]
124,2,6,[96, 13]
125,7,9,[5, 88, 17, 100, 14, 9, 6]
126,7,9,[5, 88, 17, 100, 14, 9, 6]
127,7,8,[100, 14, 9, 6, 5, 88, 17]
128,7,7,[9, 6, 5, 88, 17, 100, 14]
129,2,7,[96, 13]
130,7,8,[6, 5, 88, 17, 100, 14, 9]
131,7,12,[5, 88, 17, 100, 14, 9, 6]
132,7,9,[5, 88, 17, 100, 14, 9, 6]
133,7,10,[5, 88, 17, 100, 14, 9, 6]
134,7,11,[5, 88, 17, 100, 14, 9, 6]
135,7,7,[9, 6, 5, 88, 17, 100, 14]
136,7,12,[5, 88, 17, 100, 14, 9, 6]
137,7,9,[6, 5, 88, 17, 100, 14, 9]
138,7,11,[9, 6, 5, 88, 17, 100, 14]
139,2,7,[96, 13]
140,7,9,[5, 88, 17, 100, 14, 9, 6]
141,2,6,[96, 13]
142,7,10,[6, 5, 88, 17, 100, 14, 9]
143,7,8,[6, 5, 88, 17, 100, 14, 9]
144,7,7,[9, 6, 5, 88, 17, 100, 14]
145,2,6,[96, 13]
146,2,3,[96, 13]
147,7,7,[100, 14, 9, 6, 5, 88, 17]
148,2,8,[96, 13]
149,2,7,[96, 13]
150,7,9,[5, 88, 17, 100, 14, 9, 6]
151,2,7,[96, 13]
152,2,6,[96, 13]
153,7,12,[5, 88, 17, 100, 14, 9, 6]
154,7,8,[6, 5, 88, 17, 100, 14, 9]
155,2,6,[96, 13]
156,7,8,[6, 5, 88, 17, 100, 14, 9]
157,7,10,[5, 88, 17, 100, 14, 9, 6]
158,2,6,[96, 13]
159,2,3,[96, 13]
160,7,9,[5, 88, 17, 100, 14, 9, 6]
161,2,6,[96, 13]
162,7,7,[9, 6, 5, 88, 17, 100, 14]
163,2,8,[96, 13]
164,7,11,[9, 6, 5, 88, 17, 100, 14]
165,2,5,[96, 13]
166,2,4,[96, 13]
167,7,8,[100, 14, 9, 6, 5, 88, 17]
168,7,9,[5, 88, 17, 100, 14, 9, 6]
169,7,10,[5, 88, 17, 100, 14, 9, 6]
170,7,8,[6, 5, 88, 17, 100, 14, 9]
171,2,6,[96, 13]
172,7,10,[6, 5, 88, 17, 100, 14, 9]
173,7,10,[5, 88, 17, 100, 14, 9, 6]
174,2,6,[96, 13]
175,7,7,[100, 14, 9, 6, 5, 88, 17]
176,2,5,[96, 13]
177,7,9,[9, 6, 5, 88, 17, 100, 14]
178,7,9,[6, 5, 88, 17, 100, 14, 9]
179,7,12,[5, 88, 17, 100, 14, 9, 6]
180,7,9,[5, 88, 17, 100, 14, 9, 6]
181,7,9,[6, 5, 88, 17, 100, 14, 9]
182,2,3,[96, 13]
183,2,6,[96, 13]
184,7,11,[5, 88, 17, 100, 14, 9, 6]
185,2,6,[96, 13]
186,2,6,[96, 13]
187,7,11,[9, 6, 5, 88, 17, 100, 14]
188,7,9,[6, 5, 88, 17, 100, 14, 9]
189,7,9,[5, 88, 17, 100, 14, 9, 6]
190,7,10,[5, 88, 17, 100, 14, 9, 6]
191,2,9,[96, 13]
192,7,9,[5, 88, 17, 100, 14, 9, 6]
193,2,7,[96, 13]
194,7,8,[100, 14, 9, 6, 5, 88, 17]
195,2,6,[96, 13]
196,7,9,[5, 88, 17, 100, 14, 9, 6]
197,7,10,[5, 88, 17, 100, 14, 9, 6]
198,2,5,[96, 13]
199,7,9,[100, 14, 9, 6, 5, 88, 17]
200,7,9,[5, 88, 17, 100, 14, 9, 6]
