1,1,0,[1]
2,8,10,[7, 328, 47, 368, 31, 352, 21, 10]
3,9,11,[6, 5, 326, 165, 19, 340, 26, 15, 8]
4,1,0,[4]
5,9,8,[326, 165, 19, 340, 26, 15, 8, 6, 5]
6,9,8,[5, 326, 165, 19, 340, 26, 15, 8, 6]
7,8,7,[328, 47, 368, 31, 352, 21, 10, 7]
8,9,8,[6, 5, 326, 165, 19, 340, 26, 15, 8]
9,9,9,[5, 326, 165, 19, 340, 26, 15, 8, 6]
10,8,7,[7, 328, 47, 368, 31, 352, 21, 10]
11,8,11,[7, 328, 47, 368, 31, 352, 21, 10]
12,8,8,[328, 47, 368, 31, 352, 21, 10, 7]
13,9,11,[15, 8, 6, 5, 326, 165, 19, 340, 26]
14,9,10,[5, 326, 165, 19, 340, 26, 15, 8, 6]
15,9,8,[8, 6, 5, 326, 165, 19, 340, 26, 15]
16,9,9,[6, 5, 326, 165, 19, 340, 26, 15, 8]
17,8,14,[7, 328, 47, 368, 31, 352, 21, 10]
18,9,9,[6, 5, 326, 165, 19, 340, 26, 15, 8]
19,9,8,[340, 26, 15, 8, 6, 5, 326, 165, 19]
20,9,10,[5, 326, 165, 19, 340, 26, 15, 8, 6]
21,8,7,[10, 7, 328, 47, 368, 31, 352, 21]
22,9,12,[15, 8, 6, 5, 326, 165, 19, 340, 26]
23,9,13,[5, 326, 165, 19, 340, 26, 15, 8, 6]
24,9,10,[5, 326, 165, 19, 340, 26, 15, 8, 6]
25,8,8,[7, 328, 47, 368, 31, 352, 21, 10]
26,9,8,[15, 8, 6, 5, 326, 165, 19, 340, 26]
27,9,10,[5, 326, 165, 19, 340, 26, 15, 8, 6]
28,8,12,[7, 328, 47, 368, 31, 352, 21, 10]
29,9,10,[340, 26, 15, 8, 6, 5, 326, 165, 19]
30,8,8,[7, 328, 47, 368, 31, 352, 21, 10]
31,8,7,[352, 21, 10, 7, 328, 47, 368, 31]
32,8,8,[7, 328, 47, 368, 31, 352, 21, 10]
33,9,11,[5, 326, 165, 19, 340, 26, 15, 8, 6]
34,9,9,[340, 26, 15, 8, 6, 5, 326, 165, 19]
35,8,9,[328, 47, 368, 31, 352, 21, 10, 7]
36,8,8,[7, 328, 47, 368, 31, 352, 21, 10]
37,9,14,[340, 26, 15, 8, 6, 5, 326, 165, 19]
38,8,8,[10, 7, 328, 47, 368, 31, 352, 21]
39,9,10,[6, 5, 326, 165, 19, 340, 26, 15, 8]
40,8,12,[7, 328, 47, 368, 31, 352, 21, 10]
41,8,12,[328, 47, 368, 31, 352, 21, 10, 7]
42,8,9,[328, 47, 368, 31, 352, 21, 10, 7]
43,9,12,[5, 326, 165, 19, 340, 26, 15, 8, 6]
44,9,9,[8, 6, 5, 326, 165, 19, 340, 26, 15]
45,8,12,[7, 328, 47, 368, 31, 352, 21, 10]
46,8,9,[7, 328, 47, 368, 31, 352, 21, 10]
47,8,7,[368, 31, 352, 21, 10, 7, 328, 47]
48,8,12,[7, 328, 47, 368, 31, 352, 21, 10]
49,9,11,[5, 326, 165, 19, 340, 26, 15, 8, 6]
50,8,9,[328, 47, 368, 31, 352, 21, 10, 7]
51,9,11,[5, 326, 165, 19, 340, 26, 15, 8, 6]
52,8,15,[7, 328, 47, 368, 31, 352, 21, 10]
53,8,10,[7, 328, 47, 368, 31, 352, 21, 10]
54,8,12,[7, 328, 47, 368, 31, 352, 21, 10]
55,9,10,[6, 5, 326, 165, 19, 340, 26, 15, 8]
56,9,12,[15, 8, 6, 5, 326, 165, 19, 340, 26]
57,9,13,[15, 8, 6, 5, 326, 165, 19, 340, 26]
58,8,8,[352, 21, 10, 7, 328, 47, 368, 31]
59,8,14,[7, 328, 47, 368, 31, 352, 21, 10]
60,8,9,[328, 47, 368, 31, 352, 21, 10, 7]
61,9,14,[8, 6, 5, 326, 165, 19, 340, 26, 15]
62,9,12,[5, 326, 165, 19, 340, 26, 15, 8, 6]
63,9,12,[15, 8, 6, 5, 326, 165, 19, 340, 26]
64,8,9,[328, 47, 368, 31, 352, 21, 10, 7]
65,9,10,[6, 5, 326, 165, 19, 340, 26, 15, 8]
66,9,10,[6, 5, 326, 165, 19, 340, 26, 15, 8]
67,9,16,[6, 5, 326, 165, 19, 340, 26, 15, 8]
68,8,8,[10, 7, 328, 47, 368, 31, 352, 21]
69,9,9,[15, 8, 6, 5, 326, 165, 19, 340, 26]
70,9,11,[5, 326, 165, 19, 340, 26, 15, 8, 6]
71,9,12,[5, 326, 165, 19, 340, 26, 15, 8, 6]
72,8,9,[328, 47, 368, 31, 352, 21, 10, 7]
73,9,14,[5, 326, 165, 19, 340, 26, 15, 8, 6]
74,9,11,[6, 5, 326, 165, 19, 340, 26, 15, 8]
75,9,12,[15, 8, 6, 5, 326, 165, 19, 340, 26]
76,9,14,[5, 326, 165, 19, 340, 26, 15, 8, 6]
77,9,10,[6, 5, 326, 165, 19, 340, 26, 15, 8]
78,9,10,[6, 5, 326, 165, 19, 340, 26, 15, 8]
79,9,11,[6, 5, 326, 165, 19, 340, 26, 15, 8]
80,9,12,[15, 8, 6, 5, 326, 165, 19, 340, 26]
81,8,9,[328, 47, 368, 31, 352, 21, 10, 7]
82,9,13,[5, 326, 165, 19, 340, 26, 15, 8, 6]
83,9,11,[8, 6, 5, 326, 165, 19, 340, 26, 15]
84,9,11,[5, 326, 165, 19, 340, 26, 15, 8, 6]
85,9,13,[15, 8, 6, 5, 326, 165, 19, 340, 26]
86,8,13,[7, 328, 47, 368, 31, 352, 21, 10]
87,8,9,[7, 328, 47, 368, 31, 352, 21, 10]
88,8,15,[7, 328, 47, 368, 31, 352, 21, 10]
89,8,14,[7, 328, 47, 368, 31, 352, 21, 10]
90,9,12,[15, 8, 6, 5, 326, 165, 19, 340, 26]
91,9,11,[5, 326, 165, 19, 340, 26, 15, 8, 6]
92,9,11,[5, 326, 165, 19, 340, 26, 15, 8, 6]
93,9,10,[340, 26, 15, 8, 6, 5, 326, 165, 19]
94,9,12,[5, 326, 165, 19, 340, 26, 15, 8, 6]
95,9,11,[5, 326, 165, 19, 340, 26, 15, 8, 6]
96,9,12,[15, 8, 6, 5, 326, 165, 19, 340, 26]
97,8,10,[7, 328, 47, 368, 31, 352, 21, 10]
98,9,10,[6, 5, 326, 165, 19, 340, 26, 15, 8]
99,8,15,[7, 328, 47, 368, 31, 352, 21, 10]
100,9,11,[5, 326, 165, 19, 340, 26, 15, 8, 6]
101,9,14,[6, 5, 326, 165, 19, 340, 26, 15, 8]
102,9,13,[15, 8, 6, 5, 326, 165, 19, 340, 26]
103,8,16,[7, 328, 47, 368, 31, 352, 21, 10]
104,9,9,[340, 26, 15, 8, 6, 5, 326, 165, 19]
105,9,9,[8, 6, 5, 326, 165, 19, 340, 26, 15]
106,9,11,[6, 5, 326, 165, 19, 340, 26, 15, 8]
107,8,15,[7, 328, 47, 368, 31, 352, 21, 10]
108,9,12,[15, 8, 6, 5, 326, 165, 19, 340, 26]
109,8,11,[328, 47, 368, 31, 352, 21, 10, 7]
110,9,10,[6, 5, 326, 165, 19, 340, 26, 15, 8]
111,8,13,[7, 328, 47, 368, 31, 352, 21, 10]
112,9,9,[8, 6, 5, 326, 165, 19, 340, 26, 15]
113,8,14,[7, 328, 47, 368, 31, 352, 21, 10]
114,9,11,[5, 326, 165, 19, 340, 26, 15, 8, 6]
115,8,13,[7, 328, 47, 368, 31, 352, 21, 10]
116,9,12,[5, 326, 165, 19, 340, 26, 15, 8, 6]
117,9,9,[340, 26, 15, 8, 6, 5, 326, 165, 19]
118,9,15,[8, 6, 5, 326, 165, 19, 340, 26, 15]
119,9,11,[5, 326, 165, 19, 340, 26, 15, 8, 6]
120,9,11,[5, 326, 165, 19, 340, 26, 15, 8, 6]
121,9,13,[15, 8, 6, 5, 326, 165, 19, 340, 26]
122,9,13,[15, 8, 6, 5, 326, 165, 19, 340, 26]
123,9,10,[8, 6, 5, 326, 165, 19, 340, 26, 15]
124,8,10,[328, 47, 368, 31, 352, 21, 10, 7]
125,9,9,[8, 6, 5, 326, 165, 19, 340, 26, 15]
126,9,9,[8, 6, 5, 326, 165, 19, 340, 26, 15]
127,9,10,[340, 26, 15, 8, 6, 5, 326, 165, 19]
128,9,11,[5, 326, 165, 19, 340, 26, 15, 8, 6]
129,8,10,[7, 328, 47, 368, 31, 352, 21, 10]
130,9,11,[5, 326, 165, 19, 340, 26, 15, 8, 6]
131,9,11,[340, 26, 15, 8, 6, 5, 326, 165, 19]
132,9,10,[6, 5, 326, 165, 19, 340, 26, 15, 8]
133,9,9,[15, 8, 6, 5, 326, 165, 19, 340, 26]
134,9,10,[15, 8, 6, 5, 326, 165, 19, 340, 26]
135,9,11,[5, 326, 165, 19, 340, 26, 15, 8, 6]
136,9,14,[5, 326, 165, 19, 340, 26, 15, 8, 6]
137,8,10,[10, 7, 328, 47, 368, 31, 352, 21]
138,8,13,[7, 328, 47, 368, 31, 352, 21, 10]
139,8,10,[7, 328, 47, 368, 31, 352, 21, 10]
140,9,10,[6, 5, 326, 165, 19, 340, 26, 15, 8]
141,8,10,[328, 47, 368, 31, 352, 21, 10, 7]
142,9,15,[5, 326, 165, 19, 340, 26, 15, 8, 6]
143,9,11,[5, 326, 165, 19, 340, 26, 15, 8, 6]
144,9,11,[5, 326, 165, 19, 340, 26, 15, 8, 6]
145,9,10,[340, 26, 15, 8, 6, 5, 326, 165, 19]
146,9,13,[15, 8, 6, 5, 326, 165, 19, 340, 26]
147,8,15,[7, 328, 47, 368, 31, 352, 21, 10]
148,8,13,[328, 47, 368, 31, 352, 21, 10, 7]
149,8,14,[7, 328, 47, 368, 31, 352, 21, 10]
150,9,9,[8, 6, 5, 326, 165, 19, 340, 26, 15]
151,9,12,[6, 5, 326, 165, 19, 340, 26, 15, 8]
152,8,9,[7, 328, 47, 368, 31, 352, 21, 10]
153,9,14,[5, 326, 165, 19, 340, 26, 15, 8, 6]
154,9,11,[5, 326, 165, 19, 340, 26, 15, 8, 6]
155,8,9,[7, 328, 47, 368, 31, 352, 21, 10]
156,9,11,[5, 326, 165, 19, 340, 26, 15, 8, 6]
157,8,15,[7, 328, 47, 368, 31, 352, 21, 10]
158,8,10,[328, 47, 368, 31, 352, 21, 10, 7]
159,9,13,[15, 8, 6, 5, 326, 165, 19, 340, 26]
160,9,9,[8, 6, 5, 326, 165, 19, 340, 26, 15]
161,8,9,[7, 328, 47, 368, 31, 352, 21, 10]
162,9,11,[5, 326, 165, 19, 340, 26, 15, 8, 6]
163,9,10,[15, 8, 6, 5, 326, 165, 19, 340, 26]
164,8,13,[7, 328, 47, 368, 31, 352, 21, 10]
165,9,8,[19, 340, 26, 15, 8, 6, 5, 326, 165]
166,9,14,[15, 8, 6, 5, 326, 165, 19, 340, 26]
167,9,18,[6, 5, 326, 165, 19, 340, 26, 15, 8]
168,9,10,[6, 5, 326, 165, 19, 340, 26, 15, 8]
169,9,9,[15, 8, 6, 5, 326, 165, 19, 340, 26]
170,9,11,[5, 326, 165, 19, 340, 26, 15, 8, 6]
171,8,9,[7, 328, 47, 368, 31, 352, 21, 10]
172,8,8,[368, 31, 352, 21, 10, 7, 328, 47]
173,9,11,[340, 26, 15, 8, 6, 5, 326, 165, 19]
174,9,10,[340, 26, 15, 8, 6, 5, 326, 165, 19]
175,8,15,[7, 328, 47, 368, 31, 352, 21, 10]
176,9,9,[340, 26, 15, 8, 6, 5, 326, 165, 19]
177,9,13,[5, 326, 165, 19, 340, 26, 15, 8, 6]
178,9,12,[5, 326, 165, 19, 340, 26, 15, 8, 6]
179,9,10,[340, 26, 15, 8, 6, 5, 326, 165, 19]
180,9,9,[8, 6, 5, 326, 165, 19, 340, 26, 15]
181,9,12,[340, 26, 15, 8, 6, 5, 326, 165, 19]
182,9,13,[15, 8, 6, 5, 326, 165, 19, 340, 26]
183,8,10,[328, 47, 368, 31, 352, 21, 10, 7]
184,9,11,[340, 26, 15, 8, 6, 5, 326, 165, 19]
185,8,10,[328, 47, 368, 31, 352, 21, 10, 7]
186,8,9,[7, 328, 47, 368, 31, 352, 21, 10]
187,8,13,[7, 328, 47, 368, 31, 352, 21, 10]
188,9,12,[5, 326, 165, 19, 340, 26, 15, 8, 6]
189,9,10,[6, 5, 326, 165, 19, 340, 26, 15, 8]
190,9,9,[15, 8, 6, 5, 326, 165, 19, 340, 26]
191,9,11,[6, 5, 326, 165, 19, 340, 26, 15, 8]
192,9,9,[8, 6, 5, 326, 165, 19, 340, 26, 15]
193,9,12,[8, 6, 5, 326, 165, 19, 340, 26, 15]
194,8,16,[7, 328, 47, 368, 31, 352, 21, 10]
195,8,8,[10, 7, 328, 47, 368, 31, 352, 21]
196,9,10,[6, 5, 326, 165, 19, 340, 26, 15, 8]
197,8,11,[7, 328, 47, 368, 31, 352, 21, 10]
198,9,9,[340, 26, 15, 8, 6, 5, 326, 165, 19]
199,9,12,[5, 326, 165, 19, 340, 26, 15, 8, 6]
200,9,10,[6, 5, 326, 165, 19, 340, 26, 15, 8]
