1,1,0,[1]
2,6,8,[6, 5, 403, 44, 15, 8]
3,3,9,[415, 88, 17]
4,1,0,[4]
5,6,5,[403, 44, 15, 8, 6, 5]
6,6,5,[5, 403, 44, 15, 8, 6]
7,3,4,[415, 88, 17]
8,6,5,[6, 5, 403, 44, 15, 8]
9,6,6,[5, 403, 44, 15, 8, 6]
10,3,5,[415, 88, 17]
11,3,10,[415, 88, 17]
12,3,5,[415, 88, 17]
13,6,9,[6, 5, 403, 44, 15, 8]
14,6,7,[5, 403, 44, 15, 8, 6]
15,6,5,[8, 6, 5, 403, 44, 15]
16,6,6,[6, 5, 403, 44, 15, 8]
17,3,2,[415, 88, 17]
18,6,6,[6, 5, 403, 44, 15, 8]
19,6,11,[8, 6, 5, 403, 44, 15]
20,6,7,[5, 403, 44, 15, 8, 6]
21,3,6,[415, 88, 17]
22,6,10,[6, 5, 403, 44, 15, 8]
23,6,9,[8, 6, 5, 403, 44, 15]
24,6,7,[5, 403, 44, 15, 8, 6]
25,3,6,[415, 88, 17]
26,6,6,[8, 6, 5, 403, 44, 15]
27,6,7,[5, 403, 44, 15, 8, 6]
28,3,11,[415, 88, 17]
29,3,9,[415, 88, 17]
30,3,6,[415, 88, 17]
31,6,9,[5, 403, 44, 15, 8, 6]
32,3,6,[415, 88, 17]
33,6,8,[5, 403, 44, 15, 8, 6]
34,6,12,[8, 6, 5, 403, 44, 15]
35,3,6,[415, 88, 17]
36,3,6,[415, 88, 17]
37,2,1,[435, 37]
38,3,7,[415, 88, 17]
39,6,7,[6, 5, 403, 44, 15, 8]
40,3,11,[415, 88, 17]
41,3,14,[415, 88, 17]
42,3,6,[415, 88, 17]
43,6,9,[5, 403, 44, 15, 8, 6]
44,6,5,[15, 8, 6, 5, 403, 44]
45,3,11,[415, 88, 17]
46,3,7,[415, 88, 17]
47,6,11,[5, 403, 44, 15, 8, 6]
48,3,11,[415, 88, 17]
49,6,8,[5, 403, 44, 15, 8, 6]
50,3,6,[415, 88, 17]
51,6,8,[5, 403, 44, 15, 8, 6]
52,3,3,[415, 88, 17]
53,3,5,[415, 88, 17]
54,3,11,[415, 88, 17]
55,6,7,[6, 5, 403, 44, 15, 8]
56,6,10,[6, 5, 403, 44, 15, 8]
57,6,11,[6, 5, 403, 44, 15, 8]
58,6,10,[5, 403, 44, 15, 8, 6]
59,3,9,[415, 88, 17]
60,3,6,[415, 88, 17]
61,6,8,[8, 6, 5, 403, 44, 15]
62,6,9,[5, 403, 44, 15, 8, 6]
63,6,10,[6, 5, 403, 44, 15, 8]
64,3,6,[415, 88, 17]
65,6,7,[6, 5, 403, 44, 15, 8]
66,6,7,[6, 5, 403, 44, 15, 8]
67,6,9,[6, 5, 403, 44, 15, 8]
68,3,7,[415, 88, 17]
69,6,7,[8, 6, 5, 403, 44, 15]
70,6,8,[5, 403, 44, 15, 8, 6]
71,6,10,[6, 5, 403, 44, 15, 8]
72,3,6,[415, 88, 17]
73,6,8,[8, 6, 5, 403, 44, 15]
74,6,8,[6, 5, 403, 44, 15, 8]
75,6,10,[6, 5, 403, 44, 15, 8]
76,6,10,[8, 6, 5, 403, 44, 15]
77,6,7,[6, 5, 403, 44, 15, 8]
78,6,7,[6, 5, 403, 44, 15, 8]
79,3,11,[415, 88, 17]
80,6,10,[6, 5, 403, 44, 15, 8]
81,3,6,[415, 88, 17]
82,6,10,[5, 403, 44, 15, 8, 6]
83,3,8,[415, 88, 17]
84,6,8,[5, 403, 44, 15, 8, 6]
85,6,11,[6, 5, 403, 44, 15, 8]
86,3,12,[415, 88, 17]
87,3,7,[415, 88, 17]
88,3,2,[17, 415, 88]
89,6,12,[6, 5, 403, 44, 15, 8]
90,6,10,[6, 5, 403, 44, 15, 8]
91,6,8,[5, 403, 44, 15, 8, 6]
92,6,8,[5, 403, 44, 15, 8, 6]
93,6,13,[8, 6, 5, 403, 44, 15]
94,6,9,[5, 403, 44, 15, 8, 6]
95,6,8,[5, 403, 44, 15, 8, 6]
96,6,10,[6, 5, 403, 44, 15, 8]
97,6,12,[6, 5, 403, 44, 15, 8]
98,6,7,[6, 5, 403, 44, 15, 8]
99,3,3,[415, 88, 17]
100,6,8,[5, 403, 44, 15, 8, 6]
101,6,10,[6, 5, 403, 44, 15, 8]
102,6,11,[6, 5, 403, 44, 15, 8]
103,6,10,[5, 403, 44, 15, 8, 6]
104,6,12,[8, 6, 5, 403, 44, 15]
105,6,6,[8, 6, 5, 403, 44, 15]
106,6,8,[6, 5, 403, 44, 15, 8]
107,6,10,[6, 5, 403, 44, 15, 8]
108,6,10,[6, 5, 403, 44, 15, 8]
109,3,11,[415, 88, 17]
110,6,7,[6, 5, 403, 44, 15, 8]
111,3,12,[415, 88, 17]
112,6,6,[8, 6, 5, 403, 44, 15]
113,6,12,[6, 5, 403, 44, 15, 8]
114,6,8,[5, 403, 44, 15, 8, 6]
115,3,12,[415, 88, 17]
116,6,9,[5, 403, 44, 15, 8, 6]
117,6,12,[8, 6, 5, 403, 44, 15]
118,6,9,[8, 6, 5, 403, 44, 15]
119,6,8,[5, 403, 44, 15, 8, 6]
120,6,8,[5, 403, 44, 15, 8, 6]
121,6,11,[6, 5, 403, 44, 15, 8]
122,6,11,[6, 5, 403, 44, 15, 8]
123,6,6,[15, 8, 6, 5, 403, 44]
124,3,7,[415, 88, 17]
125,6,6,[8, 6, 5, 403, 44, 15]
126,6,6,[8, 6, 5, 403, 44, 15]
127,6,9,[5, 403, 44, 15, 8, 6]
128,6,8,[5, 403, 44, 15, 8, 6]
129,3,8,[415, 88, 17]
130,6,8,[5, 403, 44, 15, 8, 6]
131,3,9,[415, 88, 17]
132,6,7,[6, 5, 403, 44, 15, 8]
133,6,7,[8, 6, 5, 403, 44, 15]
134,6,8,[8, 6, 5, 403, 44, 15]
135,6,8,[5, 403, 44, 15, 8, 6]
136,6,10,[8, 6, 5, 403, 44, 15]
137,6,8,[8, 6, 5, 403, 44, 15]
138,3,12,[415, 88, 17]
139,6,13,[6, 5, 403, 44, 15, 8]
140,6,7,[6, 5, 403, 44, 15, 8]
141,3,7,[415, 88, 17]
142,6,9,[8, 6, 5, 403, 44, 15]
143,6,8,[5, 403, 44, 15, 8, 6]
144,6,8,[5, 403, 44, 15, 8, 6]
145,6,13,[8, 6, 5, 403, 44, 15]
146,6,11,[6, 5, 403, 44, 15, 8]
147,3,3,[415, 88, 17]
148,3,15,[415, 88, 17]
149,3,9,[415, 88, 17]
150,6,6,[8, 6, 5, 403, 44, 15]
151,6,11,[6, 5, 403, 44, 15, 8]
152,3,7,[415, 88, 17]
153,6,10,[8, 6, 5, 403, 44, 15]
154,6,8,[5, 403, 44, 15, 8, 6]
155,3,7,[415, 88, 17]
156,6,8,[5, 403, 44, 15, 8, 6]
157,3,13,[415, 88, 17]
158,3,7,[415, 88, 17]
159,6,11,[6, 5, 403, 44, 15, 8]
160,6,6,[8, 6, 5, 403, 44, 15]
161,3,7,[415, 88, 17]
162,6,8,[5, 403, 44, 15, 8, 6]
163,6,11,[5, 403, 44, 15, 8, 6]
164,3,12,[415, 88, 17]
165,6,12,[8, 6, 5, 403, 44, 15]
166,6,12,[6, 5, 403, 44, 15, 8]
167,6,11,[8, 6, 5, 403, 44, 15]
168,6,7,[6, 5, 403, 44, 15, 8]
169,6,7,[8, 6, 5, 403, 44, 15]
170,6,8,[5, 403, 44, 15, 8, 6]
171,3,7,[415, 88, 17]
172,6,12,[5, 403, 44, 15, 8, 6]
173,6,10,[6, 5, 403, 44, 15, 8]
174,6,13,[8, 6, 5, 403, 44, 15]
175,3,3,[415, 88, 17]
176,6,12,[8, 6, 5, 403, 44, 15]
177,6,10,[5, 403, 44, 15, 8, 6]
178,6,9,[5, 403, 44, 15, 8, 6]
179,6,9,[8, 6, 5, 403, 44, 15]
180,6,6,[8, 6, 5, 403, 44, 15]
181,6,9,[6, 5, 403, 44, 15, 8]
182,6,11,[6, 5, 403, 44, 15, 8]
183,3,7,[415, 88, 17]
184,3,10,[415, 88, 17]
185,3,7,[415, 88, 17]
186,3,7,[415, 88, 17]
187,3,12,[415, 88, 17]
188,6,9,[5, 403, 44, 15, 8, 6]
189,6,7,[6, 5, 403, 44, 15, 8]
190,6,7,[8, 6, 5, 403, 44, 15]
191,3,8,[415, 88, 17]
192,6,6,[8, 6, 5, 403, 44, 15]
193,6,9,[6, 5, 403, 44, 15, 8]
194,3,4,[415, 88, 17]
195,3,7,[415, 88, 17]
196,6,7,[6, 5, 403, 44, 15, 8]
197,3,11,[415, 88, 17]
198,6,12,[8, 6, 5, 403, 44, 15]
199,6,13,[5, 403, 44, 15, 8, 6]
200,6,7,[6, 5, 403, 44, 15, 8]
