1,1,0,[1],[0]
2,5,3,[7, 10, 25, 255, 1004],[1, 0, 0, 0, 0]
3,5,3,[7, 10, 25, 255, 1004],[1, 0, 0, 0, 0]
4,1,0,[4],[0]
5,9,0,[5, 6, 8, 16, 39, 47, 172, 1002, 1044],[1, 0, 0, 0, 0, 1, 0, 0, 0]
6,9,0,[5, 6, 8, 16, 39, 47, 172, 1002, 1044],[1, 0, 0, 0, 0, 1, 0, 0, 0]
7,5,0,[7, 10, 25, 255, 1004],[1, 0, 0, 0, 0]
8,9,0,[5, 6, 8, 16, 39, 47, 172, 1002, 1044],[1, 0, 0, 0, 0, 1, 0, 0, 0]
9,9,1,[5, 6, 8, 16, 39, 47, 172, 1002, 1044],[1, 0, 0, 0, 0, 1, 0, 0, 0]
10,5,0,[7, 10, 25, 255, 1004],[1, 0, 0, 0, 0]
11,5,3,[7, 10, 25, 255, 1004],[1, 0, 0, 0, 0]
12,5,1,[7, 10, 25, 255, 1004],[1, 0, 0, 0, 0]
13,3,0,[13, 108, 1010],[1, 0, 0]
14,9,2,[5, 6, 8, 16, 39, 47, 172, 1002, 1044],[1, 0, 0, 0, 0, 1, 0, 0, 0]
15,9,1,[5, 6, 8, 16, 39, 47, 172, 1002, 1044],[1, 0, 0, 0, 0, 1, 0, 0, 0]
16,9,0,[5, 6, 8, 16, 39, 47, 172, 1002, 1044],[1, 0, 0, 0, 0, 1, 0, 0, 0]
17,5,7,[7, 10, 25, 255, 1004],[1, 0, 0, 0, 0]
18,9,1,[5, 6, 8, 16, 39, 47, 172, 1002, 1044],[1, 0, 0, 0, 0, 1, 0, 0, 0]
19,9,5,[5, 6, 8, 16, 39, 47, 172, 1002, 1044],[1, 0, 0, 0, 0, 1, 0, 0, 0]
20,9,2,[5, 6, 8, 16, 39, 47, 172, 1002, 1044],[1, 0, 0, 0, 0, 1, 0, 0, 0]
21,5,1,[7, 10, 25, 255, 1004],[1, 0, 0, 0, 0]
22,3,1,[13, 108, 1010],[1, 0, 0]
23,5,5,[7, 10, 25, 255, 1004],[1, 0, 0, 0, 0]
24,9,2,[5, 6, 8, 16, 39, 47, 172, 1002, 1044],[1, 0, 0, 0, 0, 1, 0, 0, 0]
25,5,0,[7, 10, 25, 255, 1004],[1, 0, 0, 0, 0]
26,9,2,[5, 6, 8, 16, 39, 47, 172, 1002, 1044],[1, 0, 0, 0, 0, 1, 0, 0, 0]
27,9,2,[5, 6, 8, 16, 39, 47, 172, 1002, 1044],[1, 0, 0, 0, 0, 1, 0, 0, 0]
28,5,4,[7, 10, 25, 255, 1004],[1, 0, 0, 0, 0]
29,5,3,[7, 10, 25, 255, 1004],[1, 0, 0, 0, 0]
30,5,1,[7, 10, 25, 255, 1004],[1, 0, 0, 0, 0]
31,5,5,[7, 10, 25, 255, 1004],[1, 0, 0, 0, 0]
32,5,1,[7, 10, 25, 255, 1004],[1, 0, 0, 0, 0]
33,9,3,[5, 6, 8, 16, 39, 47, 172, 1002, 1044],[1, 0, 0, 0, 0, 1, 0, 0, 0]
34,9,6,[5, 6, 8, 16, 39, 47, 172, 1002, 1044],[1, 0, 0, 0, 0, 1, 0, 0, 0]
35,5,2,[7, 10, 25, 255, 1004],[1, 0, 0, 0, 0]
36,5,1,[7, 10, 25, 255, 1004],[1, 0, 0, 0, 0]
37,5,4,[7, 10, 25, 255, 1004],[1, 0, 0, 0, 0]
38,5,2,[7, 10, 25, 255, 1004],[1, 0, 0, 0, 0]
39,9,0,[5, 6, 8, 16, 39, 47, 172, 1002, 1044],[1, 0, 0, 0, 0, 1, 0, 0, 0]
40,5,4,[7, 10, 25, 255, 1004],[1, 0, 0, 0, 0]
41,9,6,[5, 6, 8, 16, 39, 47, 172, 1002, 1044],[1, 0, 0, 0, 0, 1, 0, 0, 0]
42,5,2,[7, 10, 25, 255, 1004],[1, 0, 0, 0, 0]
43,9,4,[5, 6, 8, 16, 39, 47, 172, 1002, 1044],[1, 0, 0, 0, 0, 1, 0, 0, 0]
44,9,2,[5, 6, 8, 16, 39, 47, 172, 1002, 1044],[1, 0, 0, 0, 0, 1, 0, 0, 0]
45,5,4,[7, 10, 25, 255, 1004],[1, 0, 0, 0, 0]
46,5,1,[7, 10, 25, 255, 1004],[1, 0, 0, 0, 0]
47,9,0,[5, 6, 8, 16, 39, 47, 172, 1002, 1044],[1, 0, 0, 0, 0, 1, 0, 0, 0]
48,5,4,[7, 10, 25, 255, 1004],[1, 0, 0, 0, 0]
49,9,3,[5, 6, 8, 16, 39, 47, 172, 1002, 1044],[1, 0, 0, 0, 0, 1, 0, 0, 0]
50,5,2,[7, 10, 25, 255, 1004],[1, 0, 0, 0, 0]
51,9,3,[5, 6, 8, 16, 39, 47, 172, 1002, 1044],[1, 0, 0, 0, 0, 1, 0, 0, 0]
52,5,8,[7, 10, 25, 255, 1004],[1, 0, 0, 0, 0]
53,3,3,[13, 108, 1010],[1, 0, 0]
54,5,4,[7, 10, 25, 255, 1004],[1, 0, 0, 0, 0]
55,9,1,[5, 6, 8, 16, 39, 47, 172, 1002, 1044],[1, 0, 0, 0, 0, 1, 0, 0, 0]
56,3,1,[13, 108, 1010],[1, 0, 0]
57,3,2,[13, 108, 1010],[1, 0, 0]
58,5,6,[7, 10, 25, 255, 1004],[1, 0, 0, 0, 0]
59,9,4,[5, 6, 8, 16, 39, 47, 172, 1002, 1044],[1, 0, 0, 0, 0, 1, 0, 0, 0]
60,5,2,[7, 10, 25, 255, 1004],[1, 0, 0, 0, 0]
61,5,6,[7, 10, 25, 255, 1004],[1, 0, 0, 0, 0]
62,9,4,[5, 6, 8, 16, 39, 47, 172, 1002, 1044],[1, 0, 0, 0, 0, 1, 0, 0, 0]
63,3,1,[13, 108, 1010],[1, 0, 0]
64,5,2,[7, 10, 25, 255, 1004],[1, 0, 0, 0, 0]
65,9,2,[5, 6, 8, 16, 39, 47, 172, 1002, 1044],[1, 0, 0, 0, 0, 1, 0, 0, 0]
66,9,1,[5, 6, 8, 16, 39, 47, 172, 1002, 1044],[1, 0, 0, 0, 0, 1, 0, 0, 0]
67,5,3,[7, 10, 25, 255, 1004],[1, 0, 0, 0, 0]
68,5,2,[7, 10, 25, 255, 1004],[1, 0, 0, 0, 0]
69,9,3,[5, 6, 8, 16, 39, 47, 172, 1002, 1044],[1, 0, 0, 0, 0, 1, 0, 0, 0]
70,9,3,[5, 6, 8, 16, 39, 47, 172, 1002, 1044],[1, 0, 0, 0, 0, 1, 0, 0, 0]
71,3,3,[13, 108, 1010],[1, 0, 0]
72,5,2,[7, 10, 25, 255, 1004],[1, 0, 0, 0, 0]
73,9,5,[5, 6, 8, 16, 39, 47, 172, 1002, 1044],[1, 0, 0, 0, 0, 1, 0, 0, 0]
74,9,1,[5, 6, 8, 16, 39, 47, 172, 1002, 1044],[1, 0, 0, 0, 0, 1, 0, 0, 0]
75,3,1,[13, 108, 1010],[1, 0, 0]
76,5,6,[7, 10, 25, 255, 1004],[1, 0, 0, 0, 0]
77,9,2,[5, 6, 8, 16, 39, 47, 172, 1002, 1044],[1, 0, 0, 0, 0, 1, 0, 0, 0]
78,9,2,[5, 6, 8, 16, 39, 47, 172, 1002, 1044],[1, 0, 0, 0, 0, 1, 0, 0, 0]
79,5,8,[7, 10, 25, 255, 1004],[1, 0, 0, 0, 0]
80,3,1,[13, 108, 1010],[1, 0, 0]
81,5,2,[7, 10, 25, 255, 1004],[1, 0, 0, 0, 0]
82,9,5,[5, 6, 8, 16, 39, 47, 172, 1002, 1044],[1, 0, 0, 0, 0, 1, 0, 0, 0]
83,9,4,[5, 6, 8, 16, 39, 47, 172, 1002, 1044],[1, 0, 0, 0, 0, 1, 0, 0, 0]
84,9,3,[5, 6, 8, 16, 39, 47, 172, 1002, 1044],[1, 0, 0, 0, 0, 1, 0, 0, 0]
85,3,2,[13, 108, 1010],[1, 0, 0]
86,5,5,[7, 10, 25, 255, 1004],[1, 0, 0, 0, 0]
87,5,2,[7, 10, 25, 255, 1004],[1, 0, 0, 0, 0]
88,5,8,[7, 10, 25, 255, 1004],[1, 0, 0, 0, 0]
89,5,4,[7, 10, 25, 255, 1004],[1, 0, 0, 0, 0]
90,3,1,[13, 108, 1010],[1, 0, 0]
91,9,3,[5, 6, 8, 16, 39, 47, 172, 1002, 1044],[1, 0, 0, 0, 0, 1, 0, 0, 0]
92,9,3,[5, 6, 8, 16, 39, 47, 172, 1002, 1044],[1, 0, 0, 0, 0, 1, 0, 0, 0]
93,9,7,[5, 6, 8, 16, 39, 47, 172, 1002, 1044],[1, 0, 0, 0, 0, 1, 0, 0, 0]
94,9,4,[5, 6, 8, 16, 39, 47, 172, 1002, 1044],[1, 0, 0, 0, 0, 1, 0, 0, 0]
95,9,3,[5, 6, 8, 16, 39, 47, 172, 1002, 1044],[1, 0, 0, 0, 0, 1, 0, 0, 0]
96,3,1,[13, 108, 1010],[1, 0, 0]
97,5,6,[7, 10, 25, 255, 1004],[1, 0, 0, 0, 0]
98,9,1,[5, 6, 8, 16, 39, 47, 172, 1002, 1044],[1, 0, 0, 0, 0, 1, 0, 0, 0]
99,5,8,[7, 10, 25, 255, 1004],[1, 0, 0, 0, 0]
100,9,3,[5, 6, 8, 16, 39, 47, 172, 1002, 1044],[1, 0, 0, 0, 0, 1, 0, 0, 0]
