1  1  [1]
2  5  [19, 182, 22, 13, 176]
3  5  [182, 22, 13, 176, 19]
4  1  [4]
5  5  [16, 8, 6, 5, 168]
6  5  [168, 16, 8, 6, 5]
7  5  [16, 8, 6, 5, 168]
8  5  [5, 168, 16, 8, 6]
9  5  [5, 168, 16, 8, 6]
10  5  [168, 16, 8, 6, 5]
11  5  [176, 19, 182, 22, 13]
12  5  [168, 16, 8, 6, 5]
13  5  [19, 182, 22, 13, 176]
14  5  [6, 5, 168, 16, 8]
15  5  [6, 5, 168, 16, 8]
16  5  [6, 5, 168, 16, 8]
17  5  [16, 8, 6, 5, 168]
18  5  [6, 5, 168, 16, 8]
19  5  [22, 13, 176, 19, 182]
20  5  [6, 5, 168, 16, 8]
21  5  [5, 168, 16, 8, 6]
22  5  [176, 19, 182, 22, 13]
23  5  [8, 6, 5, 168, 16]
24  5  [6, 5, 168, 16, 8]
25  5  [5, 168, 16, 8, 6]
26  5  [8, 6, 5, 168, 16]
27  5  [6, 5, 168, 16, 8]
28  5  [13, 176, 19, 182, 22]
29  5  [16, 8, 6, 5, 168]
30  5  [5, 168, 16, 8, 6]
31  5  [6, 5, 168, 16, 8]
32  5  [5, 168, 16, 8, 6]
33  5  [8, 6, 5, 168, 16]
34  5  [182, 22, 13, 176, 19]
35  5  [5, 168, 16, 8, 6]
36  5  [5, 168, 16, 8, 6]
37  5  [16, 8, 6, 5, 168]
38  5  [6, 5, 168, 16, 8]
39  5  [8, 6, 5, 168, 16]
40  5  [13, 176, 19, 182, 22]
41  5  [16, 8, 6, 5, 168]
42  5  [5, 168, 16, 8, 6]
43  5  [168, 16, 8, 6, 5]
44  5  [8, 6, 5, 168, 16]
45  5  [13, 176, 19, 182, 22]
46  5  [6, 5, 168, 16, 8]
47  5  [5, 168, 16, 8, 6]
48  5  [13, 176, 19, 182, 22]
49  5  [8, 6, 5, 168, 16]
50  5  [5, 168, 16, 8, 6]
51  5  [8, 6, 5, 168, 16]
52  5  [168, 16, 8, 6, 5]
53  5  [16, 8, 6, 5, 168]
54  5  [13, 176, 19, 182, 22]
55  5  [8, 6, 5, 168, 16]
56  5  [176, 19, 182, 22, 13]
57  5  [13, 176, 19, 182, 22]
58  5  [8, 6, 5, 168, 16]
59  5  [8, 6, 5, 168, 16]
60  5  [5, 168, 16, 8, 6]
61  5  [5, 168, 16, 8, 6]
62  5  [16, 8, 6, 5, 168]
63  5  [176, 19, 182, 22, 13]
64  5  [5, 168, 16, 8, 6]
65  5  [8, 6, 5, 168, 16]
66  5  [8, 6, 5, 168, 16]
67  5  [8, 6, 5, 168, 16]
68  5  [6, 5, 168, 16, 8]
69  5  [16, 8, 6, 5, 168]
70  5  [8, 6, 5, 168, 16]
71  5  [8, 6, 5, 168, 16]
72  5  [5, 168, 16, 8, 6]
73  5  [22, 13, 176, 19, 182]
74  5  [16, 8, 6, 5, 168]
75  5  [176, 19, 182, 22, 13]
76  5  [16, 8, 6, 5, 168]
77  5  [8, 6, 5, 168, 16]
78  5  [8, 6, 5, 168, 16]
79  5  [16, 8, 6, 5, 168]
80  5  [176, 19, 182, 22, 13]
81  5  [5, 168, 16, 8, 6]
82  5  [5, 168, 16, 8, 6]
83  5  [16, 8, 6, 5, 168]
84  5  [8, 6, 5, 168, 16]
85  5  [13, 176, 19, 182, 22]
86  5  [22, 13, 176, 19, 182]
87  5  [6, 5, 168, 16, 8]
88  5  [168, 16, 8, 6, 5]
89  5  [5, 168, 16, 8, 6]
90  5  [176, 19, 182, 22, 13]
91  5  [8, 6, 5, 168, 16]
92  5  [8, 6, 5, 168, 16]
93  5  [19, 182, 22, 13, 176]
94  5  [16, 8, 6, 5, 168]
95  5  [8, 6, 5, 168, 16]
96  5  [176, 19, 182, 22, 13]
97  5  [22, 13, 176, 19, 182]
98  5  [8, 6, 5, 168, 16]
99  5  [168, 16, 8, 6, 5]
100  5  [8, 6, 5, 168, 16]
101  5  [16, 8, 6, 5, 168]
102  5  [13, 176, 19, 182, 22]
103  5  [182, 22, 13, 176, 19]
104  5  [182, 22, 13, 176, 19]
