1,1,0,[1]
2,7,10,[6, 5, 487, 969, 39, 16, 8]
3,3,5,[13, 495, 22]
4,1,0,[4]
5,7,6,[487, 969, 39, 16, 8, 6, 5]
6,7,6,[5, 487, 969, 39, 16, 8, 6]
7,3,6,[13, 495, 22]
8,7,6,[6, 5, 487, 969, 39, 16, 8]
9,7,7,[5, 487, 969, 39, 16, 8, 6]
10,3,7,[13, 495, 22]
11,3,11,[13, 495, 22]
12,3,7,[13, 495, 22]
13,3,2,[495, 22, 13]
14,7,8,[5, 487, 969, 39, 16, 8, 6]
15,7,7,[6, 5, 487, 969, 39, 16, 8]
16,7,6,[8, 6, 5, 487, 969, 39, 16]
17,3,16,[13, 495, 22]
18,7,7,[6, 5, 487, 969, 39, 16, 8]
19,7,11,[5, 487, 969, 39, 16, 8, 6]
20,7,8,[5, 487, 969, 39, 16, 8, 6]
21,3,8,[13, 495, 22]
22,3,2,[13, 495, 22]
23,7,10,[8, 6, 5, 487, 969, 39, 16]
24,7,8,[5, 487, 969, 39, 16, 8, 6]
25,3,8,[13, 495, 22]
26,7,8,[6, 5, 487, 969, 39, 16, 8]
27,7,8,[5, 487, 969, 39, 16, 8, 6]
28,3,12,[13, 495, 22]
29,3,5,[495, 22, 13]
30,3,8,[13, 495, 22]
31,3,14,[13, 495, 22]
32,3,8,[13, 495, 22]
33,7,9,[5, 487, 969, 39, 16, 8, 6]
34,7,12,[5, 487, 969, 39, 16, 8, 6]
35,3,8,[13, 495, 22]
36,3,8,[13, 495, 22]
37,7,14,[5, 487, 969, 39, 16, 8, 6]
38,3,9,[13, 495, 22]
39,7,6,[16, 8, 6, 5, 487, 969, 39]
40,3,12,[13, 495, 22]
41,3,6,[495, 22, 13]
42,3,8,[13, 495, 22]
43,7,10,[5, 487, 969, 39, 16, 8, 6]
44,7,8,[6, 5, 487, 969, 39, 16, 8]
45,3,12,[13, 495, 22]
46,3,9,[13, 495, 22]
47,3,11,[13, 495, 22]
48,3,12,[13, 495, 22]
49,7,9,[5, 487, 969, 39, 16, 8, 6]
50,3,8,[13, 495, 22]
51,7,9,[5, 487, 969, 39, 16, 8, 6]
52,3,17,[13, 495, 22]
53,7,10,[6, 5, 487, 969, 39, 16, 8]
54,3,12,[13, 495, 22]
55,7,7,[8, 6, 5, 487, 969, 39, 16]
56,3,3,[495, 22, 13]
57,3,3,[13, 495, 22]
58,3,15,[13, 495, 22]
59,3,15,[13, 495, 22]
60,3,8,[13, 495, 22]
61,3,8,[495, 22, 13]
62,7,10,[5, 487, 969, 39, 16, 8, 6]
63,3,3,[495, 22, 13]
64,3,8,[13, 495, 22]
65,7,8,[6, 5, 487, 969, 39, 16, 8]
66,7,7,[8, 6, 5, 487, 969, 39, 16]
67,2,1,[549, 67]
68,3,9,[13, 495, 22]
69,7,9,[6, 5, 487, 969, 39, 16, 8]
70,7,9,[5, 487, 969, 39, 16, 8, 6]
71,3,15,[13, 495, 22]
72,3,8,[13, 495, 22]
73,3,14,[13, 495, 22]
74,7,7,[16, 8, 6, 5, 487, 969, 39]
75,3,3,[495, 22, 13]
76,7,11,[8, 6, 5, 487, 969, 39, 16]
77,7,8,[6, 5, 487, 969, 39, 16, 8]
78,7,8,[6, 5, 487, 969, 39, 16, 8]
79,3,16,[13, 495, 22]
80,3,3,[495, 22, 13]
81,3,8,[13, 495, 22]
82,7,11,[5, 487, 969, 39, 16, 8, 6]
83,3,11,[495, 22, 13]
84,7,9,[5, 487, 969, 39, 16, 8, 6]
85,3,3,[13, 495, 22]
86,3,13,[13, 495, 22]
87,3,9,[13, 495, 22]
88,3,17,[13, 495, 22]
89,3,11,[13, 495, 22]
90,3,3,[495, 22, 13]
91,7,9,[5, 487, 969, 39, 16, 8, 6]
92,7,9,[5, 487, 969, 39, 16, 8, 6]
93,7,13,[5, 487, 969, 39, 16, 8, 6]
94,7,10,[5, 487, 969, 39, 16, 8, 6]
95,7,9,[5, 487, 969, 39, 16, 8, 6]
96,3,3,[495, 22, 13]
97,7,10,[6, 5, 487, 969, 39, 16, 8]
98,7,7,[8, 6, 5, 487, 969, 39, 16]
99,3,17,[13, 495, 22]
100,7,9,[5, 487, 969, 39, 16, 8, 6]
101,3,10,[13, 495, 22]
102,3,3,[13, 495, 22]
103,7,10,[5, 487, 969, 39, 16, 8, 6]
104,7,12,[5, 487, 969, 39, 16, 8, 6]
105,7,8,[6, 5, 487, 969, 39, 16, 8]
106,7,8,[8, 6, 5, 487, 969, 39, 16]
107,3,10,[13, 495, 22]
108,3,3,[495, 22, 13]
109,7,9,[8, 6, 5, 487, 969, 39, 16]
110,7,8,[6, 5, 487, 969, 39, 16, 8]
111,3,13,[13, 495, 22]
112,7,8,[6, 5, 487, 969, 39, 16, 8]
113,3,7,[495, 22, 13]
114,7,9,[5, 487, 969, 39, 16, 8, 6]
115,3,13,[13, 495, 22]
116,7,10,[5, 487, 969, 39, 16, 8, 6]
117,7,12,[5, 487, 969, 39, 16, 8, 6]
118,3,9,[495, 22, 13]
119,7,9,[5, 487, 969, 39, 16, 8, 6]
120,7,9,[5, 487, 969, 39, 16, 8, 6]
121,3,3,[13, 495, 22]
122,3,4,[495, 22, 13]
123,7,9,[6, 5, 487, 969, 39, 16, 8]
124,3,9,[13, 495, 22]
125,7,8,[6, 5, 487, 969, 39, 16, 8]
126,7,8,[6, 5, 487, 969, 39, 16, 8]
127,7,8,[16, 8, 6, 5, 487, 969, 39]
128,7,9,[5, 487, 969, 39, 16, 8, 6]
129,3,10,[13, 495, 22]
130,7,9,[5, 487, 969, 39, 16, 8, 6]
131,3,11,[13, 495, 22]
132,7,8,[6, 5, 487, 969, 39, 16, 8]
133,7,9,[6, 5, 487, 969, 39, 16, 8]
134,7,10,[6, 5, 487, 969, 39, 16, 8]
135,7,9,[5, 487, 969, 39, 16, 8, 6]
136,7,11,[8, 6, 5, 487, 969, 39, 16]
137,7,12,[6, 5, 487, 969, 39, 16, 8]
138,3,13,[13, 495, 22]
139,3,10,[13, 495, 22]
140,7,7,[8, 6, 5, 487, 969, 39, 16]
141,3,9,[13, 495, 22]
142,3,15,[13, 495, 22]
143,7,9,[5, 487, 969, 39, 16, 8, 6]
144,7,9,[5, 487, 969, 39, 16, 8, 6]
145,7,13,[5, 487, 969, 39, 16, 8, 6]
146,3,4,[495, 22, 13]
147,3,17,[13, 495, 22]
148,3,7,[495, 22, 13]
149,3,6,[495, 22, 13]
150,7,8,[6, 5, 487, 969, 39, 16, 8]
151,7,12,[8, 6, 5, 487, 969, 39, 16]
152,3,9,[13, 495, 22]
153,7,11,[8, 6, 5, 487, 969, 39, 16]
154,7,9,[5, 487, 969, 39, 16, 8, 6]
155,3,9,[13, 495, 22]
156,7,9,[5, 487, 969, 39, 16, 8, 6]
157,7,10,[6, 5, 487, 969, 39, 16, 8]
158,3,9,[13, 495, 22]
159,3,4,[495, 22, 13]
160,7,8,[6, 5, 487, 969, 39, 16, 8]
161,3,9,[13, 495, 22]
162,7,9,[5, 487, 969, 39, 16, 8, 6]
163,7,11,[5, 487, 969, 39, 16, 8, 6]
164,3,13,[13, 495, 22]
165,7,12,[5, 487, 969, 39, 16, 8, 6]
166,3,4,[13, 495, 22]
167,7,11,[5, 487, 969, 39, 16, 8, 6]
168,7,7,[8, 6, 5, 487, 969, 39, 16]
169,7,9,[6, 5, 487, 969, 39, 16, 8]
170,7,9,[5, 487, 969, 39, 16, 8, 6]
171,3,9,[13, 495, 22]
172,3,12,[13, 495, 22]
173,7,13,[8, 6, 5, 487, 969, 39, 16]
174,7,13,[5, 487, 969, 39, 16, 8, 6]
175,3,17,[13, 495, 22]
176,7,12,[5, 487, 969, 39, 16, 8, 6]
177,7,11,[5, 487, 969, 39, 16, 8, 6]
178,7,10,[5, 487, 969, 39, 16, 8, 6]
179,7,12,[6, 5, 487, 969, 39, 16, 8]
180,7,8,[6, 5, 487, 969, 39, 16, 8]
181,7,11,[5, 487, 969, 39, 16, 8, 6]
182,3,3,[13, 495, 22]
183,3,9,[13, 495, 22]
184,3,6,[495, 22, 13]
185,3,9,[13, 495, 22]
186,3,9,[13, 495, 22]
187,3,13,[13, 495, 22]
188,7,10,[5, 487, 969, 39, 16, 8, 6]
189,7,7,[8, 6, 5, 487, 969, 39, 16]
190,7,9,[6, 5, 487, 969, 39, 16, 8]
191,7,11,[6, 5, 487, 969, 39, 16, 8]
192,7,8,[6, 5, 487, 969, 39, 16, 8]
193,7,13,[5, 487, 969, 39, 16, 8, 6]
194,3,18,[13, 495, 22]
195,3,9,[13, 495, 22]
196,7,8,[6, 5, 487, 969, 39, 16, 8]
197,7,14,[5, 487, 969, 39, 16, 8, 6]
198,7,12,[5, 487, 969, 39, 16, 8, 6]
199,3,11,[13, 495, 22]
200,7,7,[8, 6, 5, 487, 969, 39, 16]
