1,1,0,[1],[0]
2,13,3,[5, 6, 8, 13, 16, 22, 31, 39, 74, 213, 414, 422, 440],[1, 0, 0, 1, 0, 0, 1, 0, 0, 0, 0, 0, 0]
3,5,8,[17, 23, 76, 426, 432],[1, 1, 0, 0, 0]
4,1,0,[4],[0]
5,13,0,[5, 6, 8, 13, 16, 22, 31, 39, 74, 213, 414, 422, 440],[1, 0, 0, 1, 0, 0, 1, 0, 0, 0, 0, 0, 0]
6,13,0,[5, 6, 8, 13, 16, 22, 31, 39, 74, 213, 414, 422, 440],[1, 0, 0, 1, 0, 0, 1, 0, 0, 0, 0, 0, 0]
7,5,2,[17, 23, 76, 426, 432],[1, 1, 0, 0, 0]
8,13,0,[5, 6, 8, 13, 16, 22, 31, 39, 74, 213, 414, 422, 440],[1, 0, 0, 1, 0, 0, 1, 0, 0, 0, 0, 0, 0]
9,13,1,[5, 6, 8, 13, 16, 22, 31, 39, 74, 213, 414, 422, 440],[1, 0, 0, 1, 0, 0, 1, 0, 0, 0, 0, 0, 0]
10,5,3,[17, 23, 76, 426, 432],[1, 1, 0, 0, 0]
11,6,0,[11, 19, 40, 111, 420, 428],[1, 1, 0, 0, 0, 0]
12,5,3,[17, 23, 76, 426, 432],[1, 1, 0, 0, 0]
13,13,0,[5, 6, 8, 13, 16, 22, 31, 39, 74, 213, 414, 422, 440],[1, 0, 0, 1, 0, 0, 1, 0, 0, 0, 0, 0, 0]
14,13,2,[5, 6, 8, 13, 16, 22, 31, 39, 74, 213, 414, 422, 440],[1, 0, 0, 1, 0, 0, 1, 0, 0, 0, 0, 0, 0]
15,13,1,[5, 6, 8, 13, 16, 22, 31, 39, 74, 213, 414, 422, 440],[1, 0, 0, 1, 0, 0, 1, 0, 0, 0, 0, 0, 0]
16,13,0,[5, 6, 8, 13, 16, 22, 31, 39, 74, 213, 414, 422, 440],[1, 0, 0, 1, 0, 0, 1, 0, 0, 0, 0, 0, 0]
17,5,0,[17, 23, 76, 426, 432],[1, 1, 0, 0, 0]
18,13,1,[5, 6, 8, 13, 16, 22, 31, 39, 74, 213, 414, 422, 440],[1, 0, 0, 1, 0, 0, 1, 0, 0, 0, 0, 0, 0]
19,6,0,[11, 19, 40, 111, 420, 428],[1, 1, 0, 0, 0, 0]
20,13,2,[5, 6, 8, 13, 16, 22, 31, 39, 74, 213, 414, 422, 440],[1, 0, 0, 1, 0, 0, 1, 0, 0, 0, 0, 0, 0]
21,5,4,[17, 23, 76, 426, 432],[1, 1, 0, 0, 0]
22,13,0,[5, 6, 8, 13, 16, 22, 31, 39, 74, 213, 414, 422, 440],[1, 0, 0, 1, 0, 0, 1, 0, 0, 0, 0, 0, 0]
23,5,0,[17, 23, 76, 426, 432],[1, 1, 0, 0, 0]
24,13,2,[5, 6, 8, 13, 16, 22, 31, 39, 74, 213, 414, 422, 440],[1, 0, 0, 1, 0, 0, 1, 0, 0, 0, 0, 0, 0]
25,5,4,[17, 23, 76, 426, 432],[1, 1, 0, 0, 0]
26,13,2,[5, 6, 8, 13, 16, 22, 31, 39, 74, 213, 414, 422, 440],[1, 0, 0, 1, 0, 0, 1, 0, 0, 0, 0, 0, 0]
27,13,2,[5, 6, 8, 13, 16, 22, 31, 39, 74, 213, 414, 422, 440],[1, 0, 0, 1, 0, 0, 1, 0, 0, 0, 0, 0, 0]
28,6,1,[11, 19, 40, 111, 420, 428],[1, 1, 0, 0, 0, 0]
29,13,4,[5, 6, 8, 13, 16, 22, 31, 39, 74, 213, 414, 422, 440],[1, 0, 0, 1, 0, 0, 1, 0, 0, 0, 0, 0, 0]
30,5,4,[17, 23, 76, 426, 432],[1, 1, 0, 0, 0]
31,13,0,[5, 6, 8, 13, 16, 22, 31, 39, 74, 213, 414, 422, 440],[1, 0, 0, 1, 0, 0, 1, 0, 0, 0, 0, 0, 0]
32,5,4,[17, 23, 76, 426, 432],[1, 1, 0, 0, 0]
33,13,3,[5, 6, 8, 13, 16, 22, 31, 39, 74, 213, 414, 422, 440],[1, 0, 0, 1, 0, 0, 1, 0, 0, 0, 0, 0, 0]
34,6,1,[11, 19, 40, 111, 420, 428],[1, 1, 0, 0, 0, 0]
35,5,4,[17, 23, 76, 426, 432],[1, 1, 0, 0, 0]
36,5,4,[17, 23, 76, 426, 432],[1, 1, 0, 0, 0]
37,13,3,[5, 6, 8, 13, 16, 22, 31, 39, 74, 213, 414, 422, 440],[1, 0, 0, 1, 0, 0, 1, 0, 0, 0, 0, 0, 0]
38,5,5,[17, 23, 76, 426, 432],[1, 1, 0, 0, 0]
39,13,0,[5, 6, 8, 13, 16, 22, 31, 39, 74, 213, 414, 422, 440],[1, 0, 0, 1, 0, 0, 1, 0, 0, 0, 0, 0, 0]
40,6,0,[11, 19, 40, 111, 420, 428],[1, 1, 0, 0, 0, 0]
41,13,3,[5, 6, 8, 13, 16, 22, 31, 39, 74, 213, 414, 422, 440],[1, 0, 0, 1, 0, 0, 1, 0, 0, 0, 0, 0, 0]
42,5,4,[17, 23, 76, 426, 432],[1, 1, 0, 0, 0]
43,6,3,[11, 19, 40, 111, 420, 428],[1, 1, 0, 0, 0, 0]
44,13,2,[5, 6, 8, 13, 16, 22, 31, 39, 74, 213, 414, 422, 440],[1, 0, 0, 1, 0, 0, 1, 0, 0, 0, 0, 0, 0]
45,6,1,[11, 19, 40, 111, 420, 428],[1, 1, 0, 0, 0, 0]
46,5,5,[17, 23, 76, 426, 432],[1, 1, 0, 0, 0]
47,6,3,[11, 19, 40, 111, 420, 428],[1, 1, 0, 0, 0, 0]
48,6,1,[11, 19, 40, 111, 420, 428],[1, 1, 0, 0, 0, 0]
49,13,3,[5, 6, 8, 13, 16, 22, 31, 39, 74, 213, 414, 422, 440],[1, 0, 0, 1, 0, 0, 1, 0, 0, 0, 0, 0, 0]
50,5,4,[17, 23, 76, 426, 432],[1, 1, 0, 0, 0]
51,13,3,[5, 6, 8, 13, 16, 22, 31, 39, 74, 213, 414, 422, 440],[1, 0, 0, 1, 0, 0, 1, 0, 0, 0, 0, 0, 0]
52,5,1,[17, 23, 76, 426, 432],[1, 1, 0, 0, 0]
53,5,2,[17, 23, 76, 426, 432],[1, 1, 0, 0, 0]
54,6,1,[11, 19, 40, 111, 420, 428],[1, 1, 0, 0, 0, 0]
55,13,1,[5, 6, 8, 13, 16, 22, 31, 39, 74, 213, 414, 422, 440],[1, 0, 0, 1, 0, 0, 1, 0, 0, 0, 0, 0, 0]
56,13,1,[5, 6, 8, 13, 16, 22, 31, 39, 74, 213, 414, 422, 440],[1, 0, 0, 1, 0, 0, 1, 0, 0, 0, 0, 0, 0]
57,13,1,[5, 6, 8, 13, 16, 22, 31, 39, 74, 213, 414, 422, 440],[1, 0, 0, 1, 0, 0, 1, 0, 0, 0, 0, 0, 0]
58,13,1,[5, 6, 8, 13, 16, 22, 31, 39, 74, 213, 414, 422, 440],[1, 0, 0, 1, 0, 0, 1, 0, 0, 0, 0, 0, 0]
59,5,2,[17, 23, 76, 426, 432],[1, 1, 0, 0, 0]
60,5,4,[17, 23, 76, 426, 432],[1, 1, 0, 0, 0]
61,6,3,[11, 19, 40, 111, 420, 428],[1, 1, 0, 0, 0, 0]
62,13,4,[5, 6, 8, 13, 16, 22, 31, 39, 74, 213, 414, 422, 440],[1, 0, 0, 1, 0, 0, 1, 0, 0, 0, 0, 0, 0]
63,13,1,[5, 6, 8, 13, 16, 22, 31, 39, 74, 213, 414, 422, 440],[1, 0, 0, 1, 0, 0, 1, 0, 0, 0, 0, 0, 0]
64,5,4,[17, 23, 76, 426, 432],[1, 1, 0, 0, 0]
65,13,2,[5, 6, 8, 13, 16, 22, 31, 39, 74, 213, 414, 422, 440],[1, 0, 0, 1, 0, 0, 1, 0, 0, 0, 0, 0, 0]
66,13,1,[5, 6, 8, 13, 16, 22, 31, 39, 74, 213, 414, 422, 440],[1, 0, 0, 1, 0, 0, 1, 0, 0, 0, 0, 0, 0]
67,6,3,[11, 19, 40, 111, 420, 428],[1, 1, 0, 0, 0, 0]
68,5,5,[17, 23, 76, 426, 432],[1, 1, 0, 0, 0]
69,13,3,[5, 6, 8, 13, 16, 22, 31, 39, 74, 213, 414, 422, 440],[1, 0, 0, 1, 0, 0, 1, 0, 0, 0, 0, 0, 0]
70,13,3,[5, 6, 8, 13, 16, 22, 31, 39, 74, 213, 414, 422, 440],[1, 0, 0, 1, 0, 0, 1, 0, 0, 0, 0, 0, 0]
71,13,3,[5, 6, 8, 13, 16, 22, 31, 39, 74, 213, 414, 422, 440],[1, 0, 0, 1, 0, 0, 1, 0, 0, 0, 0, 0, 0]
72,5,4,[17, 23, 76, 426, 432],[1, 1, 0, 0, 0]
73,13,4,[5, 6, 8, 13, 16, 22, 31, 39, 74, 213, 414, 422, 440],[1, 0, 0, 1, 0, 0, 1, 0, 0, 0, 0, 0, 0]
74,13,0,[5, 6, 8, 13, 16, 22, 31, 39, 74, 213, 414, 422, 440],[1, 0, 0, 1, 0, 0, 1, 0, 0, 0, 0, 0, 0]
75,13,1,[5, 6, 8, 13, 16, 22, 31, 39, 74, 213, 414, 422, 440],[1, 0, 0, 1, 0, 0, 1, 0, 0, 0, 0, 0, 0]
76,5,0,[17, 23, 76, 426, 432],[1, 1, 0, 0, 0]
77,13,2,[5, 6, 8, 13, 16, 22, 31, 39, 74, 213, 414, 422, 440],[1, 0, 0, 1, 0, 0, 1, 0, 0, 0, 0, 0, 0]
78,13,2,[5, 6, 8, 13, 16, 22, 31, 39, 74, 213, 414, 422, 440],[1, 0, 0, 1, 0, 0, 1, 0, 0, 0, 0, 0, 0]
79,6,5,[11, 19, 40, 111, 420, 428],[1, 1, 0, 0, 0, 0]
80,13,1,[5, 6, 8, 13, 16, 22, 31, 39, 74, 213, 414, 422, 440],[1, 0, 0, 1, 0, 0, 1, 0, 0, 0, 0, 0, 0]
81,5,4,[17, 23, 76, 426, 432],[1, 1, 0, 0, 0]
82,6,4,[11, 19, 40, 111, 420, 428],[1, 1, 0, 0, 0, 0]
83,6,3,[11, 19, 40, 111, 420, 428],[1, 1, 0, 0, 0, 0]
84,13,3,[5, 6, 8, 13, 16, 22, 31, 39, 74, 213, 414, 422, 440],[1, 0, 0, 1, 0, 0, 1, 0, 0, 0, 0, 0, 0]
85,13,1,[5, 6, 8, 13, 16, 22, 31, 39, 74, 213, 414, 422, 440],[1, 0, 0, 1, 0, 0, 1, 0, 0, 0, 0, 0, 0]
86,6,2,[11, 19, 40, 111, 420, 428],[1, 1, 0, 0, 0, 0]
87,5,5,[17, 23, 76, 426, 432],[1, 1, 0, 0, 0]
88,5,1,[17, 23, 76, 426, 432],[1, 1, 0, 0, 0]
89,5,3,[17, 23, 76, 426, 432],[1, 1, 0, 0, 0]
90,13,1,[5, 6, 8, 13, 16, 22, 31, 39, 74, 213, 414, 422, 440],[1, 0, 0, 1, 0, 0, 1, 0, 0, 0, 0, 0, 0]
91,13,3,[5, 6, 8, 13, 16, 22, 31, 39, 74, 213, 414, 422, 440],[1, 0, 0, 1, 0, 0, 1, 0, 0, 0, 0, 0, 0]
92,13,3,[5, 6, 8, 13, 16, 22, 31, 39, 74, 213, 414, 422, 440],[1, 0, 0, 1, 0, 0, 1, 0, 0, 0, 0, 0, 0]
93,6,2,[11, 19, 40, 111, 420, 428],[1, 1, 0, 0, 0, 0]
94,13,4,[5, 6, 8, 13, 16, 22, 31, 39, 74, 213, 414, 422, 440],[1, 0, 0, 1, 0, 0, 1, 0, 0, 0, 0, 0, 0]
95,13,3,[5, 6, 8, 13, 16, 22, 31, 39, 74, 213, 414, 422, 440],[1, 0, 0, 1, 0, 0, 1, 0, 0, 0, 0, 0, 0]
96,13,1,[5, 6, 8, 13, 16, 22, 31, 39, 74, 213, 414, 422, 440],[1, 0, 0, 1, 0, 0, 1, 0, 0, 0, 0, 0, 0]
97,5,6,[17, 23, 76, 426, 432],[1, 1, 0, 0, 0]
98,13,1,[5, 6, 8, 13, 16, 22, 31, 39, 74, 213, 414, 422, 440],[1, 0, 0, 1, 0, 0, 1, 0, 0, 0, 0, 0, 0]
99,5,1,[17, 23, 76, 426, 432],[1, 1, 0, 0, 0]
100,13,3,[5, 6, 8, 13, 16, 22, 31, 39, 74, 213, 414, 422, 440],[1, 0, 0, 1, 0, 0, 1, 0, 0, 0, 0, 0, 0]
