1  1  [1, 1, 1, 1, 1, 1, 1, 1, 1, 1, 1, 1, 1, 1, 1, 1, 1, 1, 1]
2  5  [26, 15, 8, 6, 5, 26, 15, 8, 6, 5, 26, 15, 8, 6, 5, 26, 15, 8, 6]
3  5  [8, 6, 5, 26, 15, 8, 6, 5, 26, 15, 8, 6, 5, 26, 15, 8, 6, 5, 26]
4  1  [4, 4, 4, 4, 4, 4, 4, 4, 4, 4, 4, 4, 4, 4, 4, 4, 4, 4, 4]
5  5  [15, 8, 6, 5, 26, 15, 8, 6, 5, 26, 15, 8, 6, 5, 26, 15, 8, 6, 5]
6  5  [26, 15, 8, 6, 5, 26, 15, 8, 6, 5, 26, 15, 8, 6, 5, 26, 15, 8, 6]
7  5  [11, 32, 10, 7, 28, 11, 32, 10, 7, 28, 11, 32, 10, 7, 28, 11, 32, 10, 7]
8  5  [5, 26, 15, 8, 6, 5, 26, 15, 8, 6, 5, 26, 15, 8, 6, 5, 26, 15, 8]
9  5  [5, 26, 15, 8, 6, 5, 26, 15, 8, 6, 5, 26, 15, 8, 6, 5, 26, 15, 8]
10  5  [28, 11, 32, 10, 7, 28, 11, 32, 10, 7, 28, 11, 32, 10, 7, 28, 11, 32, 10]
11  5  [10, 7, 28, 11, 32, 10, 7, 28, 11, 32, 10, 7, 28, 11, 32, 10, 7, 28, 11]
12  5  [28, 11, 32, 10, 7, 28, 11, 32, 10, 7, 28, 11, 32, 10, 7, 28, 11, 32, 10]
13  5  [7, 28, 11, 32, 10, 7, 28, 11, 32, 10, 7, 28, 11, 32, 10, 7, 28, 11, 32]
14  5  [6, 5, 26, 15, 8, 6, 5, 26, 15, 8, 6, 5, 26, 15, 8, 6, 5, 26, 15]
15  5  [6, 5, 26, 15, 8, 6, 5, 26, 15, 8, 6, 5, 26, 15, 8, 6, 5, 26, 15]
16  5  [6, 5, 26, 15, 8, 6, 5, 26, 15, 8, 6, 5, 26, 15, 8, 6, 5, 26, 15]
17  5  [32, 10, 7, 28, 11, 32, 10, 7, 28, 11, 32, 10, 7, 28, 11, 32, 10, 7, 28]
18  5  [6, 5, 26, 15, 8, 6, 5, 26, 15, 8, 6, 5, 26, 15, 8, 6, 5, 26, 15]
19  5  [11, 32, 10, 7, 28, 11, 32, 10, 7, 28, 11, 32, 10, 7, 28, 11, 32, 10, 7]
20  5  [6, 5, 26, 15, 8, 6, 5, 26, 15, 8, 6, 5, 26, 15, 8, 6, 5, 26, 15]
21  5  [7, 28, 11, 32, 10, 7, 28, 11, 32, 10, 7, 28, 11, 32, 10, 7, 28, 11, 32]
22  5  [10, 7, 28, 11, 32, 10, 7, 28, 11, 32, 10, 7, 28, 11, 32, 10, 7, 28, 11]
23  5  [15, 8, 6, 5, 26, 15, 8, 6, 5, 26, 15, 8, 6, 5, 26, 15, 8, 6, 5]
24  5  [6, 5, 26, 15, 8, 6, 5, 26, 15, 8, 6, 5, 26, 15, 8, 6, 5, 26, 15]
25  5  [7, 28, 11, 32, 10, 7, 28, 11, 32, 10, 7, 28, 11, 32, 10, 7, 28, 11, 32]
26  5  [8, 6, 5, 26, 15, 8, 6, 5, 26, 15, 8, 6, 5, 26, 15, 8, 6, 5, 26]
27  5  [6, 5, 26, 15, 8, 6, 5, 26, 15, 8, 6, 5, 26, 15, 8, 6, 5, 26, 15]
28  5  [32, 10, 7, 28, 11, 32, 10, 7, 28, 11, 32, 10, 7, 28, 11, 32, 10, 7, 28]
29  5  [10, 7, 28, 11, 32, 10, 7, 28, 11, 32, 10, 7, 28, 11, 32, 10, 7, 28, 11]
30  5  [7, 28, 11, 32, 10, 7, 28, 11, 32, 10, 7, 28, 11, 32, 10, 7, 28, 11, 32]
31  5  [28, 11, 32, 10, 7, 28, 11, 32, 10, 7, 28, 11, 32, 10, 7, 28, 11, 32, 10]
32  5  [7, 28, 11, 32, 10, 7, 28, 11, 32, 10, 7, 28, 11, 32, 10, 7, 28, 11, 32]
33  5  [8, 6, 5, 26, 15, 8, 6, 5, 26, 15, 8, 6, 5, 26, 15, 8, 6, 5, 26]
34  5  [28, 11, 32, 10, 7, 28, 11, 32, 10, 7, 28, 11, 32, 10, 7, 28, 11, 32, 10]
35  5  [7, 28, 11, 32, 10, 7, 28, 11, 32, 10, 7, 28, 11, 32, 10, 7, 28, 11, 32]
36  5  [7, 28, 11, 32, 10, 7, 28, 11, 32, 10, 7, 28, 11, 32, 10, 7, 28, 11, 32]
37  5  [10, 7, 28, 11, 32, 10, 7, 28, 11, 32, 10, 7, 28, 11, 32, 10, 7, 28, 11]
38  5  [10, 7, 28, 11, 32, 10, 7, 28, 11, 32, 10, 7, 28, 11, 32, 10, 7, 28, 11]
39  5  [8, 6, 5, 26, 15, 8, 6, 5, 26, 15, 8, 6, 5, 26, 15, 8, 6, 5, 26]
40  5  [32, 10, 7, 28, 11, 32, 10, 7, 28, 11, 32, 10, 7, 28, 11, 32, 10, 7, 28]
41  5  [26, 15, 8, 6, 5, 26, 15, 8, 6, 5, 26, 15, 8, 6, 5, 26, 15, 8, 6]
42  5  [7, 28, 11, 32, 10, 7, 28, 11, 32, 10, 7, 28, 11, 32, 10, 7, 28, 11, 32]
43  5  [10, 7, 28, 11, 32, 10, 7, 28, 11, 32, 10, 7, 28, 11, 32, 10, 7, 28, 11]
44  5  [8, 6, 5, 26, 15, 8, 6, 5, 26, 15, 8, 6, 5, 26, 15, 8, 6, 5, 26]
45  5  [32, 10, 7, 28, 11, 32, 10, 7, 28, 11, 32, 10, 7, 28, 11, 32, 10, 7, 28]
46  5  [10, 7, 28, 11, 32, 10, 7, 28, 11, 32, 10, 7, 28, 11, 32, 10, 7, 28, 11]
47  5  [32, 10, 7, 28, 11, 32, 10, 7, 28, 11, 32, 10, 7, 28, 11, 32, 10, 7, 28]
48  5  [32, 10, 7, 28, 11, 32, 10, 7, 28, 11, 32, 10, 7, 28, 11, 32, 10, 7, 28]
49  5  [8, 6, 5, 26, 15, 8, 6, 5, 26, 15, 8, 6, 5, 26, 15, 8, 6, 5, 26]
50  5  [7, 28, 11, 32, 10, 7, 28, 11, 32, 10, 7, 28, 11, 32, 10, 7, 28, 11, 32]
51  5  [8, 6, 5, 26, 15, 8, 6, 5, 26, 15, 8, 6, 5, 26, 15, 8, 6, 5, 26]
52  5  [11, 32, 10, 7, 28, 11, 32, 10, 7, 28, 11, 32, 10, 7, 28, 11, 32, 10, 7]
53  5  [26, 15, 8, 6, 5, 26, 15, 8, 6, 5, 26, 15, 8, 6, 5, 26, 15, 8, 6]
54  5  [32, 10, 7, 28, 11, 32, 10, 7, 28, 11, 32, 10, 7, 28, 11, 32, 10, 7, 28]
55  5  [8, 6, 5, 26, 15, 8, 6, 5, 26, 15, 8, 6, 5, 26, 15, 8, 6, 5, 26]
56  5  [10, 7, 28, 11, 32, 10, 7, 28, 11, 32, 10, 7, 28, 11, 32, 10, 7, 28, 11]
57  5  [32, 10, 7, 28, 11, 32, 10, 7, 28, 11, 32, 10, 7, 28, 11, 32, 10, 7, 28]
58  5  [7, 28, 11, 32, 10, 7, 28, 11, 32, 10, 7, 28, 11, 32, 10, 7, 28, 11, 32]
59  5  [32, 10, 7, 28, 11, 32, 10, 7, 28, 11, 32, 10, 7, 28, 11, 32, 10, 7, 28]
60  5  [7, 28, 11, 32, 10, 7, 28, 11, 32, 10, 7, 28, 11, 32, 10, 7, 28, 11, 32]
61  5  [11, 32, 10, 7, 28, 11, 32, 10, 7, 28, 11, 32, 10, 7, 28, 11, 32, 10, 7]
62  5  [15, 8, 6, 5, 26, 15, 8, 6, 5, 26, 15, 8, 6, 5, 26, 15, 8, 6, 5]
63  5  [10, 7, 28, 11, 32, 10, 7, 28, 11, 32, 10, 7, 28, 11, 32, 10, 7, 28, 11]
64  5  [7, 28, 11, 32, 10, 7, 28, 11, 32, 10, 7, 28, 11, 32, 10, 7, 28, 11, 32]
65  5  [8, 6, 5, 26, 15, 8, 6, 5, 26, 15, 8, 6, 5, 26, 15, 8, 6, 5, 26]
66  5  [8, 6, 5, 26, 15, 8, 6, 5, 26, 15, 8, 6, 5, 26, 15, 8, 6, 5, 26]
67  5  [28, 11, 32, 10, 7, 28, 11, 32, 10, 7, 28, 11, 32, 10, 7, 28, 11, 32, 10]
68  5  [10, 7, 28, 11, 32, 10, 7, 28, 11, 32, 10, 7, 28, 11, 32, 10, 7, 28, 11]
69  5  [15, 8, 6, 5, 26, 15, 8, 6, 5, 26, 15, 8, 6, 5, 26, 15, 8, 6, 5]
70  5  [8, 6, 5, 26, 15, 8, 6, 5, 26, 15, 8, 6, 5, 26, 15, 8, 6, 5, 26]
71  5  [15, 8, 6, 5, 26, 15, 8, 6, 5, 26, 15, 8, 6, 5, 26, 15, 8, 6, 5]
72  5  [7, 28, 11, 32, 10, 7, 28, 11, 32, 10, 7, 28, 11, 32, 10, 7, 28, 11, 32]
73  5  [26, 15, 8, 6, 5, 26, 15, 8, 6, 5, 26, 15, 8, 6, 5, 26, 15, 8, 6]
74  5  [15, 8, 6, 5, 26, 15, 8, 6, 5, 26, 15, 8, 6, 5, 26, 15, 8, 6, 5]
75  5  [10, 7, 28, 11, 32, 10, 7, 28, 11, 32, 10, 7, 28, 11, 32, 10, 7, 28, 11]
76  5  [26, 15, 8, 6, 5, 26, 15, 8, 6, 5, 26, 15, 8, 6, 5, 26, 15, 8, 6]
77  5  [8, 6, 5, 26, 15, 8, 6, 5, 26, 15, 8, 6, 5, 26, 15, 8, 6, 5, 26]
78  5  [8, 6, 5, 26, 15, 8, 6, 5, 26, 15, 8, 6, 5, 26, 15, 8, 6, 5, 26]
79  5  [15, 8, 6, 5, 26, 15, 8, 6, 5, 26, 15, 8, 6, 5, 26, 15, 8, 6, 5]
80  5  [10, 7, 28, 11, 32, 10, 7, 28, 11, 32, 10, 7, 28, 11, 32, 10, 7, 28, 11]
81  5  [7, 28, 11, 32, 10, 7, 28, 11, 32, 10, 7, 28, 11, 32, 10, 7, 28, 11, 32]
82  5  [32, 10, 7, 28, 11, 32, 10, 7, 28, 11, 32, 10, 7, 28, 11, 32, 10, 7, 28]
83  5  [7, 28, 11, 32, 10, 7, 28, 11, 32, 10, 7, 28, 11, 32, 10, 7, 28, 11, 32]
84  5  [8, 6, 5, 26, 15, 8, 6, 5, 26, 15, 8, 6, 5, 26, 15, 8, 6, 5, 26]
85  5  [32, 10, 7, 28, 11, 32, 10, 7, 28, 11, 32, 10, 7, 28, 11, 32, 10, 7, 28]
86  5  [11, 32, 10, 7, 28, 11, 32, 10, 7, 28, 11, 32, 10, 7, 28, 11, 32, 10, 7]
87  5  [10, 7, 28, 11, 32, 10, 7, 28, 11, 32, 10, 7, 28, 11, 32, 10, 7, 28, 11]
88  5  [11, 32, 10, 7, 28, 11, 32, 10, 7, 28, 11, 32, 10, 7, 28, 11, 32, 10, 7]
89  5  [15, 8, 6, 5, 26, 15, 8, 6, 5, 26, 15, 8, 6, 5, 26, 15, 8, 6, 5]
90  5  [10, 7, 28, 11, 32, 10, 7, 28, 11, 32, 10, 7, 28, 11, 32, 10, 7, 28, 11]
91  5  [8, 6, 5, 26, 15, 8, 6, 5, 26, 15, 8, 6, 5, 26, 15, 8, 6, 5, 26]
92  5  [8, 6, 5, 26, 15, 8, 6, 5, 26, 15, 8, 6, 5, 26, 15, 8, 6, 5, 26]
93  5  [7, 28, 11, 32, 10, 7, 28, 11, 32, 10, 7, 28, 11, 32, 10, 7, 28, 11, 32]
94  5  [15, 8, 6, 5, 26, 15, 8, 6, 5, 26, 15, 8, 6, 5, 26, 15, 8, 6, 5]
95  5  [8, 6, 5, 26, 15, 8, 6, 5, 26, 15, 8, 6, 5, 26, 15, 8, 6, 5, 26]
96  5  [10, 7, 28, 11, 32, 10, 7, 28, 11, 32, 10, 7, 28, 11, 32, 10, 7, 28, 11]
97  5  [7, 28, 11, 32, 10, 7, 28, 11, 32, 10, 7, 28, 11, 32, 10, 7, 28, 11, 32]
98  5  [8, 6, 5, 26, 15, 8, 6, 5, 26, 15, 8, 6, 5, 26, 15, 8, 6, 5, 26]
99  5  [11, 32, 10, 7, 28, 11, 32, 10, 7, 28, 11, 32, 10, 7, 28, 11, 32, 10, 7]
100  5  [8, 6, 5, 26, 15, 8, 6, 5, 26, 15, 8, 6, 5, 26, 15, 8, 6, 5, 26]
101  5  [11, 32, 10, 7, 28, 11, 32, 10, 7, 28, 11, 32, 10, 7, 28, 11, 32, 10, 7]
102  5  [32, 10, 7, 28, 11, 32, 10, 7, 28, 11, 32, 10, 7, 28, 11, 32, 10, 7, 28]
103  5  [32, 10, 7, 28, 11, 32, 10, 7, 28, 11, 32, 10, 7, 28, 11, 32, 10, 7, 28]
104  5  [28, 11, 32, 10, 7, 28, 11, 32, 10, 7, 28, 11, 32, 10, 7, 28, 11, 32, 10]
