1  1  [1]
2  11  [12, 7, 45, 11, 49, 14, 9, 6, 5, 43, 81]
3  11  [9, 6, 5, 43, 81, 12, 7, 45, 11, 49, 14]
4  1  [4]
5  11  [6, 5, 43, 81, 12, 7, 45, 11, 49, 14, 9]
6  11  [9, 6, 5, 43, 81, 12, 7, 45, 11, 49, 14]
7  11  [12, 7, 45, 11, 49, 14, 9, 6, 5, 43, 81]
8  11  [14, 9, 6, 5, 43, 81, 12, 7, 45, 11, 49]
9  11  [14, 9, 6, 5, 43, 81, 12, 7, 45, 11, 49]
10  11  [81, 12, 7, 45, 11, 49, 14, 9, 6, 5, 43]
11  11  [45, 11, 49, 14, 9, 6, 5, 43, 81, 12, 7]
12  11  [81, 12, 7, 45, 11, 49, 14, 9, 6, 5, 43]
13  11  [45, 11, 49, 14, 9, 6, 5, 43, 81, 12, 7]
14  11  [49, 14, 9, 6, 5, 43, 81, 12, 7, 45, 11]
15  11  [49, 14, 9, 6, 5, 43, 81, 12, 7, 45, 11]
16  11  [49, 14, 9, 6, 5, 43, 81, 12, 7, 45, 11]
17  11  [45, 11, 49, 14, 9, 6, 5, 43, 81, 12, 7]
18  11  [49, 14, 9, 6, 5, 43, 81, 12, 7, 45, 11]
19  11  [81, 12, 7, 45, 11, 49, 14, 9, 6, 5, 43]
20  11  [49, 14, 9, 6, 5, 43, 81, 12, 7, 45, 11]
21  11  [43, 81, 12, 7, 45, 11, 49, 14, 9, 6, 5]
22  11  [7, 45, 11, 49, 14, 9, 6, 5, 43, 81, 12]
23  11  [81, 12, 7, 45, 11, 49, 14, 9, 6, 5, 43]
24  11  [49, 14, 9, 6, 5, 43, 81, 12, 7, 45, 11]
25  11  [43, 81, 12, 7, 45, 11, 49, 14, 9, 6, 5]
26  11  [11, 49, 14, 9, 6, 5, 43, 81, 12, 7, 45]
27  11  [49, 14, 9, 6, 5, 43, 81, 12, 7, 45, 11]
28  11  [7, 45, 11, 49, 14, 9, 6, 5, 43, 81, 12]
29  11  [7, 45, 11, 49, 14, 9, 6, 5, 43, 81, 12]
30  11  [43, 81, 12, 7, 45, 11, 49, 14, 9, 6, 5]
31  11  [7, 45, 11, 49, 14, 9, 6, 5, 43, 81, 12]
32  11  [43, 81, 12, 7, 45, 11, 49, 14, 9, 6, 5]
33  11  [11, 49, 14, 9, 6, 5, 43, 81, 12, 7, 45]
34  11  [43, 81, 12, 7, 45, 11, 49, 14, 9, 6, 5]
35  11  [43, 81, 12, 7, 45, 11, 49, 14, 9, 6, 5]
36  11  [43, 81, 12, 7, 45, 11, 49, 14, 9, 6, 5]
37  11  [12, 7, 45, 11, 49, 14, 9, 6, 5, 43, 81]
38  11  [5, 43, 81, 12, 7, 45, 11, 49, 14, 9, 6]
39  11  [11, 49, 14, 9, 6, 5, 43, 81, 12, 7, 45]
40  11  [7, 45, 11, 49, 14, 9, 6, 5, 43, 81, 12]
41  11  [6, 5, 43, 81, 12, 7, 45, 11, 49, 14, 9]
42  11  [43, 81, 12, 7, 45, 11, 49, 14, 9, 6, 5]
43  11  [5, 43, 81, 12, 7, 45, 11, 49, 14, 9, 6]
44  11  [11, 49, 14, 9, 6, 5, 43, 81, 12, 7, 45]
45  11  [7, 45, 11, 49, 14, 9, 6, 5, 43, 81, 12]
46  11  [5, 43, 81, 12, 7, 45, 11, 49, 14, 9, 6]
47  11  [81, 12, 7, 45, 11, 49, 14, 9, 6, 5, 43]
48  11  [7, 45, 11, 49, 14, 9, 6, 5, 43, 81, 12]
49  11  [11, 49, 14, 9, 6, 5, 43, 81, 12, 7, 45]
50  11  [43, 81, 12, 7, 45, 11, 49, 14, 9, 6, 5]
51  11  [11, 49, 14, 9, 6, 5, 43, 81, 12, 7, 45]
52  11  [7, 45, 11, 49, 14, 9, 6, 5, 43, 81, 12]
53  11  [45, 11, 49, 14, 9, 6, 5, 43, 81, 12, 7]
54  11  [7, 45, 11, 49, 14, 9, 6, 5, 43, 81, 12]
55  11  [11, 49, 14, 9, 6, 5, 43, 81, 12, 7, 45]
56  11  [7, 45, 11, 49, 14, 9, 6, 5, 43, 81, 12]
57  11  [12, 7, 45, 11, 49, 14, 9, 6, 5, 43, 81]
58  11  [12, 7, 45, 11, 49, 14, 9, 6, 5, 43, 81]
59  11  [7, 45, 11, 49, 14, 9, 6, 5, 43, 81, 12]
60  11  [43, 81, 12, 7, 45, 11, 49, 14, 9, 6, 5]
61  11  [12, 7, 45, 11, 49, 14, 9, 6, 5, 43, 81]
62  11  [45, 11, 49, 14, 9, 6, 5, 43, 81, 12, 7]
63  11  [7, 45, 11, 49, 14, 9, 6, 5, 43, 81, 12]
64  11  [43, 81, 12, 7, 45, 11, 49, 14, 9, 6, 5]
65  11  [11, 49, 14, 9, 6, 5, 43, 81, 12, 7, 45]
66  11  [11, 49, 14, 9, 6, 5, 43, 81, 12, 7, 45]
67  11  [45, 11, 49, 14, 9, 6, 5, 43, 81, 12, 7]
68  11  [5, 43, 81, 12, 7, 45, 11, 49, 14, 9, 6]
69  11  [45, 11, 49, 14, 9, 6, 5, 43, 81, 12, 7]
70  11  [11, 49, 14, 9, 6, 5, 43, 81, 12, 7, 45]
71  11  [81, 12, 7, 45, 11, 49, 14, 9, 6, 5, 43]
72  11  [43, 81, 12, 7, 45, 11, 49, 14, 9, 6, 5]
73  11  [81, 12, 7, 45, 11, 49, 14, 9, 6, 5, 43]
74  11  [45, 11, 49, 14, 9, 6, 5, 43, 81, 12, 7]
75  11  [7, 45, 11, 49, 14, 9, 6, 5, 43, 81, 12]
76  11  [43, 81, 12, 7, 45, 11, 49, 14, 9, 6, 5]
77  11  [11, 49, 14, 9, 6, 5, 43, 81, 12, 7, 45]
78  11  [11, 49, 14, 9, 6, 5, 43, 81, 12, 7, 45]
79  11  [5, 43, 81, 12, 7, 45, 11, 49, 14, 9, 6]
80  11  [7, 45, 11, 49, 14, 9, 6, 5, 43, 81, 12]
81  11  [43, 81, 12, 7, 45, 11, 49, 14, 9, 6, 5]
82  11  [6, 5, 43, 81, 12, 7, 45, 11, 49, 14, 9]
83  11  [81, 12, 7, 45, 11, 49, 14, 9, 6, 5, 43]
84  11  [11, 49, 14, 9, 6, 5, 43, 81, 12, 7, 45]
85  11  [12, 7, 45, 11, 49, 14, 9, 6, 5, 43, 81]
86  11  [12, 7, 45, 11, 49, 14, 9, 6, 5, 43, 81]
87  11  [5, 43, 81, 12, 7, 45, 11, 49, 14, 9, 6]
88  11  [7, 45, 11, 49, 14, 9, 6, 5, 43, 81, 12]
89  11  [6, 5, 43, 81, 12, 7, 45, 11, 49, 14, 9]
90  11  [7, 45, 11, 49, 14, 9, 6, 5, 43, 81, 12]
91  11  [11, 49, 14, 9, 6, 5, 43, 81, 12, 7, 45]
92  11  [11, 49, 14, 9, 6, 5, 43, 81, 12, 7, 45]
93  11  [5, 43, 81, 12, 7, 45, 11, 49, 14, 9, 6]
94  11  [45, 11, 49, 14, 9, 6, 5, 43, 81, 12, 7]
95  11  [11, 49, 14, 9, 6, 5, 43, 81, 12, 7, 45]
96  11  [7, 45, 11, 49, 14, 9, 6, 5, 43, 81, 12]
97  11  [45, 11, 49, 14, 9, 6, 5, 43, 81, 12, 7]
98  11  [11, 49, 14, 9, 6, 5, 43, 81, 12, 7, 45]
99  11  [7, 45, 11, 49, 14, 9, 6, 5, 43, 81, 12]
100  11  [11, 49, 14, 9, 6, 5, 43, 81, 12, 7, 45]
101  11  [81, 12, 7, 45, 11, 49, 14, 9, 6, 5, 43]
102  11  [12, 7, 45, 11, 49, 14, 9, 6, 5, 43, 81]
103  11  [6, 5, 43, 81, 12, 7, 45, 11, 49, 14, 9]
104  11  [43, 81, 12, 7, 45, 11, 49, 14, 9, 6, 5]
