1  1  [1]
2  5  [5, 150, 15, 8, 6]
3  4  [25, 10, 7, 152]
4  1  [4]
5  5  [15, 8, 6, 5, 150]
6  5  [150, 15, 8, 6, 5]
7  4  [7, 152, 25, 10]
8  5  [5, 150, 15, 8, 6]
9  5  [5, 150, 15, 8, 6]
10  4  [10, 7, 152, 25]
11  5  [15, 8, 6, 5, 150]
12  4  [10, 7, 152, 25]
13  4  [7, 152, 25, 10]
14  5  [6, 5, 150, 15, 8]
15  5  [6, 5, 150, 15, 8]
16  5  [6, 5, 150, 15, 8]
17  5  [15, 8, 6, 5, 150]
18  5  [6, 5, 150, 15, 8]
19  5  [6, 5, 150, 15, 8]
20  5  [6, 5, 150, 15, 8]
21  4  [25, 10, 7, 152]
22  4  [10, 7, 152, 25]
23  5  [15, 8, 6, 5, 150]
24  5  [6, 5, 150, 15, 8]
25  4  [25, 10, 7, 152]
26  5  [8, 6, 5, 150, 15]
27  5  [6, 5, 150, 15, 8]
28  5  [150, 15, 8, 6, 5]
29  5  [150, 15, 8, 6, 5]
30  4  [25, 10, 7, 152]
31  5  [15, 8, 6, 5, 150]
32  4  [25, 10, 7, 152]
33  5  [8, 6, 5, 150, 15]
34  5  [8, 6, 5, 150, 15]
35  4  [25, 10, 7, 152]
36  4  [25, 10, 7, 152]
37  4  [152, 25, 10, 7]
38  4  [152, 25, 10, 7]
39  5  [8, 6, 5, 150, 15]
40  5  [150, 15, 8, 6, 5]
41  4  [7, 152, 25, 10]
42  4  [25, 10, 7, 152]
43  5  [150, 15, 8, 6, 5]
44  5  [8, 6, 5, 150, 15]
45  5  [150, 15, 8, 6, 5]
46  4  [152, 25, 10, 7]
47  5  [15, 8, 6, 5, 150]
48  5  [150, 15, 8, 6, 5]
49  5  [8, 6, 5, 150, 15]
50  4  [25, 10, 7, 152]
51  5  [8, 6, 5, 150, 15]
52  5  [150, 15, 8, 6, 5]
53  5  [15, 8, 6, 5, 150]
54  5  [150, 15, 8, 6, 5]
55  5  [8, 6, 5, 150, 15]
56  4  [10, 7, 152, 25]
57  4  [25, 10, 7, 152]
58  5  [150, 15, 8, 6, 5]
59  5  [15, 8, 6, 5, 150]
60  4  [25, 10, 7, 152]
61  5  [150, 15, 8, 6, 5]
62  5  [15, 8, 6, 5, 150]
63  4  [10, 7, 152, 25]
64  4  [25, 10, 7, 152]
65  5  [8, 6, 5, 150, 15]
66  5  [8, 6, 5, 150, 15]
67  4  [7, 152, 25, 10]
68  4  [152, 25, 10, 7]
69  5  [15, 8, 6, 5, 150]
70  5  [8, 6, 5, 150, 15]
71  5  [15, 8, 6, 5, 150]
72  4  [25, 10, 7, 152]
73  5  [8, 6, 5, 150, 15]
74  5  [15, 8, 6, 5, 150]
75  4  [10, 7, 152, 25]
76  5  [150, 15, 8, 6, 5]
77  5  [8, 6, 5, 150, 15]
78  5  [8, 6, 5, 150, 15]
79  5  [5, 150, 15, 8, 6]
80  4  [10, 7, 152, 25]
81  4  [25, 10, 7, 152]
82  5  [5, 150, 15, 8, 6]
83  5  [150, 15, 8, 6, 5]
84  5  [8, 6, 5, 150, 15]
85  4  [25, 10, 7, 152]
86  5  [5, 150, 15, 8, 6]
87  4  [152, 25, 10, 7]
88  5  [150, 15, 8, 6, 5]
89  4  [7, 152, 25, 10]
90  4  [10, 7, 152, 25]
91  5  [8, 6, 5, 150, 15]
92  5  [8, 6, 5, 150, 15]
93  5  [15, 8, 6, 5, 150]
94  5  [15, 8, 6, 5, 150]
95  5  [8, 6, 5, 150, 15]
96  4  [10, 7, 152, 25]
97  5  [15, 8, 6, 5, 150]
98  5  [8, 6, 5, 150, 15]
99  5  [150, 15, 8, 6, 5]
100  5  [8, 6, 5, 150, 15]
101  4  [10, 7, 152, 25]
102  4  [25, 10, 7, 152]
103  4  [10, 7, 152, 25]
104  5  [8, 6, 5, 150, 15]
