1,1,0,[1],[0]
2,9,5,[5, 6, 8, 15, 26, 107, 340, 909, 1011],[1, 0, 0, 0, 0, 1, 0, 0, 0]
3,9,6,[5, 6, 8, 15, 26, 107, 340, 909, 1011],[1, 0, 0, 0, 0, 1, 0, 0, 0]
4,1,0,[4],[0]
5,9,0,[5, 6, 8, 15, 26, 107, 340, 909, 1011],[1, 0, 0, 0, 0, 1, 0, 0, 0]
6,9,0,[5, 6, 8, 15, 26, 107, 340, 909, 1011],[1, 0, 0, 0, 0, 1, 0, 0, 0]
7,5,0,[7, 10, 30, 911, 1815],[1, 0, 0, 1, 0]
8,9,0,[5, 6, 8, 15, 26, 107, 340, 909, 1011],[1, 0, 0, 0, 0, 1, 0, 0, 0]
9,9,1,[5, 6, 8, 15, 26, 107, 340, 909, 1011],[1, 0, 0, 0, 0, 1, 0, 0, 0]
10,5,0,[7, 10, 30, 911, 1815],[1, 0, 0, 1, 0]
11,9,3,[5, 6, 8, 15, 26, 107, 340, 909, 1011],[1, 0, 0, 0, 0, 1, 0, 0, 0]
12,5,1,[7, 10, 30, 911, 1815],[1, 0, 0, 1, 0]
13,9,7,[5, 6, 8, 15, 26, 107, 340, 909, 1011],[1, 0, 0, 0, 0, 1, 0, 0, 0]
14,9,2,[5, 6, 8, 15, 26, 107, 340, 909, 1011],[1, 0, 0, 0, 0, 1, 0, 0, 0]
15,9,0,[5, 6, 8, 15, 26, 107, 340, 909, 1011],[1, 0, 0, 0, 0, 1, 0, 0, 0]
16,9,1,[5, 6, 8, 15, 26, 107, 340, 909, 1011],[1, 0, 0, 0, 0, 1, 0, 0, 0]
17,5,5,[7, 10, 30, 911, 1815],[1, 0, 0, 1, 0]
18,9,1,[5, 6, 8, 15, 26, 107, 340, 909, 1011],[1, 0, 0, 0, 0, 1, 0, 0, 0]
19,9,5,[5, 6, 8, 15, 26, 107, 340, 909, 1011],[1, 0, 0, 0, 0, 1, 0, 0, 0]
20,9,2,[5, 6, 8, 15, 26, 107, 340, 909, 1011],[1, 0, 0, 0, 0, 1, 0, 0, 0]
21,5,1,[7, 10, 30, 911, 1815],[1, 0, 0, 1, 0]
22,9,8,[5, 6, 8, 15, 26, 107, 340, 909, 1011],[1, 0, 0, 0, 0, 1, 0, 0, 0]
23,9,13,[5, 6, 8, 15, 26, 107, 340, 909, 1011],[1, 0, 0, 0, 0, 1, 0, 0, 0]
24,9,2,[5, 6, 8, 15, 26, 107, 340, 909, 1011],[1, 0, 0, 0, 0, 1, 0, 0, 0]
25,5,1,[7, 10, 30, 911, 1815],[1, 0, 0, 1, 0]
26,9,0,[5, 6, 8, 15, 26, 107, 340, 909, 1011],[1, 0, 0, 0, 0, 1, 0, 0, 0]
27,9,2,[5, 6, 8, 15, 26, 107, 340, 909, 1011],[1, 0, 0, 0, 0, 1, 0, 0, 0]
28,9,4,[5, 6, 8, 15, 26, 107, 340, 909, 1011],[1, 0, 0, 0, 0, 1, 0, 0, 0]
29,9,12,[5, 6, 8, 15, 26, 107, 340, 909, 1011],[1, 0, 0, 0, 0, 1, 0, 0, 0]
30,5,0,[7, 10, 30, 911, 1815],[1, 0, 0, 1, 0]
31,9,5,[5, 6, 8, 15, 26, 107, 340, 909, 1011],[1, 0, 0, 0, 0, 1, 0, 0, 0]
32,5,1,[7, 10, 30, 911, 1815],[1, 0, 0, 1, 0]
33,9,3,[5, 6, 8, 15, 26, 107, 340, 909, 1011],[1, 0, 0, 0, 0, 1, 0, 0, 0]
34,9,6,[5, 6, 8, 15, 26, 107, 340, 909, 1011],[1, 0, 0, 0, 0, 1, 0, 0, 0]
35,5,2,[7, 10, 30, 911, 1815],[1, 0, 0, 1, 0]
36,5,1,[7, 10, 30, 911, 1815],[1, 0, 0, 1, 0]
37,5,9,[7, 10, 30, 911, 1815],[1, 0, 0, 1, 0]
38,5,2,[7, 10, 30, 911, 1815],[1, 0, 0, 1, 0]
39,9,2,[5, 6, 8, 15, 26, 107, 340, 909, 1011],[1, 0, 0, 0, 0, 1, 0, 0, 0]
40,9,4,[5, 6, 8, 15, 26, 107, 340, 909, 1011],[1, 0, 0, 0, 0, 1, 0, 0, 0]
41,5,3,[7, 10, 30, 911, 1815],[1, 0, 0, 1, 0]
42,5,2,[7, 10, 30, 911, 1815],[1, 0, 0, 1, 0]
43,9,8,[5, 6, 8, 15, 26, 107, 340, 909, 1011],[1, 0, 0, 0, 0, 1, 0, 0, 0]
44,9,1,[5, 6, 8, 15, 26, 107, 340, 909, 1011],[1, 0, 0, 0, 0, 1, 0, 0, 0]
45,9,4,[5, 6, 8, 15, 26, 107, 340, 909, 1011],[1, 0, 0, 0, 0, 1, 0, 0, 0]
46,5,2,[7, 10, 30, 911, 1815],[1, 0, 0, 1, 0]
47,5,8,[7, 10, 30, 911, 1815],[1, 0, 0, 1, 0]
48,9,4,[5, 6, 8, 15, 26, 107, 340, 909, 1011],[1, 0, 0, 0, 0, 1, 0, 0, 0]
49,9,3,[5, 6, 8, 15, 26, 107, 340, 909, 1011],[1, 0, 0, 0, 0, 1, 0, 0, 0]
50,5,2,[7, 10, 30, 911, 1815],[1, 0, 0, 1, 0]
51,9,3,[5, 6, 8, 15, 26, 107, 340, 909, 1011],[1, 0, 0, 0, 0, 1, 0, 0, 0]
52,5,6,[7, 10, 30, 911, 1815],[1, 0, 0, 1, 0]
53,9,10,[5, 6, 8, 15, 26, 107, 340, 909, 1011],[1, 0, 0, 0, 0, 1, 0, 0, 0]
54,9,4,[5, 6, 8, 15, 26, 107, 340, 909, 1011],[1, 0, 0, 0, 0, 1, 0, 0, 0]
55,9,2,[5, 6, 8, 15, 26, 107, 340, 909, 1011],[1, 0, 0, 0, 0, 1, 0, 0, 0]
56,9,8,[5, 6, 8, 15, 26, 107, 340, 909, 1011],[1, 0, 0, 0, 0, 1, 0, 0, 0]
57,9,9,[5, 6, 8, 15, 26, 107, 340, 909, 1011],[1, 0, 0, 0, 0, 1, 0, 0, 0]
58,9,6,[5, 6, 8, 15, 26, 107, 340, 909, 1011],[1, 0, 0, 0, 0, 1, 0, 0, 0]
59,9,7,[5, 6, 8, 15, 26, 107, 340, 909, 1011],[1, 0, 0, 0, 0, 1, 0, 0, 0]
60,5,2,[7, 10, 30, 911, 1815],[1, 0, 0, 1, 0]
61,9,8,[5, 6, 8, 15, 26, 107, 340, 909, 1011],[1, 0, 0, 0, 0, 1, 0, 0, 0]
62,9,4,[5, 6, 8, 15, 26, 107, 340, 909, 1011],[1, 0, 0, 0, 0, 1, 0, 0, 0]
63,9,8,[5, 6, 8, 15, 26, 107, 340, 909, 1011],[1, 0, 0, 0, 0, 1, 0, 0, 0]
64,5,2,[7, 10, 30, 911, 1815],[1, 0, 0, 1, 0]
65,9,2,[5, 6, 8, 15, 26, 107, 340, 909, 1011],[1, 0, 0, 0, 0, 1, 0, 0, 0]
66,9,2,[5, 6, 8, 15, 26, 107, 340, 909, 1011],[1, 0, 0, 0, 0, 1, 0, 0, 0]
67,9,16,[5, 6, 8, 15, 26, 107, 340, 909, 1011],[1, 0, 0, 0, 0, 1, 0, 0, 0]
68,5,2,[7, 10, 30, 911, 1815],[1, 0, 0, 1, 0]
69,9,1,[5, 6, 8, 15, 26, 107, 340, 909, 1011],[1, 0, 0, 0, 0, 1, 0, 0, 0]
70,9,3,[5, 6, 8, 15, 26, 107, 340, 909, 1011],[1, 0, 0, 0, 0, 1, 0, 0, 0]
71,9,2,[5, 6, 8, 15, 26, 107, 340, 909, 1011],[1, 0, 0, 0, 0, 1, 0, 0, 0]
72,5,2,[7, 10, 30, 911, 1815],[1, 0, 0, 1, 0]
73,5,4,[7, 10, 30, 911, 1815],[1, 0, 0, 1, 0]
74,9,3,[5, 6, 8, 15, 26, 107, 340, 909, 1011],[1, 0, 0, 0, 0, 1, 0, 0, 0]
75,9,8,[5, 6, 8, 15, 26, 107, 340, 909, 1011],[1, 0, 0, 0, 0, 1, 0, 0, 0]
76,9,14,[5, 6, 8, 15, 26, 107, 340, 909, 1011],[1, 0, 0, 0, 0, 1, 0, 0, 0]
77,9,2,[5, 6, 8, 15, 26, 107, 340, 909, 1011],[1, 0, 0, 0, 0, 1, 0, 0, 0]
78,9,2,[5, 6, 8, 15, 26, 107, 340, 909, 1011],[1, 0, 0, 0, 0, 1, 0, 0, 0]
79,9,12,[5, 6, 8, 15, 26, 107, 340, 909, 1011],[1, 0, 0, 0, 0, 1, 0, 0, 0]
80,9,8,[5, 6, 8, 15, 26, 107, 340, 909, 1011],[1, 0, 0, 0, 0, 1, 0, 0, 0]
81,5,2,[7, 10, 30, 911, 1815],[1, 0, 0, 1, 0]
82,9,9,[5, 6, 8, 15, 26, 107, 340, 909, 1011],[1, 0, 0, 0, 0, 1, 0, 0, 0]
83,9,11,[5, 6, 8, 15, 26, 107, 340, 909, 1011],[1, 0, 0, 0, 0, 1, 0, 0, 0]
84,9,3,[5, 6, 8, 15, 26, 107, 340, 909, 1011],[1, 0, 0, 0, 0, 1, 0, 0, 0]
85,9,9,[5, 6, 8, 15, 26, 107, 340, 909, 1011],[1, 0, 0, 0, 0, 1, 0, 0, 0]
86,9,5,[5, 6, 8, 15, 26, 107, 340, 909, 1011],[1, 0, 0, 0, 0, 1, 0, 0, 0]
87,5,2,[7, 10, 30, 911, 1815],[1, 0, 0, 1, 0]
88,5,6,[7, 10, 30, 911, 1815],[1, 0, 0, 1, 0]
89,9,4,[5, 6, 8, 15, 26, 107, 340, 909, 1011],[1, 0, 0, 0, 0, 1, 0, 0, 0]
90,9,8,[5, 6, 8, 15, 26, 107, 340, 909, 1011],[1, 0, 0, 0, 0, 1, 0, 0, 0]
91,9,3,[5, 6, 8, 15, 26, 107, 340, 909, 1011],[1, 0, 0, 0, 0, 1, 0, 0, 0]
92,9,3,[5, 6, 8, 15, 26, 107, 340, 909, 1011],[1, 0, 0, 0, 0, 1, 0, 0, 0]
93,9,7,[5, 6, 8, 15, 26, 107, 340, 909, 1011],[1, 0, 0, 0, 0, 1, 0, 0, 0]
94,9,4,[5, 6, 8, 15, 26, 107, 340, 909, 1011],[1, 0, 0, 0, 0, 1, 0, 0, 0]
95,9,3,[5, 6, 8, 15, 26, 107, 340, 909, 1011],[1, 0, 0, 0, 0, 1, 0, 0, 0]
96,9,8,[5, 6, 8, 15, 26, 107, 340, 909, 1011],[1, 0, 0, 0, 0, 1, 0, 0, 0]
97,9,7,[5, 6, 8, 15, 26, 107, 340, 909, 1011],[1, 0, 0, 0, 0, 1, 0, 0, 0]
98,9,2,[5, 6, 8, 15, 26, 107, 340, 909, 1011],[1, 0, 0, 0, 0, 1, 0, 0, 0]
99,5,6,[7, 10, 30, 911, 1815],[1, 0, 0, 1, 0]
100,9,3,[5, 6, 8, 15, 26, 107, 340, 909, 1011],[1, 0, 0, 0, 0, 1, 0, 0, 0]
