1,1,0,[1],[0]
2,3,17,[11, 54, 470],[1, 0, 0]
3,8,6,[5, 6, 8, 16, 37, 39, 464, 496],[1, 0, 0, 0, 1, 0, 0, 0]
4,1,0,[4],[0]
5,8,0,[5, 6, 8, 16, 37, 39, 464, 496],[1, 0, 0, 0, 1, 0, 0, 0]
6,8,0,[5, 6, 8, 16, 37, 39, 464, 496],[1, 0, 0, 0, 1, 0, 0, 0]
7,3,7,[11, 54, 470],[1, 0, 0]
8,8,0,[5, 6, 8, 16, 37, 39, 464, 496],[1, 0, 0, 0, 1, 0, 0, 0]
9,8,1,[5, 6, 8, 16, 37, 39, 464, 496],[1, 0, 0, 0, 1, 0, 0, 0]
10,3,8,[11, 54, 470],[1, 0, 0]
11,3,0,[11, 54, 470],[1, 0, 0]
12,3,8,[11, 54, 470],[1, 0, 0]
13,8,4,[5, 6, 8, 16, 37, 39, 464, 496],[1, 0, 0, 0, 1, 0, 0, 0]
14,8,2,[5, 6, 8, 16, 37, 39, 464, 496],[1, 0, 0, 0, 1, 0, 0, 0]
15,8,1,[5, 6, 8, 16, 37, 39, 464, 496],[1, 0, 0, 0, 1, 0, 0, 0]
16,8,0,[5, 6, 8, 16, 37, 39, 464, 496],[1, 0, 0, 0, 1, 0, 0, 0]
17,3,3,[11, 54, 470],[1, 0, 0]
18,8,1,[5, 6, 8, 16, 37, 39, 464, 496],[1, 0, 0, 0, 1, 0, 0, 0]
19,3,13,[11, 54, 470],[1, 0, 0]
20,8,2,[5, 6, 8, 16, 37, 39, 464, 496],[1, 0, 0, 0, 1, 0, 0, 0]
21,3,9,[11, 54, 470],[1, 0, 0]
22,8,5,[5, 6, 8, 16, 37, 39, 464, 496],[1, 0, 0, 0, 1, 0, 0, 0]
23,8,4,[5, 6, 8, 16, 37, 39, 464, 496],[1, 0, 0, 0, 1, 0, 0, 0]
24,8,2,[5, 6, 8, 16, 37, 39, 464, 496],[1, 0, 0, 0, 1, 0, 0, 0]
25,3,9,[11, 54, 470],[1, 0, 0]
26,8,2,[5, 6, 8, 16, 37, 39, 464, 496],[1, 0, 0, 0, 1, 0, 0, 0]
27,8,2,[5, 6, 8, 16, 37, 39, 464, 496],[1, 0, 0, 0, 1, 0, 0, 0]
28,3,1,[11, 54, 470],[1, 0, 0]
29,3,17,[11, 54, 470],[1, 0, 0]
30,3,9,[11, 54, 470],[1, 0, 0]
31,3,11,[11, 54, 470],[1, 0, 0]
32,3,9,[11, 54, 470],[1, 0, 0]
33,8,3,[5, 6, 8, 16, 37, 39, 464, 496],[1, 0, 0, 0, 1, 0, 0, 0]
34,3,14,[11, 54, 470],[1, 0, 0]
35,3,9,[11, 54, 470],[1, 0, 0]
36,3,9,[11, 54, 470],[1, 0, 0]
37,8,0,[5, 6, 8, 16, 37, 39, 464, 496],[1, 0, 0, 0, 1, 0, 0, 0]
38,3,10,[11, 54, 470],[1, 0, 0]
39,8,0,[5, 6, 8, 16, 37, 39, 464, 496],[1, 0, 0, 0, 1, 0, 0, 0]
40,3,1,[11, 54, 470],[1, 0, 0]
41,3,15,[11, 54, 470],[1, 0, 0]
42,3,9,[11, 54, 470],[1, 0, 0]
43,3,17,[11, 54, 470],[1, 0, 0]
44,8,2,[5, 6, 8, 16, 37, 39, 464, 496],[1, 0, 0, 0, 1, 0, 0, 0]
45,3,1,[11, 54, 470],[1, 0, 0]
46,3,10,[11, 54, 470],[1, 0, 0]
47,3,11,[11, 54, 470],[1, 0, 0]
48,3,1,[11, 54, 470],[1, 0, 0]
49,8,3,[5, 6, 8, 16, 37, 39, 464, 496],[1, 0, 0, 0, 1, 0, 0, 0]
50,3,9,[11, 54, 470],[1, 0, 0]
51,8,3,[5, 6, 8, 16, 37, 39, 464, 496],[1, 0, 0, 0, 1, 0, 0, 0]
52,3,4,[11, 54, 470],[1, 0, 0]
53,8,3,[5, 6, 8, 16, 37, 39, 464, 496],[1, 0, 0, 0, 1, 0, 0, 0]
54,3,0,[11, 54, 470],[1, 0, 0]
55,8,1,[5, 6, 8, 16, 37, 39, 464, 496],[1, 0, 0, 0, 1, 0, 0, 0]
56,8,5,[5, 6, 8, 16, 37, 39, 464, 496],[1, 0, 0, 0, 1, 0, 0, 0]
57,8,6,[5, 6, 8, 16, 37, 39, 464, 496],[1, 0, 0, 0, 1, 0, 0, 0]
58,3,12,[11, 54, 470],[1, 0, 0]
59,3,12,[11, 54, 470],[1, 0, 0]
60,3,9,[11, 54, 470],[1, 0, 0]
61,8,4,[5, 6, 8, 16, 37, 39, 464, 496],[1, 0, 0, 0, 1, 0, 0, 0]
62,8,4,[5, 6, 8, 16, 37, 39, 464, 496],[1, 0, 0, 0, 1, 0, 0, 0]
63,8,5,[5, 6, 8, 16, 37, 39, 464, 496],[1, 0, 0, 0, 1, 0, 0, 0]
64,3,9,[11, 54, 470],[1, 0, 0]
65,8,2,[5, 6, 8, 16, 37, 39, 464, 496],[1, 0, 0, 0, 1, 0, 0, 0]
66,8,1,[5, 6, 8, 16, 37, 39, 464, 496],[1, 0, 0, 0, 1, 0, 0, 0]
67,3,15,[11, 54, 470],[1, 0, 0]
68,3,10,[11, 54, 470],[1, 0, 0]
69,8,3,[5, 6, 8, 16, 37, 39, 464, 496],[1, 0, 0, 0, 1, 0, 0, 0]
70,8,3,[5, 6, 8, 16, 37, 39, 464, 496],[1, 0, 0, 0, 1, 0, 0, 0]
71,3,11,[11, 54, 470],[1, 0, 0]
72,3,9,[11, 54, 470],[1, 0, 0]
73,3,11,[11, 54, 470],[1, 0, 0]
74,8,1,[5, 6, 8, 16, 37, 39, 464, 496],[1, 0, 0, 0, 1, 0, 0, 0]
75,8,5,[5, 6, 8, 16, 37, 39, 464, 496],[1, 0, 0, 0, 1, 0, 0, 0]
76,8,5,[5, 6, 8, 16, 37, 39, 464, 496],[1, 0, 0, 0, 1, 0, 0, 0]
77,8,2,[5, 6, 8, 16, 37, 39, 464, 496],[1, 0, 0, 0, 1, 0, 0, 0]
78,8,2,[5, 6, 8, 16, 37, 39, 464, 496],[1, 0, 0, 0, 1, 0, 0, 0]
79,8,9,[5, 6, 8, 16, 37, 39, 464, 496],[1, 0, 0, 0, 1, 0, 0, 0]
80,8,5,[5, 6, 8, 16, 37, 39, 464, 496],[1, 0, 0, 0, 1, 0, 0, 0]
81,3,9,[11, 54, 470],[1, 0, 0]
82,3,18,[11, 54, 470],[1, 0, 0]
83,8,7,[5, 6, 8, 16, 37, 39, 464, 496],[1, 0, 0, 0, 1, 0, 0, 0]
84,8,3,[5, 6, 8, 16, 37, 39, 464, 496],[1, 0, 0, 0, 1, 0, 0, 0]
85,8,6,[5, 6, 8, 16, 37, 39, 464, 496],[1, 0, 0, 0, 1, 0, 0, 0]
86,3,2,[11, 54, 470],[1, 0, 0]
87,3,10,[11, 54, 470],[1, 0, 0]
88,3,4,[11, 54, 470],[1, 0, 0]
89,3,12,[11, 54, 470],[1, 0, 0]
90,8,5,[5, 6, 8, 16, 37, 39, 464, 496],[1, 0, 0, 0, 1, 0, 0, 0]
91,8,3,[5, 6, 8, 16, 37, 39, 464, 496],[1, 0, 0, 0, 1, 0, 0, 0]
92,8,3,[5, 6, 8, 16, 37, 39, 464, 496],[1, 0, 0, 0, 1, 0, 0, 0]
93,3,15,[11, 54, 470],[1, 0, 0]
94,8,4,[5, 6, 8, 16, 37, 39, 464, 496],[1, 0, 0, 0, 1, 0, 0, 0]
95,8,3,[5, 6, 8, 16, 37, 39, 464, 496],[1, 0, 0, 0, 1, 0, 0, 0]
96,8,5,[5, 6, 8, 16, 37, 39, 464, 496],[1, 0, 0, 0, 1, 0, 0, 0]
97,8,5,[5, 6, 8, 16, 37, 39, 464, 496],[1, 0, 0, 0, 1, 0, 0, 0]
98,8,1,[5, 6, 8, 16, 37, 39, 464, 496],[1, 0, 0, 0, 1, 0, 0, 0]
99,3,4,[11, 54, 470],[1, 0, 0]
100,8,3,[5, 6, 8, 16, 37, 39, 464, 496],[1, 0, 0, 0, 1, 0, 0, 0]
