1  1  [1, 1, 1, 1, 1, 1, 1, 1, 1, 1, 1, 1, 1, 1, 1, 1, 1, 1, 1]
2  8  [116, 33, 14, 9, 6, 5, 108, 13, 116, 33, 14, 9, 6, 5, 108, 13, 116, 33, 14]
3  8  [13, 116, 33, 14, 9, 6, 5, 108, 13, 116, 33, 14, 9, 6, 5, 108, 13, 116, 33]
4  1  [4, 4, 4, 4, 4, 4, 4, 4, 4, 4, 4, 4, 4, 4, 4, 4, 4, 4, 4]
5  8  [5, 108, 13, 116, 33, 14, 9, 6, 5, 108, 13, 116, 33, 14, 9, 6, 5, 108, 13]
6  8  [6, 5, 108, 13, 116, 33, 14, 9, 6, 5, 108, 13, 116, 33, 14, 9, 6, 5, 108]
7  8  [116, 33, 14, 9, 6, 5, 108, 13, 116, 33, 14, 9, 6, 5, 108, 13, 116, 33, 14]
8  8  [9, 6, 5, 108, 13, 116, 33, 14, 9, 6, 5, 108, 13, 116, 33, 14, 9, 6, 5]
9  8  [9, 6, 5, 108, 13, 116, 33, 14, 9, 6, 5, 108, 13, 116, 33, 14, 9, 6, 5]
10  8  [13, 116, 33, 14, 9, 6, 5, 108, 13, 116, 33, 14, 9, 6, 5, 108, 13, 116, 33]
11  8  [116, 33, 14, 9, 6, 5, 108, 13, 116, 33, 14, 9, 6, 5, 108, 13, 116, 33, 14]
12  8  [13, 116, 33, 14, 9, 6, 5, 108, 13, 116, 33, 14, 9, 6, 5, 108, 13, 116, 33]
13  8  [13, 116, 33, 14, 9, 6, 5, 108, 13, 116, 33, 14, 9, 6, 5, 108, 13, 116, 33]
14  8  [14, 9, 6, 5, 108, 13, 116, 33, 14, 9, 6, 5, 108, 13, 116, 33, 14, 9, 6]
15  8  [14, 9, 6, 5, 108, 13, 116, 33, 14, 9, 6, 5, 108, 13, 116, 33, 14, 9, 6]
16  8  [14, 9, 6, 5, 108, 13, 116, 33, 14, 9, 6, 5, 108, 13, 116, 33, 14, 9, 6]
17  8  [116, 33, 14, 9, 6, 5, 108, 13, 116, 33, 14, 9, 6, 5, 108, 13, 116, 33, 14]
18  8  [14, 9, 6, 5, 108, 13, 116, 33, 14, 9, 6, 5, 108, 13, 116, 33, 14, 9, 6]
19  8  [6, 5, 108, 13, 116, 33, 14, 9, 6, 5, 108, 13, 116, 33, 14, 9, 6, 5, 108]
20  8  [14, 9, 6, 5, 108, 13, 116, 33, 14, 9, 6, 5, 108, 13, 116, 33, 14, 9, 6]
21  8  [108, 13, 116, 33, 14, 9, 6, 5, 108, 13, 116, 33, 14, 9, 6, 5, 108, 13, 116]
22  8  [108, 13, 116, 33, 14, 9, 6, 5, 108, 13, 116, 33, 14, 9, 6, 5, 108, 13, 116]
23  8  [116, 33, 14, 9, 6, 5, 108, 13, 116, 33, 14, 9, 6, 5, 108, 13, 116, 33, 14]
24  8  [14, 9, 6, 5, 108, 13, 116, 33, 14, 9, 6, 5, 108, 13, 116, 33, 14, 9, 6]
25  8  [108, 13, 116, 33, 14, 9, 6, 5, 108, 13, 116, 33, 14, 9, 6, 5, 108, 13, 116]
26  8  [33, 14, 9, 6, 5, 108, 13, 116, 33, 14, 9, 6, 5, 108, 13, 116, 33, 14, 9]
27  8  [14, 9, 6, 5, 108, 13, 116, 33, 14, 9, 6, 5, 108, 13, 116, 33, 14, 9, 6]
28  8  [13, 116, 33, 14, 9, 6, 5, 108, 13, 116, 33, 14, 9, 6, 5, 108, 13, 116, 33]
29  8  [116, 33, 14, 9, 6, 5, 108, 13, 116, 33, 14, 9, 6, 5, 108, 13, 116, 33, 14]
30  8  [108, 13, 116, 33, 14, 9, 6, 5, 108, 13, 116, 33, 14, 9, 6, 5, 108, 13, 116]
31  8  [108, 13, 116, 33, 14, 9, 6, 5, 108, 13, 116, 33, 14, 9, 6, 5, 108, 13, 116]
32  8  [108, 13, 116, 33, 14, 9, 6, 5, 108, 13, 116, 33, 14, 9, 6, 5, 108, 13, 116]
33  8  [33, 14, 9, 6, 5, 108, 13, 116, 33, 14, 9, 6, 5, 108, 13, 116, 33, 14, 9]
34  8  [9, 6, 5, 108, 13, 116, 33, 14, 9, 6, 5, 108, 13, 116, 33, 14, 9, 6, 5]
35  8  [108, 13, 116, 33, 14, 9, 6, 5, 108, 13, 116, 33, 14, 9, 6, 5, 108, 13, 116]
36  8  [108, 13, 116, 33, 14, 9, 6, 5, 108, 13, 116, 33, 14, 9, 6, 5, 108, 13, 116]
37  8  [116, 33, 14, 9, 6, 5, 108, 13, 116, 33, 14, 9, 6, 5, 108, 13, 116, 33, 14]
38  8  [5, 108, 13, 116, 33, 14, 9, 6, 5, 108, 13, 116, 33, 14, 9, 6, 5, 108, 13]
39  8  [33, 14, 9, 6, 5, 108, 13, 116, 33, 14, 9, 6, 5, 108, 13, 116, 33, 14, 9]
40  8  [13, 116, 33, 14, 9, 6, 5, 108, 13, 116, 33, 14, 9, 6, 5, 108, 13, 116, 33]
41  8  [116, 33, 14, 9, 6, 5, 108, 13, 116, 33, 14, 9, 6, 5, 108, 13, 116, 33, 14]
42  8  [108, 13, 116, 33, 14, 9, 6, 5, 108, 13, 116, 33, 14, 9, 6, 5, 108, 13, 116]
43  8  [6, 5, 108, 13, 116, 33, 14, 9, 6, 5, 108, 13, 116, 33, 14, 9, 6, 5, 108]
44  8  [33, 14, 9, 6, 5, 108, 13, 116, 33, 14, 9, 6, 5, 108, 13, 116, 33, 14, 9]
45  8  [13, 116, 33, 14, 9, 6, 5, 108, 13, 116, 33, 14, 9, 6, 5, 108, 13, 116, 33]
46  8  [5, 108, 13, 116, 33, 14, 9, 6, 5, 108, 13, 116, 33, 14, 9, 6, 5, 108, 13]
47  8  [116, 33, 14, 9, 6, 5, 108, 13, 116, 33, 14, 9, 6, 5, 108, 13, 116, 33, 14]
48  8  [13, 116, 33, 14, 9, 6, 5, 108, 13, 116, 33, 14, 9, 6, 5, 108, 13, 116, 33]
49  8  [33, 14, 9, 6, 5, 108, 13, 116, 33, 14, 9, 6, 5, 108, 13, 116, 33, 14, 9]
50  8  [108, 13, 116, 33, 14, 9, 6, 5, 108, 13, 116, 33, 14, 9, 6, 5, 108, 13, 116]
51  8  [33, 14, 9, 6, 5, 108, 13, 116, 33, 14, 9, 6, 5, 108, 13, 116, 33, 14, 9]
52  8  [13, 116, 33, 14, 9, 6, 5, 108, 13, 116, 33, 14, 9, 6, 5, 108, 13, 116, 33]
53  8  [116, 33, 14, 9, 6, 5, 108, 13, 116, 33, 14, 9, 6, 5, 108, 13, 116, 33, 14]
54  8  [13, 116, 33, 14, 9, 6, 5, 108, 13, 116, 33, 14, 9, 6, 5, 108, 13, 116, 33]
55  8  [33, 14, 9, 6, 5, 108, 13, 116, 33, 14, 9, 6, 5, 108, 13, 116, 33, 14, 9]
56  8  [108, 13, 116, 33, 14, 9, 6, 5, 108, 13, 116, 33, 14, 9, 6, 5, 108, 13, 116]
57  8  [5, 108, 13, 116, 33, 14, 9, 6, 5, 108, 13, 116, 33, 14, 9, 6, 5, 108, 13]
58  8  [5, 108, 13, 116, 33, 14, 9, 6, 5, 108, 13, 116, 33, 14, 9, 6, 5, 108, 13]
59  8  [116, 33, 14, 9, 6, 5, 108, 13, 116, 33, 14, 9, 6, 5, 108, 13, 116, 33, 14]
60  8  [108, 13, 116, 33, 14, 9, 6, 5, 108, 13, 116, 33, 14, 9, 6, 5, 108, 13, 116]
61  8  [5, 108, 13, 116, 33, 14, 9, 6, 5, 108, 13, 116, 33, 14, 9, 6, 5, 108, 13]
62  8  [116, 33, 14, 9, 6, 5, 108, 13, 116, 33, 14, 9, 6, 5, 108, 13, 116, 33, 14]
63  8  [108, 13, 116, 33, 14, 9, 6, 5, 108, 13, 116, 33, 14, 9, 6, 5, 108, 13, 116]
64  8  [108, 13, 116, 33, 14, 9, 6, 5, 108, 13, 116, 33, 14, 9, 6, 5, 108, 13, 116]
65  8  [33, 14, 9, 6, 5, 108, 13, 116, 33, 14, 9, 6, 5, 108, 13, 116, 33, 14, 9]
66  8  [33, 14, 9, 6, 5, 108, 13, 116, 33, 14, 9, 6, 5, 108, 13, 116, 33, 14, 9]
67  8  [116, 33, 14, 9, 6, 5, 108, 13, 116, 33, 14, 9, 6, 5, 108, 13, 116, 33, 14]
68  8  [5, 108, 13, 116, 33, 14, 9, 6, 5, 108, 13, 116, 33, 14, 9, 6, 5, 108, 13]
69  8  [116, 33, 14, 9, 6, 5, 108, 13, 116, 33, 14, 9, 6, 5, 108, 13, 116, 33, 14]
70  8  [33, 14, 9, 6, 5, 108, 13, 116, 33, 14, 9, 6, 5, 108, 13, 116, 33, 14, 9]
71  8  [33, 14, 9, 6, 5, 108, 13, 116, 33, 14, 9, 6, 5, 108, 13, 116, 33, 14, 9]
72  8  [108, 13, 116, 33, 14, 9, 6, 5, 108, 13, 116, 33, 14, 9, 6, 5, 108, 13, 116]
73  8  [14, 9, 6, 5, 108, 13, 116, 33, 14, 9, 6, 5, 108, 13, 116, 33, 14, 9, 6]
74  8  [116, 33, 14, 9, 6, 5, 108, 13, 116, 33, 14, 9, 6, 5, 108, 13, 116, 33, 14]
75  8  [108, 13, 116, 33, 14, 9, 6, 5, 108, 13, 116, 33, 14, 9, 6, 5, 108, 13, 116]
76  8  [13, 116, 33, 14, 9, 6, 5, 108, 13, 116, 33, 14, 9, 6, 5, 108, 13, 116, 33]
77  8  [33, 14, 9, 6, 5, 108, 13, 116, 33, 14, 9, 6, 5, 108, 13, 116, 33, 14, 9]
78  8  [33, 14, 9, 6, 5, 108, 13, 116, 33, 14, 9, 6, 5, 108, 13, 116, 33, 14, 9]
79  8  [6, 5, 108, 13, 116, 33, 14, 9, 6, 5, 108, 13, 116, 33, 14, 9, 6, 5, 108]
80  8  [108, 13, 116, 33, 14, 9, 6, 5, 108, 13, 116, 33, 14, 9, 6, 5, 108, 13, 116]
81  8  [108, 13, 116, 33, 14, 9, 6, 5, 108, 13, 116, 33, 14, 9, 6, 5, 108, 13, 116]
82  8  [9, 6, 5, 108, 13, 116, 33, 14, 9, 6, 5, 108, 13, 116, 33, 14, 9, 6, 5]
83  8  [6, 5, 108, 13, 116, 33, 14, 9, 6, 5, 108, 13, 116, 33, 14, 9, 6, 5, 108]
84  8  [33, 14, 9, 6, 5, 108, 13, 116, 33, 14, 9, 6, 5, 108, 13, 116, 33, 14, 9]
85  8  [5, 108, 13, 116, 33, 14, 9, 6, 5, 108, 13, 116, 33, 14, 9, 6, 5, 108, 13]
86  8  [108, 13, 116, 33, 14, 9, 6, 5, 108, 13, 116, 33, 14, 9, 6, 5, 108, 13, 116]
87  8  [5, 108, 13, 116, 33, 14, 9, 6, 5, 108, 13, 116, 33, 14, 9, 6, 5, 108, 13]
88  8  [13, 116, 33, 14, 9, 6, 5, 108, 13, 116, 33, 14, 9, 6, 5, 108, 13, 116, 33]
89  8  [116, 33, 14, 9, 6, 5, 108, 13, 116, 33, 14, 9, 6, 5, 108, 13, 116, 33, 14]
90  8  [108, 13, 116, 33, 14, 9, 6, 5, 108, 13, 116, 33, 14, 9, 6, 5, 108, 13, 116]
91  8  [33, 14, 9, 6, 5, 108, 13, 116, 33, 14, 9, 6, 5, 108, 13, 116, 33, 14, 9]
92  8  [33, 14, 9, 6, 5, 108, 13, 116, 33, 14, 9, 6, 5, 108, 13, 116, 33, 14, 9]
93  8  [14, 9, 6, 5, 108, 13, 116, 33, 14, 9, 6, 5, 108, 13, 116, 33, 14, 9, 6]
94  8  [116, 33, 14, 9, 6, 5, 108, 13, 116, 33, 14, 9, 6, 5, 108, 13, 116, 33, 14]
95  8  [33, 14, 9, 6, 5, 108, 13, 116, 33, 14, 9, 6, 5, 108, 13, 116, 33, 14, 9]
96  8  [108, 13, 116, 33, 14, 9, 6, 5, 108, 13, 116, 33, 14, 9, 6, 5, 108, 13, 116]
97  8  [116, 33, 14, 9, 6, 5, 108, 13, 116, 33, 14, 9, 6, 5, 108, 13, 116, 33, 14]
98  8  [33, 14, 9, 6, 5, 108, 13, 116, 33, 14, 9, 6, 5, 108, 13, 116, 33, 14, 9]
99  8  [13, 116, 33, 14, 9, 6, 5, 108, 13, 116, 33, 14, 9, 6, 5, 108, 13, 116, 33]
100  8  [33, 14, 9, 6, 5, 108, 13, 116, 33, 14, 9, 6, 5, 108, 13, 116, 33, 14, 9]
101  8  [116, 33, 14, 9, 6, 5, 108, 13, 116, 33, 14, 9, 6, 5, 108, 13, 116, 33, 14]
102  8  [5, 108, 13, 116, 33, 14, 9, 6, 5, 108, 13, 116, 33, 14, 9, 6, 5, 108, 13]
103  8  [13, 116, 33, 14, 9, 6, 5, 108, 13, 116, 33, 14, 9, 6, 5, 108, 13, 116, 33]
104  8  [9, 6, 5, 108, 13, 116, 33, 14, 9, 6, 5, 108, 13, 116, 33, 14, 9, 6, 5]
