1  1  0 [1]
2  3  3 [12, 7, 42]
3  3  4 [7, 42, 12]
4  1  0 [4]
5  3  6 [7, 42, 12]
6  3  7 [7, 42, 12]
7  3  0 [7, 42, 12]
8  3  8 [7, 42, 12]
9  3  8 [7, 42, 12]
10  3  1 [7, 42, 12]
11  3  4 [7, 42, 12]
12  3  0 [12, 7, 42]
13  3  6 [7, 42, 12]
14  3  9 [7, 42, 12]
15  3  9 [7, 42, 12]
16  3  9 [7, 42, 12]
17  2  0 [17, 52]
18  3  9 [7, 42, 12]
19  3  6 [7, 42, 12]
20  3  9 [7, 42, 12]
21  3  2 [7, 42, 12]
22  3  7 [7, 42, 12]
23  3  13 [7, 42, 12]
24  3  9 [7, 42, 12]
25  3  2 [7, 42, 12]
26  3  10 [7, 42, 12]
27  3  9 [7, 42, 12]
28  3  5 [7, 42, 12]
29  3  2 [12, 7, 42]
30  3  2 [7, 42, 12]
31  3  11 [7, 42, 12]
32  3  2 [7, 42, 12]
33  3  10 [7, 42, 12]
34  3  7 [7, 42, 12]
35  3  1 [12, 7, 42]
36  3  2 [7, 42, 12]
37  3  2 [12, 7, 42]
38  3  3 [7, 42, 12]
39  3  10 [7, 42, 12]
40  3  5 [7, 42, 12]
41  3  15 [7, 42, 12]
42  3  0 [42, 12, 7]
43  3  11 [7, 42, 12]
44  3  10 [7, 42, 12]
45  3  5 [7, 42, 12]
46  3  3 [7, 42, 12]
47  3  13 [7, 42, 12]
48  3  5 [7, 42, 12]
49  3  10 [7, 42, 12]
50  3  1 [12, 7, 42]
51  3  10 [7, 42, 12]
52  2  0 [52, 17]
53  2  2 [17, 52]
54  3  5 [7, 42, 12]
55  3  10 [7, 42, 12]
56  3  7 [7, 42, 12]
57  3  8 [7, 42, 12]
58  3  12 [7, 42, 12]
59  3  12 [7, 42, 12]
60  3  1 [12, 7, 42]
61  3  8 [7, 42, 12]
62  3  11 [7, 42, 12]
63  3  7 [7, 42, 12]
64  3  1 [12, 7, 42]
65  3  10 [7, 42, 12]
66  3  10 [7, 42, 12]
67  3  9 [7, 42, 12]
68  3  3 [7, 42, 12]
69  3  11 [7, 42, 12]
70  3  10 [7, 42, 12]
71  3  12 [7, 42, 12]
72  3  1 [12, 7, 42]
73  3  8 [7, 42, 12]
74  3  11 [7, 42, 12]
75  3  7 [7, 42, 12]
76  3  14 [7, 42, 12]
77  3  10 [7, 42, 12]
78  3  10 [7, 42, 12]
79  3  11 [7, 42, 12]
80  3  7 [7, 42, 12]
81  3  1 [12, 7, 42]
82  3  12 [7, 42, 12]
83  3  10 [7, 42, 12]
84  3  10 [7, 42, 12]
85  3  8 [7, 42, 12]
86  3  6 [7, 42, 12]
87  3  3 [7, 42, 12]
88  2  1 [17, 52]
89  3  3 [12, 7, 42]
90  3  7 [7, 42, 12]
91  3  10 [7, 42, 12]
92  3  10 [7, 42, 12]
93  3  8 [7, 42, 12]
94  3  11 [7, 42, 12]
95  3  10 [7, 42, 12]
96  3  7 [7, 42, 12]
97  3  11 [7, 42, 12]
98  3  10 [7, 42, 12]
99  2  1 [17, 52]
100  3  10 [7, 42, 12]
