1,1,0,[1]
2,12,4,[8, 6, 5, 166, 85, 22, 13, 174, 34, 19, 180, 15]
3,12,12,[8, 6, 5, 166, 85, 22, 13, 174, 34, 19, 180, 15]
4,1,0,[4]
5,12,0,[5, 166, 85, 22, 13, 174, 34, 19, 180, 15, 8, 6]
6,12,0,[6, 5, 166, 85, 22, 13, 174, 34, 19, 180, 15, 8]
7,12,3,[8, 6, 5, 166, 85, 22, 13, 174, 34, 19, 180, 15]
8,12,0,[8, 6, 5, 166, 85, 22, 13, 174, 34, 19, 180, 15]
9,12,1,[6, 5, 166, 85, 22, 13, 174, 34, 19, 180, 15, 8]
10,12,4,[8, 6, 5, 166, 85, 22, 13, 174, 34, 19, 180, 15]
11,12,9,[8, 6, 5, 166, 85, 22, 13, 174, 34, 19, 180, 15]
12,12,4,[8, 6, 5, 166, 85, 22, 13, 174, 34, 19, 180, 15]
13,12,0,[13, 174, 34, 19, 180, 15, 8, 6, 5, 166, 85, 22]
14,12,2,[6, 5, 166, 85, 22, 13, 174, 34, 19, 180, 15, 8]
15,12,0,[15, 8, 6, 5, 166, 85, 22, 13, 174, 34, 19, 180]
16,12,1,[8, 6, 5, 166, 85, 22, 13, 174, 34, 19, 180, 15]
17,12,5,[6, 5, 166, 85, 22, 13, 174, 34, 19, 180, 15, 8]
18,12,1,[8, 6, 5, 166, 85, 22, 13, 174, 34, 19, 180, 15]
19,12,0,[19, 180, 15, 8, 6, 5, 166, 85, 22, 13, 174, 34]
20,12,2,[6, 5, 166, 85, 22, 13, 174, 34, 19, 180, 15, 8]
21,12,5,[8, 6, 5, 166, 85, 22, 13, 174, 34, 19, 180, 15]
22,12,0,[22, 13, 174, 34, 19, 180, 15, 8, 6, 5, 166, 85]
23,12,5,[15, 8, 6, 5, 166, 85, 22, 13, 174, 34, 19, 180]
24,12,2,[6, 5, 166, 85, 22, 13, 174, 34, 19, 180, 15, 8]
25,12,5,[8, 6, 5, 166, 85, 22, 13, 174, 34, 19, 180, 15]
26,12,1,[15, 8, 6, 5, 166, 85, 22, 13, 174, 34, 19, 180]
27,12,2,[6, 5, 166, 85, 22, 13, 174, 34, 19, 180, 15, 8]
28,12,10,[8, 6, 5, 166, 85, 22, 13, 174, 34, 19, 180, 15]
29,12,3,[15, 8, 6, 5, 166, 85, 22, 13, 174, 34, 19, 180]
30,12,5,[8, 6, 5, 166, 85, 22, 13, 174, 34, 19, 180, 15]
31,12,2,[15, 8, 6, 5, 166, 85, 22, 13, 174, 34, 19, 180]
32,12,5,[8, 6, 5, 166, 85, 22, 13, 174, 34, 19, 180, 15]
33,12,3,[6, 5, 166, 85, 22, 13, 174, 34, 19, 180, 15, 8]
34,12,0,[34, 19, 180, 15, 8, 6, 5, 166, 85, 22, 13, 174]
35,12,5,[8, 6, 5, 166, 85, 22, 13, 174, 34, 19, 180, 15]
36,12,5,[8, 6, 5, 166, 85, 22, 13, 174, 34, 19, 180, 15]
37,12,2,[19, 180, 15, 8, 6, 5, 166, 85, 22, 13, 174, 34]
38,12,6,[8, 6, 5, 166, 85, 22, 13, 174, 34, 19, 180, 15]
39,12,2,[8, 6, 5, 166, 85, 22, 13, 174, 34, 19, 180, 15]
40,12,10,[8, 6, 5, 166, 85, 22, 13, 174, 34, 19, 180, 15]
41,12,6,[6, 5, 166, 85, 22, 13, 174, 34, 19, 180, 15, 8]
42,12,5,[8, 6, 5, 166, 85, 22, 13, 174, 34, 19, 180, 15]
43,12,4,[6, 5, 166, 85, 22, 13, 174, 34, 19, 180, 15, 8]
44,12,1,[15, 8, 6, 5, 166, 85, 22, 13, 174, 34, 19, 180]
45,12,10,[8, 6, 5, 166, 85, 22, 13, 174, 34, 19, 180, 15]
46,12,6,[8, 6, 5, 166, 85, 22, 13, 174, 34, 19, 180, 15]
47,12,7,[8, 6, 5, 166, 85, 22, 13, 174, 34, 19, 180, 15]
48,12,10,[8, 6, 5, 166, 85, 22, 13, 174, 34, 19, 180, 15]
49,12,3,[6, 5, 166, 85, 22, 13, 174, 34, 19, 180, 15, 8]
50,12,5,[8, 6, 5, 166, 85, 22, 13, 174, 34, 19, 180, 15]
51,12,3,[6, 5, 166, 85, 22, 13, 174, 34, 19, 180, 15, 8]
52,12,6,[6, 5, 166, 85, 22, 13, 174, 34, 19, 180, 15, 8]
53,12,5,[8, 6, 5, 166, 85, 22, 13, 174, 34, 19, 180, 15]
54,12,10,[8, 6, 5, 166, 85, 22, 13, 174, 34, 19, 180, 15]
55,12,2,[8, 6, 5, 166, 85, 22, 13, 174, 34, 19, 180, 15]
56,12,1,[13, 174, 34, 19, 180, 15, 8, 6, 5, 166, 85, 22]
57,12,1,[22, 13, 174, 34, 19, 180, 15, 8, 6, 5, 166, 85]
58,12,3,[15, 8, 6, 5, 166, 85, 22, 13, 174, 34, 19, 180]
59,12,4,[6, 5, 166, 85, 22, 13, 174, 34, 19, 180, 15, 8]
60,12,5,[8, 6, 5, 166, 85, 22, 13, 174, 34, 19, 180, 15]
61,12,7,[8, 6, 5, 166, 85, 22, 13, 174, 34, 19, 180, 15]
62,12,4,[6, 5, 166, 85, 22, 13, 174, 34, 19, 180, 15, 8]
63,12,1,[13, 174, 34, 19, 180, 15, 8, 6, 5, 166, 85, 22]
64,12,5,[8, 6, 5, 166, 85, 22, 13, 174, 34, 19, 180, 15]
65,12,2,[8, 6, 5, 166, 85, 22, 13, 174, 34, 19, 180, 15]
66,12,2,[8, 6, 5, 166, 85, 22, 13, 174, 34, 19, 180, 15]
67,12,3,[15, 8, 6, 5, 166, 85, 22, 13, 174, 34, 19, 180]
68,12,6,[8, 6, 5, 166, 85, 22, 13, 174, 34, 19, 180, 15]
69,12,2,[15, 8, 6, 5, 166, 85, 22, 13, 174, 34, 19, 180]
70,12,3,[6, 5, 166, 85, 22, 13, 174, 34, 19, 180, 15, 8]
71,12,7,[8, 6, 5, 166, 85, 22, 13, 174, 34, 19, 180, 15]
72,12,5,[8, 6, 5, 166, 85, 22, 13, 174, 34, 19, 180, 15]
73,12,7,[8, 6, 5, 166, 85, 22, 13, 174, 34, 19, 180, 15]
74,12,3,[8, 6, 5, 166, 85, 22, 13, 174, 34, 19, 180, 15]
75,12,1,[13, 174, 34, 19, 180, 15, 8, 6, 5, 166, 85, 22]
76,12,6,[15, 8, 6, 5, 166, 85, 22, 13, 174, 34, 19, 180]
77,12,2,[8, 6, 5, 166, 85, 22, 13, 174, 34, 19, 180, 15]
78,12,2,[8, 6, 5, 166, 85, 22, 13, 174, 34, 19, 180, 15]
79,12,3,[8, 6, 5, 166, 85, 22, 13, 174, 34, 19, 180, 15]
80,12,1,[13, 174, 34, 19, 180, 15, 8, 6, 5, 166, 85, 22]
81,12,5,[8, 6, 5, 166, 85, 22, 13, 174, 34, 19, 180, 15]
82,12,5,[6, 5, 166, 85, 22, 13, 174, 34, 19, 180, 15, 8]
83,12,4,[8, 6, 5, 166, 85, 22, 13, 174, 34, 19, 180, 15]
84,12,3,[6, 5, 166, 85, 22, 13, 174, 34, 19, 180, 15, 8]
85,12,0,[85, 22, 13, 174, 34, 19, 180, 15, 8, 6, 5, 166]
86,12,11,[8, 6, 5, 166, 85, 22, 13, 174, 34, 19, 180, 15]
87,12,6,[8, 6, 5, 166, 85, 22, 13, 174, 34, 19, 180, 15]
88,12,6,[6, 5, 166, 85, 22, 13, 174, 34, 19, 180, 15, 8]
89,12,7,[6, 5, 166, 85, 22, 13, 174, 34, 19, 180, 15, 8]
90,12,1,[13, 174, 34, 19, 180, 15, 8, 6, 5, 166, 85, 22]
91,12,3,[6, 5, 166, 85, 22, 13, 174, 34, 19, 180, 15, 8]
92,12,3,[6, 5, 166, 85, 22, 13, 174, 34, 19, 180, 15, 8]
93,12,1,[34, 19, 180, 15, 8, 6, 5, 166, 85, 22, 13, 174]
94,12,4,[6, 5, 166, 85, 22, 13, 174, 34, 19, 180, 15, 8]
95,12,3,[6, 5, 166, 85, 22, 13, 174, 34, 19, 180, 15, 8]
96,12,1,[13, 174, 34, 19, 180, 15, 8, 6, 5, 166, 85, 22]
97,12,12,[8, 6, 5, 166, 85, 22, 13, 174, 34, 19, 180, 15]
98,12,2,[8, 6, 5, 166, 85, 22, 13, 174, 34, 19, 180, 15]
99,12,6,[6, 5, 166, 85, 22, 13, 174, 34, 19, 180, 15, 8]
100,12,3,[6, 5, 166, 85, 22, 13, 174, 34, 19, 180, 15, 8]
