1  1  [1, 1, 1, 1, 1, 1, 1, 1, 1, 1, 1, 1, 1, 1, 1, 1, 1, 1, 1]
2  15  [43, 94, 49, 14, 9, 6, 5, 56, 13, 64, 12, 7, 58, 31, 82, 43, 94, 49, 14]
3  15  [43, 94, 49, 14, 9, 6, 5, 56, 13, 64, 12, 7, 58, 31, 82, 43, 94, 49, 14]
4  1  [4, 4, 4, 4, 4, 4, 4, 4, 4, 4, 4, 4, 4, 4, 4, 4, 4, 4, 4]
5  15  [13, 64, 12, 7, 58, 31, 82, 43, 94, 49, 14, 9, 6, 5, 56, 13, 64, 12, 7]
6  15  [56, 13, 64, 12, 7, 58, 31, 82, 43, 94, 49, 14, 9, 6, 5, 56, 13, 64, 12]
7  15  [31, 82, 43, 94, 49, 14, 9, 6, 5, 56, 13, 64, 12, 7, 58, 31, 82, 43, 94]
8  15  [5, 56, 13, 64, 12, 7, 58, 31, 82, 43, 94, 49, 14, 9, 6, 5, 56, 13, 64]
9  15  [5, 56, 13, 64, 12, 7, 58, 31, 82, 43, 94, 49, 14, 9, 6, 5, 56, 13, 64]
10  15  [58, 31, 82, 43, 94, 49, 14, 9, 6, 5, 56, 13, 64, 12, 7, 58, 31, 82, 43]
11  15  [49, 14, 9, 6, 5, 56, 13, 64, 12, 7, 58, 31, 82, 43, 94, 49, 14, 9, 6]
12  15  [58, 31, 82, 43, 94, 49, 14, 9, 6, 5, 56, 13, 64, 12, 7, 58, 31, 82, 43]
13  15  [12, 7, 58, 31, 82, 43, 94, 49, 14, 9, 6, 5, 56, 13, 64, 12, 7, 58, 31]
14  15  [6, 5, 56, 13, 64, 12, 7, 58, 31, 82, 43, 94, 49, 14, 9, 6, 5, 56, 13]
15  15  [6, 5, 56, 13, 64, 12, 7, 58, 31, 82, 43, 94, 49, 14, 9, 6, 5, 56, 13]
16  15  [6, 5, 56, 13, 64, 12, 7, 58, 31, 82, 43, 94, 49, 14, 9, 6, 5, 56, 13]
17  15  [64, 12, 7, 58, 31, 82, 43, 94, 49, 14, 9, 6, 5, 56, 13, 64, 12, 7, 58]
18  15  [6, 5, 56, 13, 64, 12, 7, 58, 31, 82, 43, 94, 49, 14, 9, 6, 5, 56, 13]
19  15  [14, 9, 6, 5, 56, 13, 64, 12, 7, 58, 31, 82, 43, 94, 49, 14, 9, 6, 5]
20  15  [6, 5, 56, 13, 64, 12, 7, 58, 31, 82, 43, 94, 49, 14, 9, 6, 5, 56, 13]
21  15  [7, 58, 31, 82, 43, 94, 49, 14, 9, 6, 5, 56, 13, 64, 12, 7, 58, 31, 82]
22  15  [64, 12, 7, 58, 31, 82, 43, 94, 49, 14, 9, 6, 5, 56, 13, 64, 12, 7, 58]
23  15  [49, 14, 9, 6, 5, 56, 13, 64, 12, 7, 58, 31, 82, 43, 94, 49, 14, 9, 6]
24  15  [6, 5, 56, 13, 64, 12, 7, 58, 31, 82, 43, 94, 49, 14, 9, 6, 5, 56, 13]
25  15  [7, 58, 31, 82, 43, 94, 49, 14, 9, 6, 5, 56, 13, 64, 12, 7, 58, 31, 82]
26  15  [9, 6, 5, 56, 13, 64, 12, 7, 58, 31, 82, 43, 94, 49, 14, 9, 6, 5, 56]
27  15  [6, 5, 56, 13, 64, 12, 7, 58, 31, 82, 43, 94, 49, 14, 9, 6, 5, 56, 13]
28  15  [94, 49, 14, 9, 6, 5, 56, 13, 64, 12, 7, 58, 31, 82, 43, 94, 49, 14, 9]
29  15  [13, 64, 12, 7, 58, 31, 82, 43, 94, 49, 14, 9, 6, 5, 56, 13, 64, 12, 7]
30  15  [7, 58, 31, 82, 43, 94, 49, 14, 9, 6, 5, 56, 13, 64, 12, 7, 58, 31, 82]
31  15  [43, 94, 49, 14, 9, 6, 5, 56, 13, 64, 12, 7, 58, 31, 82, 43, 94, 49, 14]
32  15  [7, 58, 31, 82, 43, 94, 49, 14, 9, 6, 5, 56, 13, 64, 12, 7, 58, 31, 82]
33  15  [9, 6, 5, 56, 13, 64, 12, 7, 58, 31, 82, 43, 94, 49, 14, 9, 6, 5, 56]
34  15  [49, 14, 9, 6, 5, 56, 13, 64, 12, 7, 58, 31, 82, 43, 94, 49, 14, 9, 6]
35  15  [7, 58, 31, 82, 43, 94, 49, 14, 9, 6, 5, 56, 13, 64, 12, 7, 58, 31, 82]
36  15  [7, 58, 31, 82, 43, 94, 49, 14, 9, 6, 5, 56, 13, 64, 12, 7, 58, 31, 82]
37  15  [56, 13, 64, 12, 7, 58, 31, 82, 43, 94, 49, 14, 9, 6, 5, 56, 13, 64, 12]
38  15  [12, 7, 58, 31, 82, 43, 94, 49, 14, 9, 6, 5, 56, 13, 64, 12, 7, 58, 31]
39  15  [9, 6, 5, 56, 13, 64, 12, 7, 58, 31, 82, 43, 94, 49, 14, 9, 6, 5, 56]
40  15  [94, 49, 14, 9, 6, 5, 56, 13, 64, 12, 7, 58, 31, 82, 43, 94, 49, 14, 9]
41  15  [14, 9, 6, 5, 56, 13, 64, 12, 7, 58, 31, 82, 43, 94, 49, 14, 9, 6, 5]
42  15  [7, 58, 31, 82, 43, 94, 49, 14, 9, 6, 5, 56, 13, 64, 12, 7, 58, 31, 82]
43  15  [49, 14, 9, 6, 5, 56, 13, 64, 12, 7, 58, 31, 82, 43, 94, 49, 14, 9, 6]
44  15  [9, 6, 5, 56, 13, 64, 12, 7, 58, 31, 82, 43, 94, 49, 14, 9, 6, 5, 56]
45  15  [94, 49, 14, 9, 6, 5, 56, 13, 64, 12, 7, 58, 31, 82, 43, 94, 49, 14, 9]
46  15  [12, 7, 58, 31, 82, 43, 94, 49, 14, 9, 6, 5, 56, 13, 64, 12, 7, 58, 31]
47  15  [14, 9, 6, 5, 56, 13, 64, 12, 7, 58, 31, 82, 43, 94, 49, 14, 9, 6, 5]
48  15  [94, 49, 14, 9, 6, 5, 56, 13, 64, 12, 7, 58, 31, 82, 43, 94, 49, 14, 9]
49  15  [9, 6, 5, 56, 13, 64, 12, 7, 58, 31, 82, 43, 94, 49, 14, 9, 6, 5, 56]
50  15  [7, 58, 31, 82, 43, 94, 49, 14, 9, 6, 5, 56, 13, 64, 12, 7, 58, 31, 82]
51  15  [9, 6, 5, 56, 13, 64, 12, 7, 58, 31, 82, 43, 94, 49, 14, 9, 6, 5, 56]
52  15  [13, 64, 12, 7, 58, 31, 82, 43, 94, 49, 14, 9, 6, 5, 56, 13, 64, 12, 7]
53  15  [94, 49, 14, 9, 6, 5, 56, 13, 64, 12, 7, 58, 31, 82, 43, 94, 49, 14, 9]
54  15  [94, 49, 14, 9, 6, 5, 56, 13, 64, 12, 7, 58, 31, 82, 43, 94, 49, 14, 9]
55  15  [9, 6, 5, 56, 13, 64, 12, 7, 58, 31, 82, 43, 94, 49, 14, 9, 6, 5, 56]
56  15  [64, 12, 7, 58, 31, 82, 43, 94, 49, 14, 9, 6, 5, 56, 13, 64, 12, 7, 58]
57  15  [13, 64, 12, 7, 58, 31, 82, 43, 94, 49, 14, 9, 6, 5, 56, 13, 64, 12, 7]
58  15  [82, 43, 94, 49, 14, 9, 6, 5, 56, 13, 64, 12, 7, 58, 31, 82, 43, 94, 49]
59  15  [14, 9, 6, 5, 56, 13, 64, 12, 7, 58, 31, 82, 43, 94, 49, 14, 9, 6, 5]
60  15  [7, 58, 31, 82, 43, 94, 49, 14, 9, 6, 5, 56, 13, 64, 12, 7, 58, 31, 82]
61  15  [14, 9, 6, 5, 56, 13, 64, 12, 7, 58, 31, 82, 43, 94, 49, 14, 9, 6, 5]
62  15  [14, 9, 6, 5, 56, 13, 64, 12, 7, 58, 31, 82, 43, 94, 49, 14, 9, 6, 5]
63  15  [64, 12, 7, 58, 31, 82, 43, 94, 49, 14, 9, 6, 5, 56, 13, 64, 12, 7, 58]
64  15  [7, 58, 31, 82, 43, 94, 49, 14, 9, 6, 5, 56, 13, 64, 12, 7, 58, 31, 82]
65  15  [9, 6, 5, 56, 13, 64, 12, 7, 58, 31, 82, 43, 94, 49, 14, 9, 6, 5, 56]
66  15  [9, 6, 5, 56, 13, 64, 12, 7, 58, 31, 82, 43, 94, 49, 14, 9, 6, 5, 56]
67  15  [94, 49, 14, 9, 6, 5, 56, 13, 64, 12, 7, 58, 31, 82, 43, 94, 49, 14, 9]
68  15  [12, 7, 58, 31, 82, 43, 94, 49, 14, 9, 6, 5, 56, 13, 64, 12, 7, 58, 31]
69  15  [14, 9, 6, 5, 56, 13, 64, 12, 7, 58, 31, 82, 43, 94, 49, 14, 9, 6, 5]
70  15  [9, 6, 5, 56, 13, 64, 12, 7, 58, 31, 82, 43, 94, 49, 14, 9, 6, 5, 56]
71  15  [56, 13, 64, 12, 7, 58, 31, 82, 43, 94, 49, 14, 9, 6, 5, 56, 13, 64, 12]
72  15  [7, 58, 31, 82, 43, 94, 49, 14, 9, 6, 5, 56, 13, 64, 12, 7, 58, 31, 82]
73  15  [64, 12, 7, 58, 31, 82, 43, 94, 49, 14, 9, 6, 5, 56, 13, 64, 12, 7, 58]
74  15  [14, 9, 6, 5, 56, 13, 64, 12, 7, 58, 31, 82, 43, 94, 49, 14, 9, 6, 5]
75  15  [64, 12, 7, 58, 31, 82, 43, 94, 49, 14, 9, 6, 5, 56, 13, 64, 12, 7, 58]
76  15  [94, 49, 14, 9, 6, 5, 56, 13, 64, 12, 7, 58, 31, 82, 43, 94, 49, 14, 9]
77  15  [9, 6, 5, 56, 13, 64, 12, 7, 58, 31, 82, 43, 94, 49, 14, 9, 6, 5, 56]
78  15  [9, 6, 5, 56, 13, 64, 12, 7, 58, 31, 82, 43, 94, 49, 14, 9, 6, 5, 56]
79  15  [14, 9, 6, 5, 56, 13, 64, 12, 7, 58, 31, 82, 43, 94, 49, 14, 9, 6, 5]
80  15  [64, 12, 7, 58, 31, 82, 43, 94, 49, 14, 9, 6, 5, 56, 13, 64, 12, 7, 58]
81  15  [7, 58, 31, 82, 43, 94, 49, 14, 9, 6, 5, 56, 13, 64, 12, 7, 58, 31, 82]
82  15  [94, 49, 14, 9, 6, 5, 56, 13, 64, 12, 7, 58, 31, 82, 43, 94, 49, 14, 9]
83  15  [94, 49, 14, 9, 6, 5, 56, 13, 64, 12, 7, 58, 31, 82, 43, 94, 49, 14, 9]
84  15  [9, 6, 5, 56, 13, 64, 12, 7, 58, 31, 82, 43, 94, 49, 14, 9, 6, 5, 56]
85  15  [13, 64, 12, 7, 58, 31, 82, 43, 94, 49, 14, 9, 6, 5, 56, 13, 64, 12, 7]
86  15  [43, 94, 49, 14, 9, 6, 5, 56, 13, 64, 12, 7, 58, 31, 82, 43, 94, 49, 14]
87  15  [12, 7, 58, 31, 82, 43, 94, 49, 14, 9, 6, 5, 56, 13, 64, 12, 7, 58, 31]
88  15  [13, 64, 12, 7, 58, 31, 82, 43, 94, 49, 14, 9, 6, 5, 56, 13, 64, 12, 7]
89  15  [14, 9, 6, 5, 56, 13, 64, 12, 7, 58, 31, 82, 43, 94, 49, 14, 9, 6, 5]
90  15  [64, 12, 7, 58, 31, 82, 43, 94, 49, 14, 9, 6, 5, 56, 13, 64, 12, 7, 58]
91  15  [9, 6, 5, 56, 13, 64, 12, 7, 58, 31, 82, 43, 94, 49, 14, 9, 6, 5, 56]
92  15  [9, 6, 5, 56, 13, 64, 12, 7, 58, 31, 82, 43, 94, 49, 14, 9, 6, 5, 56]
93  15  [94, 49, 14, 9, 6, 5, 56, 13, 64, 12, 7, 58, 31, 82, 43, 94, 49, 14, 9]
94  15  [14, 9, 6, 5, 56, 13, 64, 12, 7, 58, 31, 82, 43, 94, 49, 14, 9, 6, 5]
95  15  [9, 6, 5, 56, 13, 64, 12, 7, 58, 31, 82, 43, 94, 49, 14, 9, 6, 5, 56]
96  15  [64, 12, 7, 58, 31, 82, 43, 94, 49, 14, 9, 6, 5, 56, 13, 64, 12, 7, 58]
97  15  [94, 49, 14, 9, 6, 5, 56, 13, 64, 12, 7, 58, 31, 82, 43, 94, 49, 14, 9]
98  15  [9, 6, 5, 56, 13, 64, 12, 7, 58, 31, 82, 43, 94, 49, 14, 9, 6, 5, 56]
99  15  [13, 64, 12, 7, 58, 31, 82, 43, 94, 49, 14, 9, 6, 5, 56, 13, 64, 12, 7]
100  15  [9, 6, 5, 56, 13, 64, 12, 7, 58, 31, 82, 43, 94, 49, 14, 9, 6, 5, 56]
101  15  [64, 12, 7, 58, 31, 82, 43, 94, 49, 14, 9, 6, 5, 56, 13, 64, 12, 7, 58]
102  15  [13, 64, 12, 7, 58, 31, 82, 43, 94, 49, 14, 9, 6, 5, 56, 13, 64, 12, 7]
103  15  [14, 9, 6, 5, 56, 13, 64, 12, 7, 58, 31, 82, 43, 94, 49, 14, 9, 6, 5]
104  15  [49, 14, 9, 6, 5, 56, 13, 64, 12, 7, 58, 31, 82, 43, 94, 49, 14, 9, 6]
