1,1,0,[1]
2,6,15,[6, 5, 408, 26, 15, 8]
3,5,12,[414, 31, 434, 40, 11]
4,1,0,[4]
5,6,5,[408, 26, 15, 8, 6, 5]
6,6,5,[5, 408, 26, 15, 8, 6]
7,5,7,[414, 31, 434, 40, 11]
8,6,5,[6, 5, 408, 26, 15, 8]
9,6,6,[5, 408, 26, 15, 8, 6]
10,5,8,[414, 31, 434, 40, 11]
11,5,4,[414, 31, 434, 40, 11]
12,5,8,[414, 31, 434, 40, 11]
13,3,4,[426, 76, 23]
14,6,7,[5, 408, 26, 15, 8, 6]
15,6,5,[8, 6, 5, 408, 26, 15]
16,6,6,[6, 5, 408, 26, 15, 8]
17,6,13,[6, 5, 408, 26, 15, 8]
18,6,6,[6, 5, 408, 26, 15, 8]
19,6,11,[6, 5, 408, 26, 15, 8]
20,6,7,[5, 408, 26, 15, 8, 6]
21,5,9,[414, 31, 434, 40, 11]
22,3,5,[426, 76, 23]
23,3,2,[426, 76, 23]
24,6,7,[5, 408, 26, 15, 8, 6]
25,5,9,[414, 31, 434, 40, 11]
26,6,5,[15, 8, 6, 5, 408, 26]
27,6,7,[5, 408, 26, 15, 8, 6]
28,5,5,[414, 31, 434, 40, 11]
29,6,15,[6, 5, 408, 26, 15, 8]
30,5,9,[414, 31, 434, 40, 11]
31,5,4,[434, 40, 11, 414, 31]
32,5,9,[414, 31, 434, 40, 11]
33,6,8,[5, 408, 26, 15, 8, 6]
34,6,12,[6, 5, 408, 26, 15, 8]
35,5,9,[414, 31, 434, 40, 11]
36,5,9,[414, 31, 434, 40, 11]
37,3,7,[426, 76, 23]
38,5,10,[414, 31, 434, 40, 11]
39,6,7,[6, 5, 408, 26, 15, 8]
40,5,4,[11, 414, 31, 434, 40]
41,6,8,[8, 6, 5, 408, 26, 15]
42,5,9,[414, 31, 434, 40, 11]
43,6,9,[6, 5, 408, 26, 15, 8]
44,6,6,[8, 6, 5, 408, 26, 15]
45,5,5,[414, 31, 434, 40, 11]
46,5,10,[414, 31, 434, 40, 11]
47,6,8,[6, 5, 408, 26, 15, 8]
48,5,5,[414, 31, 434, 40, 11]
49,6,8,[5, 408, 26, 15, 8, 6]
50,5,9,[414, 31, 434, 40, 11]
51,6,8,[5, 408, 26, 15, 8, 6]
52,6,14,[6, 5, 408, 26, 15, 8]
53,5,7,[414, 31, 434, 40, 11]
54,5,5,[414, 31, 434, 40, 11]
55,6,7,[6, 5, 408, 26, 15, 8]
56,3,5,[426, 76, 23]
57,3,6,[426, 76, 23]
58,5,5,[434, 40, 11, 414, 31]
59,3,4,[426, 76, 23]
60,5,9,[414, 31, 434, 40, 11]
61,3,9,[426, 76, 23]
62,6,9,[5, 408, 26, 15, 8, 6]
63,3,5,[426, 76, 23]
64,5,9,[414, 31, 434, 40, 11]
65,6,7,[6, 5, 408, 26, 15, 8]
66,6,7,[6, 5, 408, 26, 15, 8]
67,5,7,[414, 31, 434, 40, 11]
68,5,10,[414, 31, 434, 40, 11]
69,6,6,[15, 8, 6, 5, 408, 26]
70,6,8,[5, 408, 26, 15, 8, 6]
71,6,10,[5, 408, 26, 15, 8, 6]
72,5,9,[414, 31, 434, 40, 11]
73,5,7,[414, 31, 434, 40, 11]
74,6,8,[6, 5, 408, 26, 15, 8]
75,3,5,[426, 76, 23]
76,3,2,[23, 426, 76]
77,6,7,[6, 5, 408, 26, 15, 8]
78,6,7,[6, 5, 408, 26, 15, 8]
79,6,8,[8, 6, 5, 408, 26, 15]
80,3,5,[426, 76, 23]
81,5,9,[414, 31, 434, 40, 11]
82,6,10,[6, 5, 408, 26, 15, 8]
83,6,15,[6, 5, 408, 26, 15, 8]
84,6,8,[5, 408, 26, 15, 8, 6]
85,3,6,[426, 76, 23]
86,5,6,[414, 31, 434, 40, 11]
87,5,10,[414, 31, 434, 40, 11]
88,6,14,[6, 5, 408, 26, 15, 8]
89,5,7,[414, 31, 434, 40, 11]
90,3,5,[426, 76, 23]
91,6,8,[5, 408, 26, 15, 8, 6]
92,6,8,[5, 408, 26, 15, 8, 6]
93,6,13,[6, 5, 408, 26, 15, 8]
94,6,9,[5, 408, 26, 15, 8, 6]
95,6,8,[5, 408, 26, 15, 8, 6]
96,3,5,[426, 76, 23]
97,6,13,[6, 5, 408, 26, 15, 8]
98,6,7,[6, 5, 408, 26, 15, 8]
99,6,14,[6, 5, 408, 26, 15, 8]
100,6,8,[5, 408, 26, 15, 8, 6]
101,6,13,[6, 5, 408, 26, 15, 8]
102,3,6,[426, 76, 23]
103,5,11,[414, 31, 434, 40, 11]
104,6,12,[6, 5, 408, 26, 15, 8]
105,6,6,[8, 6, 5, 408, 26, 15]
106,6,8,[6, 5, 408, 26, 15, 8]
107,6,9,[5, 408, 26, 15, 8, 6]
108,3,5,[426, 76, 23]
109,6,8,[6, 5, 408, 26, 15, 8]
110,6,7,[6, 5, 408, 26, 15, 8]
111,5,5,[11, 414, 31, 434, 40]
112,6,6,[8, 6, 5, 408, 26, 15]
113,5,11,[414, 31, 434, 40, 11]
114,6,8,[5, 408, 26, 15, 8, 6]
115,5,6,[414, 31, 434, 40, 11]
116,6,9,[5, 408, 26, 15, 8, 6]
117,6,12,[6, 5, 408, 26, 15, 8]
118,3,10,[426, 76, 23]
119,6,8,[5, 408, 26, 15, 8, 6]
120,6,8,[5, 408, 26, 15, 8, 6]
121,3,6,[426, 76, 23]
122,3,6,[426, 76, 23]
123,6,7,[8, 6, 5, 408, 26, 15]
124,5,10,[414, 31, 434, 40, 11]
125,6,6,[8, 6, 5, 408, 26, 15]
126,6,6,[8, 6, 5, 408, 26, 15]
127,5,11,[414, 31, 434, 40, 11]
128,6,8,[5, 408, 26, 15, 8, 6]
129,5,11,[414, 31, 434, 40, 11]
130,6,8,[5, 408, 26, 15, 8, 6]
131,6,11,[5, 408, 26, 15, 8, 6]
132,6,7,[6, 5, 408, 26, 15, 8]
133,6,6,[15, 8, 6, 5, 408, 26]
134,6,7,[15, 8, 6, 5, 408, 26]
135,6,8,[5, 408, 26, 15, 8, 6]
136,3,3,[426, 76, 23]
137,6,8,[6, 5, 408, 26, 15, 8]
138,5,6,[414, 31, 434, 40, 11]
139,3,5,[426, 76, 23]
140,6,7,[6, 5, 408, 26, 15, 8]
141,5,10,[414, 31, 434, 40, 11]
142,5,8,[414, 31, 434, 40, 11]
143,6,8,[5, 408, 26, 15, 8, 6]
144,6,8,[5, 408, 26, 15, 8, 6]
145,6,13,[6, 5, 408, 26, 15, 8]
146,3,6,[426, 76, 23]
147,6,14,[6, 5, 408, 26, 15, 8]
148,6,9,[8, 6, 5, 408, 26, 15]
149,5,11,[414, 31, 434, 40, 11]
150,6,6,[8, 6, 5, 408, 26, 15]
151,3,10,[426, 76, 23]
152,5,10,[414, 31, 434, 40, 11]
153,3,3,[426, 76, 23]
154,6,8,[5, 408, 26, 15, 8, 6]
155,5,10,[414, 31, 434, 40, 11]
156,6,8,[5, 408, 26, 15, 8, 6]
157,6,9,[5, 408, 26, 15, 8, 6]
158,5,10,[414, 31, 434, 40, 11]
159,3,6,[426, 76, 23]
160,6,6,[8, 6, 5, 408, 26, 15]
161,5,10,[414, 31, 434, 40, 11]
162,6,8,[5, 408, 26, 15, 8, 6]
163,6,10,[5, 408, 26, 15, 8, 6]
164,5,6,[414, 31, 434, 40, 11]
165,6,12,[6, 5, 408, 26, 15, 8]
166,3,7,[426, 76, 23]
167,6,17,[6, 5, 408, 26, 15, 8]
168,6,7,[6, 5, 408, 26, 15, 8]
169,6,6,[15, 8, 6, 5, 408, 26]
170,6,8,[5, 408, 26, 15, 8, 6]
171,5,10,[414, 31, 434, 40, 11]
172,6,9,[6, 5, 408, 26, 15, 8]
173,6,8,[6, 5, 408, 26, 15, 8]
174,6,13,[6, 5, 408, 26, 15, 8]
175,6,14,[6, 5, 408, 26, 15, 8]
176,6,12,[6, 5, 408, 26, 15, 8]
177,6,10,[5, 408, 26, 15, 8, 6]
178,6,9,[5, 408, 26, 15, 8, 6]
179,3,8,[426, 76, 23]
180,6,6,[8, 6, 5, 408, 26, 15]
181,6,10,[8, 6, 5, 408, 26, 15]
182,3,6,[426, 76, 23]
183,5,10,[414, 31, 434, 40, 11]
184,6,16,[6, 5, 408, 26, 15, 8]
185,5,10,[414, 31, 434, 40, 11]
186,5,10,[414, 31, 434, 40, 11]
187,5,6,[414, 31, 434, 40, 11]
188,6,9,[5, 408, 26, 15, 8, 6]
189,6,7,[6, 5, 408, 26, 15, 8]
190,6,6,[15, 8, 6, 5, 408, 26]
191,3,7,[426, 76, 23]
192,6,6,[8, 6, 5, 408, 26, 15]
193,3,5,[426, 76, 23]
194,6,15,[6, 5, 408, 26, 15, 8]
195,5,10,[414, 31, 434, 40, 11]
196,6,7,[6, 5, 408, 26, 15, 8]
197,6,13,[6, 5, 408, 26, 15, 8]
198,6,12,[6, 5, 408, 26, 15, 8]
199,6,16,[6, 5, 408, 26, 15, 8]
200,6,7,[6, 5, 408, 26, 15, 8]
