1,1,0,[1],[0]
2,7,7,[7, 10, 21, 208, 727, 1447, 2167],[1, 0, 0, 0, 1, 1, 0]
3,6,5,[5, 6, 8, 16, 39, 725],[1, 0, 0, 0, 0, 0]
4,1,0,[4],[0]
5,6,0,[5, 6, 8, 16, 39, 725],[1, 0, 0, 0, 0, 0]
6,6,0,[5, 6, 8, 16, 39, 725],[1, 0, 0, 0, 0, 0]
7,7,0,[7, 10, 21, 208, 727, 1447, 2167],[1, 0, 0, 0, 1, 1, 0]
8,6,0,[5, 6, 8, 16, 39, 725],[1, 0, 0, 0, 0, 0]
9,6,1,[5, 6, 8, 16, 39, 725],[1, 0, 0, 0, 0, 0]
10,7,0,[7, 10, 21, 208, 727, 1447, 2167],[1, 0, 0, 0, 1, 1, 0]
11,7,4,[7, 10, 21, 208, 727, 1447, 2167],[1, 0, 0, 0, 1, 1, 0]
12,7,1,[7, 10, 21, 208, 727, 1447, 2167],[1, 0, 0, 0, 1, 1, 0]
13,6,8,[5, 6, 8, 16, 39, 725],[1, 0, 0, 0, 0, 0]
14,6,2,[5, 6, 8, 16, 39, 725],[1, 0, 0, 0, 0, 0]
15,6,1,[5, 6, 8, 16, 39, 725],[1, 0, 0, 0, 0, 0]
16,6,0,[5, 6, 8, 16, 39, 725],[1, 0, 0, 0, 0, 0]
17,6,4,[5, 6, 8, 16, 39, 725],[1, 0, 0, 0, 0, 0]
18,6,1,[5, 6, 8, 16, 39, 725],[1, 0, 0, 0, 0, 0]
19,6,15,[5, 6, 8, 16, 39, 725],[1, 0, 0, 0, 0, 0]
20,6,2,[5, 6, 8, 16, 39, 725],[1, 0, 0, 0, 0, 0]
21,7,0,[7, 10, 21, 208, 727, 1447, 2167],[1, 0, 0, 0, 1, 1, 0]
22,6,9,[5, 6, 8, 16, 39, 725],[1, 0, 0, 0, 0, 0]
23,7,13,[7, 10, 21, 208, 727, 1447, 2167],[1, 0, 0, 0, 1, 1, 0]
24,6,2,[5, 6, 8, 16, 39, 725],[1, 0, 0, 0, 0, 0]
25,7,1,[7, 10, 21, 208, 727, 1447, 2167],[1, 0, 0, 0, 1, 1, 0]
26,6,2,[5, 6, 8, 16, 39, 725],[1, 0, 0, 0, 0, 0]
27,6,2,[5, 6, 8, 16, 39, 725],[1, 0, 0, 0, 0, 0]
28,7,5,[7, 10, 21, 208, 727, 1447, 2167],[1, 0, 0, 0, 1, 1, 0]
29,6,5,[5, 6, 8, 16, 39, 725],[1, 0, 0, 0, 0, 0]
30,7,1,[7, 10, 21, 208, 727, 1447, 2167],[1, 0, 0, 0, 1, 1, 0]
31,6,9,[5, 6, 8, 16, 39, 725],[1, 0, 0, 0, 0, 0]
32,7,1,[7, 10, 21, 208, 727, 1447, 2167],[1, 0, 0, 0, 1, 1, 0]
33,6,3,[5, 6, 8, 16, 39, 725],[1, 0, 0, 0, 0, 0]
34,6,16,[5, 6, 8, 16, 39, 725],[1, 0, 0, 0, 0, 0]
35,7,2,[7, 10, 21, 208, 727, 1447, 2167],[1, 0, 0, 0, 1, 1, 0]
36,7,1,[7, 10, 21, 208, 727, 1447, 2167],[1, 0, 0, 0, 1, 1, 0]
37,7,10,[7, 10, 21, 208, 727, 1447, 2167],[1, 0, 0, 0, 1, 1, 0]
38,7,1,[7, 10, 21, 208, 727, 1447, 2167],[1, 0, 0, 0, 1, 1, 0]
39,6,0,[5, 6, 8, 16, 39, 725],[1, 0, 0, 0, 0, 0]
40,7,5,[7, 10, 21, 208, 727, 1447, 2167],[1, 0, 0, 0, 1, 1, 0]
41,6,14,[5, 6, 8, 16, 39, 725],[1, 0, 0, 0, 0, 0]
42,7,2,[7, 10, 21, 208, 727, 1447, 2167],[1, 0, 0, 0, 1, 1, 0]
43,6,6,[5, 6, 8, 16, 39, 725],[1, 0, 0, 0, 0, 0]
44,6,2,[5, 6, 8, 16, 39, 725],[1, 0, 0, 0, 0, 0]
45,7,5,[7, 10, 21, 208, 727, 1447, 2167],[1, 0, 0, 0, 1, 1, 0]
46,7,2,[7, 10, 21, 208, 727, 1447, 2167],[1, 0, 0, 0, 1, 1, 0]
47,7,4,[7, 10, 21, 208, 727, 1447, 2167],[1, 0, 0, 0, 1, 1, 0]
48,7,5,[7, 10, 21, 208, 727, 1447, 2167],[1, 0, 0, 0, 1, 1, 0]
49,6,3,[5, 6, 8, 16, 39, 725],[1, 0, 0, 0, 0, 0]
50,7,2,[7, 10, 21, 208, 727, 1447, 2167],[1, 0, 0, 0, 1, 1, 0]
51,6,3,[5, 6, 8, 16, 39, 725],[1, 0, 0, 0, 0, 0]
52,6,5,[5, 6, 8, 16, 39, 725],[1, 0, 0, 0, 0, 0]
53,7,20,[7, 10, 21, 208, 727, 1447, 2167],[1, 0, 0, 0, 1, 1, 0]
54,7,5,[7, 10, 21, 208, 727, 1447, 2167],[1, 0, 0, 0, 1, 1, 0]
55,6,1,[5, 6, 8, 16, 39, 725],[1, 0, 0, 0, 0, 0]
56,6,9,[5, 6, 8, 16, 39, 725],[1, 0, 0, 0, 0, 0]
57,6,10,[5, 6, 8, 16, 39, 725],[1, 0, 0, 0, 0, 0]
58,6,10,[5, 6, 8, 16, 39, 725],[1, 0, 0, 0, 0, 0]
59,7,4,[7, 10, 21, 208, 727, 1447, 2167],[1, 0, 0, 0, 1, 1, 0]
60,7,2,[7, 10, 21, 208, 727, 1447, 2167],[1, 0, 0, 0, 1, 1, 0]
61,6,9,[5, 6, 8, 16, 39, 725],[1, 0, 0, 0, 0, 0]
62,6,4,[5, 6, 8, 16, 39, 725],[1, 0, 0, 0, 0, 0]
63,6,9,[5, 6, 8, 16, 39, 725],[1, 0, 0, 0, 0, 0]
64,7,2,[7, 10, 21, 208, 727, 1447, 2167],[1, 0, 0, 0, 1, 1, 0]
65,6,2,[5, 6, 8, 16, 39, 725],[1, 0, 0, 0, 0, 0]
66,6,1,[5, 6, 8, 16, 39, 725],[1, 0, 0, 0, 0, 0]
67,6,18,[5, 6, 8, 16, 39, 725],[1, 0, 0, 0, 0, 0]
68,7,1,[7, 10, 21, 208, 727, 1447, 2167],[1, 0, 0, 0, 1, 1, 0]
69,6,3,[5, 6, 8, 16, 39, 725],[1, 0, 0, 0, 0, 0]
70,6,3,[5, 6, 8, 16, 39, 725],[1, 0, 0, 0, 0, 0]
71,6,5,[5, 6, 8, 16, 39, 725],[1, 0, 0, 0, 0, 0]
72,7,2,[7, 10, 21, 208, 727, 1447, 2167],[1, 0, 0, 0, 1, 1, 0]
73,6,3,[5, 6, 8, 16, 39, 725],[1, 0, 0, 0, 0, 0]
74,6,1,[5, 6, 8, 16, 39, 725],[1, 0, 0, 0, 0, 0]
75,6,9,[5, 6, 8, 16, 39, 725],[1, 0, 0, 0, 0, 0]
76,7,14,[7, 10, 21, 208, 727, 1447, 2167],[1, 0, 0, 0, 1, 1, 0]
77,6,2,[5, 6, 8, 16, 39, 725],[1, 0, 0, 0, 0, 0]
78,6,2,[5, 6, 8, 16, 39, 725],[1, 0, 0, 0, 0, 0]
79,7,4,[7, 10, 21, 208, 727, 1447, 2167],[1, 0, 0, 0, 1, 1, 0]
80,6,9,[5, 6, 8, 16, 39, 725],[1, 0, 0, 0, 0, 0]
81,7,2,[7, 10, 21, 208, 727, 1447, 2167],[1, 0, 0, 0, 1, 1, 0]
82,6,7,[5, 6, 8, 16, 39, 725],[1, 0, 0, 0, 0, 0]
83,6,5,[5, 6, 8, 16, 39, 725],[1, 0, 0, 0, 0, 0]
84,6,3,[5, 6, 8, 16, 39, 725],[1, 0, 0, 0, 0, 0]
85,6,10,[5, 6, 8, 16, 39, 725],[1, 0, 0, 0, 0, 0]
86,7,6,[7, 10, 21, 208, 727, 1447, 2167],[1, 0, 0, 0, 1, 1, 0]
87,7,2,[7, 10, 21, 208, 727, 1447, 2167],[1, 0, 0, 0, 1, 1, 0]
88,6,5,[5, 6, 8, 16, 39, 725],[1, 0, 0, 0, 0, 0]
89,6,5,[5, 6, 8, 16, 39, 725],[1, 0, 0, 0, 0, 0]
90,6,9,[5, 6, 8, 16, 39, 725],[1, 0, 0, 0, 0, 0]
91,6,3,[5, 6, 8, 16, 39, 725],[1, 0, 0, 0, 0, 0]
92,6,3,[5, 6, 8, 16, 39, 725],[1, 0, 0, 0, 0, 0]
93,6,17,[5, 6, 8, 16, 39, 725],[1, 0, 0, 0, 0, 0]
94,6,4,[5, 6, 8, 16, 39, 725],[1, 0, 0, 0, 0, 0]
95,6,3,[5, 6, 8, 16, 39, 725],[1, 0, 0, 0, 0, 0]
96,6,9,[5, 6, 8, 16, 39, 725],[1, 0, 0, 0, 0, 0]
97,6,6,[5, 6, 8, 16, 39, 725],[1, 0, 0, 0, 0, 0]
98,6,1,[5, 6, 8, 16, 39, 725],[1, 0, 0, 0, 0, 0]
99,6,5,[5, 6, 8, 16, 39, 725],[1, 0, 0, 0, 0, 0]
100,6,3,[5, 6, 8, 16, 39, 725],[1, 0, 0, 0, 0, 0]
