1,1,0,[1],[0]
2,7,10,[5, 6, 9, 20, 51, 829, 1653],[1, 0, 0, 0, 0, 1, 0]
3,7,6,[5, 6, 9, 20, 51, 829, 1653],[1, 0, 0, 0, 0, 1, 0]
4,1,0,[4],[0]
5,7,0,[5, 6, 9, 20, 51, 829, 1653],[1, 0, 0, 0, 0, 1, 0]
6,7,0,[5, 6, 9, 20, 51, 829, 1653],[1, 0, 0, 0, 0, 1, 0]
7,7,5,[5, 6, 9, 20, 51, 829, 1653],[1, 0, 0, 0, 0, 1, 0]
8,7,1,[5, 6, 9, 20, 51, 829, 1653],[1, 0, 0, 0, 0, 1, 0]
9,7,0,[5, 6, 9, 20, 51, 829, 1653],[1, 0, 0, 0, 0, 1, 0]
10,7,6,[5, 6, 9, 20, 51, 829, 1653],[1, 0, 0, 0, 0, 1, 0]
11,9,0,[11, 13, 40, 47, 80, 172, 835, 837, 871],[1, 1, 0, 1, 0, 0, 0, 0, 0]
12,7,6,[5, 6, 9, 20, 51, 829, 1653],[1, 0, 0, 0, 0, 1, 0]
13,9,0,[11, 13, 40, 47, 80, 172, 835, 837, 871],[1, 1, 0, 1, 0, 0, 0, 0, 0]
14,7,1,[5, 6, 9, 20, 51, 829, 1653],[1, 0, 0, 0, 0, 1, 0]
15,7,2,[5, 6, 9, 20, 51, 829, 1653],[1, 0, 0, 0, 0, 1, 0]
16,7,2,[5, 6, 9, 20, 51, 829, 1653],[1, 0, 0, 0, 0, 1, 0]
17,7,12,[5, 6, 9, 20, 51, 829, 1653],[1, 0, 0, 0, 0, 1, 0]
18,7,2,[5, 6, 9, 20, 51, 829, 1653],[1, 0, 0, 0, 0, 1, 0]
19,9,4,[11, 13, 40, 47, 80, 172, 835, 837, 871],[1, 1, 0, 1, 0, 0, 0, 0, 0]
20,7,0,[5, 6, 9, 20, 51, 829, 1653],[1, 0, 0, 0, 0, 1, 0]
21,7,7,[5, 6, 9, 20, 51, 829, 1653],[1, 0, 0, 0, 0, 1, 0]
22,9,1,[11, 13, 40, 47, 80, 172, 835, 837, 871],[1, 1, 0, 1, 0, 0, 0, 0, 0]
23,9,10,[11, 13, 40, 47, 80, 172, 835, 837, 871],[1, 1, 0, 1, 0, 0, 0, 0, 0]
24,7,1,[5, 6, 9, 20, 51, 829, 1653],[1, 0, 0, 0, 0, 1, 0]
25,7,7,[5, 6, 9, 20, 51, 829, 1653],[1, 0, 0, 0, 0, 1, 0]
26,7,3,[5, 6, 9, 20, 51, 829, 1653],[1, 0, 0, 0, 0, 1, 0]
27,7,1,[5, 6, 9, 20, 51, 829, 1653],[1, 0, 0, 0, 0, 1, 0]
28,9,1,[11, 13, 40, 47, 80, 172, 835, 837, 871],[1, 1, 0, 1, 0, 0, 0, 0, 0]
29,9,8,[11, 13, 40, 47, 80, 172, 835, 837, 871],[1, 1, 0, 1, 0, 0, 0, 0, 0]
30,7,7,[5, 6, 9, 20, 51, 829, 1653],[1, 0, 0, 0, 0, 1, 0]
31,7,9,[5, 6, 9, 20, 51, 829, 1653],[1, 0, 0, 0, 0, 1, 0]
32,7,7,[5, 6, 9, 20, 51, 829, 1653],[1, 0, 0, 0, 0, 1, 0]
33,7,2,[5, 6, 9, 20, 51, 829, 1653],[1, 0, 0, 0, 0, 1, 0]
34,9,5,[11, 13, 40, 47, 80, 172, 835, 837, 871],[1, 1, 0, 1, 0, 0, 0, 0, 0]
35,7,7,[5, 6, 9, 20, 51, 829, 1653],[1, 0, 0, 0, 0, 1, 0]
36,7,7,[5, 6, 9, 20, 51, 829, 1653],[1, 0, 0, 0, 0, 1, 0]
37,7,2,[5, 6, 9, 20, 51, 829, 1653],[1, 0, 0, 0, 0, 1, 0]
38,7,8,[5, 6, 9, 20, 51, 829, 1653],[1, 0, 0, 0, 0, 1, 0]
39,7,3,[5, 6, 9, 20, 51, 829, 1653],[1, 0, 0, 0, 0, 1, 0]
40,9,0,[11, 13, 40, 47, 80, 172, 835, 837, 871],[1, 1, 0, 1, 0, 0, 0, 0, 0]
41,7,4,[5, 6, 9, 20, 51, 829, 1653],[1, 0, 0, 0, 0, 1, 0]
42,7,7,[5, 6, 9, 20, 51, 829, 1653],[1, 0, 0, 0, 0, 1, 0]
43,7,4,[5, 6, 9, 20, 51, 829, 1653],[1, 0, 0, 0, 0, 1, 0]
44,7,3,[5, 6, 9, 20, 51, 829, 1653],[1, 0, 0, 0, 0, 1, 0]
45,9,1,[11, 13, 40, 47, 80, 172, 835, 837, 871],[1, 1, 0, 1, 0, 0, 0, 0, 0]
46,7,8,[5, 6, 9, 20, 51, 829, 1653],[1, 0, 0, 0, 0, 1, 0]
47,9,0,[11, 13, 40, 47, 80, 172, 835, 837, 871],[1, 1, 0, 1, 0, 0, 0, 0, 0]
48,9,1,[11, 13, 40, 47, 80, 172, 835, 837, 871],[1, 1, 0, 1, 0, 0, 0, 0, 0]
49,7,2,[5, 6, 9, 20, 51, 829, 1653],[1, 0, 0, 0, 0, 1, 0]
50,7,7,[5, 6, 9, 20, 51, 829, 1653],[1, 0, 0, 0, 0, 1, 0]
51,7,0,[5, 6, 9, 20, 51, 829, 1653],[1, 0, 0, 0, 0, 1, 0]
52,7,13,[5, 6, 9, 20, 51, 829, 1653],[1, 0, 0, 0, 0, 1, 0]
53,9,4,[11, 13, 40, 47, 80, 172, 835, 837, 871],[1, 1, 0, 1, 0, 0, 0, 0, 0]
54,9,1,[11, 13, 40, 47, 80, 172, 835, 837, 871],[1, 1, 0, 1, 0, 0, 0, 0, 0]
55,7,3,[5, 6, 9, 20, 51, 829, 1653],[1, 0, 0, 0, 0, 1, 0]
56,9,1,[11, 13, 40, 47, 80, 172, 835, 837, 871],[1, 1, 0, 1, 0, 0, 0, 0, 0]
57,9,2,[11, 13, 40, 47, 80, 172, 835, 837, 871],[1, 1, 0, 1, 0, 0, 0, 0, 0]
58,7,10,[5, 6, 9, 20, 51, 829, 1653],[1, 0, 0, 0, 0, 1, 0]
59,9,5,[11, 13, 40, 47, 80, 172, 835, 837, 871],[1, 1, 0, 1, 0, 0, 0, 0, 0]
60,7,7,[5, 6, 9, 20, 51, 829, 1653],[1, 0, 0, 0, 0, 1, 0]
61,9,14,[11, 13, 40, 47, 80, 172, 835, 837, 871],[1, 1, 0, 1, 0, 0, 0, 0, 0]
62,7,3,[5, 6, 9, 20, 51, 829, 1653],[1, 0, 0, 0, 0, 1, 0]
63,9,1,[11, 13, 40, 47, 80, 172, 835, 837, 871],[1, 1, 0, 1, 0, 0, 0, 0, 0]
64,7,7,[5, 6, 9, 20, 51, 829, 1653],[1, 0, 0, 0, 0, 1, 0]
65,7,3,[5, 6, 9, 20, 51, 829, 1653],[1, 0, 0, 0, 0, 1, 0]
66,7,3,[5, 6, 9, 20, 51, 829, 1653],[1, 0, 0, 0, 0, 1, 0]
67,9,12,[11, 13, 40, 47, 80, 172, 835, 837, 871],[1, 1, 0, 1, 0, 0, 0, 0, 0]
68,7,8,[5, 6, 9, 20, 51, 829, 1653],[1, 0, 0, 0, 0, 1, 0]
69,7,4,[5, 6, 9, 20, 51, 829, 1653],[1, 0, 0, 0, 0, 1, 0]
70,7,2,[5, 6, 9, 20, 51, 829, 1653],[1, 0, 0, 0, 0, 1, 0]
71,9,11,[11, 13, 40, 47, 80, 172, 835, 837, 871],[1, 1, 0, 1, 0, 0, 0, 0, 0]
72,7,7,[5, 6, 9, 20, 51, 829, 1653],[1, 0, 0, 0, 0, 1, 0]
73,7,5,[5, 6, 9, 20, 51, 829, 1653],[1, 0, 0, 0, 0, 1, 0]
74,7,4,[5, 6, 9, 20, 51, 829, 1653],[1, 0, 0, 0, 0, 1, 0]
75,9,1,[11, 13, 40, 47, 80, 172, 835, 837, 871],[1, 1, 0, 1, 0, 0, 0, 0, 0]
76,9,11,[11, 13, 40, 47, 80, 172, 835, 837, 871],[1, 1, 0, 1, 0, 0, 0, 0, 0]
77,7,3,[5, 6, 9, 20, 51, 829, 1653],[1, 0, 0, 0, 0, 1, 0]
78,7,3,[5, 6, 9, 20, 51, 829, 1653],[1, 0, 0, 0, 0, 1, 0]
79,9,6,[11, 13, 40, 47, 80, 172, 835, 837, 871],[1, 1, 0, 1, 0, 0, 0, 0, 0]
80,9,0,[11, 13, 40, 47, 80, 172, 835, 837, 871],[1, 1, 0, 1, 0, 0, 0, 0, 0]
81,7,7,[5, 6, 9, 20, 51, 829, 1653],[1, 0, 0, 0, 0, 1, 0]
82,7,5,[5, 6, 9, 20, 51, 829, 1653],[1, 0, 0, 0, 0, 1, 0]
83,7,12,[5, 6, 9, 20, 51, 829, 1653],[1, 0, 0, 0, 0, 1, 0]
84,7,2,[5, 6, 9, 20, 51, 829, 1653],[1, 0, 0, 0, 0, 1, 0]
85,9,2,[11, 13, 40, 47, 80, 172, 835, 837, 871],[1, 1, 0, 1, 0, 0, 0, 0, 0]
86,9,2,[11, 13, 40, 47, 80, 172, 835, 837, 871],[1, 1, 0, 1, 0, 0, 0, 0, 0]
87,7,8,[5, 6, 9, 20, 51, 829, 1653],[1, 0, 0, 0, 0, 1, 0]
88,7,13,[5, 6, 9, 20, 51, 829, 1653],[1, 0, 0, 0, 0, 1, 0]
89,7,5,[5, 6, 9, 20, 51, 829, 1653],[1, 0, 0, 0, 0, 1, 0]
90,9,1,[11, 13, 40, 47, 80, 172, 835, 837, 871],[1, 1, 0, 1, 0, 0, 0, 0, 0]
91,7,1,[5, 6, 9, 20, 51, 829, 1653],[1, 0, 0, 0, 0, 1, 0]
92,7,2,[5, 6, 9, 20, 51, 829, 1653],[1, 0, 0, 0, 0, 1, 0]
93,9,6,[11, 13, 40, 47, 80, 172, 835, 837, 871],[1, 1, 0, 1, 0, 0, 0, 0, 0]
94,7,3,[5, 6, 9, 20, 51, 829, 1653],[1, 0, 0, 0, 0, 1, 0]
95,7,2,[5, 6, 9, 20, 51, 829, 1653],[1, 0, 0, 0, 0, 1, 0]
96,9,1,[11, 13, 40, 47, 80, 172, 835, 837, 871],[1, 1, 0, 1, 0, 0, 0, 0, 0]
97,7,11,[5, 6, 9, 20, 51, 829, 1653],[1, 0, 0, 0, 0, 1, 0]
98,7,3,[5, 6, 9, 20, 51, 829, 1653],[1, 0, 0, 0, 0, 1, 0]
99,7,13,[5, 6, 9, 20, 51, 829, 1653],[1, 0, 0, 0, 0, 1, 0]
100,7,2,[5, 6, 9, 20, 51, 829, 1653],[1, 0, 0, 0, 0, 1, 0]
