1,1,0,[1]
2,17,23,[5, 217, 38, 21, 10, 7, 219, 76, 23, 235, 52, 17, 229, 441, 20, 9, 6]
3,7,9,[223, 435, 37, 249, 86, 45, 11]
4,1,0,[4]
5,17,16,[217, 38, 21, 10, 7, 219, 76, 23, 235, 52, 17, 229, 441, 20, 9, 6, 5]
6,17,16,[5, 217, 38, 21, 10, 7, 219, 76, 23, 235, 52, 17, 229, 441, 20, 9, 6]
7,17,16,[219, 76, 23, 235, 52, 17, 229, 441, 20, 9, 6, 5, 217, 38, 21, 10, 7]
8,17,17,[5, 217, 38, 21, 10, 7, 219, 76, 23, 235, 52, 17, 229, 441, 20, 9, 6]
9,17,16,[6, 5, 217, 38, 21, 10, 7, 219, 76, 23, 235, 52, 17, 229, 441, 20, 9]
10,17,16,[7, 219, 76, 23, 235, 52, 17, 229, 441, 20, 9, 6, 5, 217, 38, 21, 10]
11,7,6,[223, 435, 37, 249, 86, 45, 11]
12,17,17,[219, 76, 23, 235, 52, 17, 229, 441, 20, 9, 6, 5, 217, 38, 21, 10, 7]
13,17,20,[5, 217, 38, 21, 10, 7, 219, 76, 23, 235, 52, 17, 229, 441, 20, 9, 6]
14,17,17,[6, 5, 217, 38, 21, 10, 7, 219, 76, 23, 235, 52, 17, 229, 441, 20, 9]
15,17,18,[5, 217, 38, 21, 10, 7, 219, 76, 23, 235, 52, 17, 229, 441, 20, 9, 6]
16,17,18,[5, 217, 38, 21, 10, 7, 219, 76, 23, 235, 52, 17, 229, 441, 20, 9, 6]
17,17,16,[229, 441, 20, 9, 6, 5, 217, 38, 21, 10, 7, 219, 76, 23, 235, 52, 17]
18,17,18,[5, 217, 38, 21, 10, 7, 219, 76, 23, 235, 52, 17, 229, 441, 20, 9, 6]
19,17,18,[10, 7, 219, 76, 23, 235, 52, 17, 229, 441, 20, 9, 6, 5, 217, 38, 21]
20,17,16,[9, 6, 5, 217, 38, 21, 10, 7, 219, 76, 23, 235, 52, 17, 229, 441, 20]
21,17,16,[10, 7, 219, 76, 23, 235, 52, 17, 229, 441, 20, 9, 6, 5, 217, 38, 21]
22,17,21,[5, 217, 38, 21, 10, 7, 219, 76, 23, 235, 52, 17, 229, 441, 20, 9, 6]
23,17,16,[235, 52, 17, 229, 441, 20, 9, 6, 5, 217, 38, 21, 10, 7, 219, 76, 23]
24,17,17,[6, 5, 217, 38, 21, 10, 7, 219, 76, 23, 235, 52, 17, 229, 441, 20, 9]
25,17,17,[7, 219, 76, 23, 235, 52, 17, 229, 441, 20, 9, 6, 5, 217, 38, 21, 10]
26,17,19,[5, 217, 38, 21, 10, 7, 219, 76, 23, 235, 52, 17, 229, 441, 20, 9, 6]
27,17,17,[6, 5, 217, 38, 21, 10, 7, 219, 76, 23, 235, 52, 17, 229, 441, 20, 9]
28,7,7,[223, 435, 37, 249, 86, 45, 11]
29,17,20,[9, 6, 5, 217, 38, 21, 10, 7, 219, 76, 23, 235, 52, 17, 229, 441, 20]
30,17,17,[7, 219, 76, 23, 235, 52, 17, 229, 441, 20, 9, 6, 5, 217, 38, 21, 10]
31,17,20,[5, 217, 38, 21, 10, 7, 219, 76, 23, 235, 52, 17, 229, 441, 20, 9, 6]
32,17,17,[7, 219, 76, 23, 235, 52, 17, 229, 441, 20, 9, 6, 5, 217, 38, 21, 10]
33,17,18,[6, 5, 217, 38, 21, 10, 7, 219, 76, 23, 235, 52, 17, 229, 441, 20, 9]
34,17,19,[10, 7, 219, 76, 23, 235, 52, 17, 229, 441, 20, 9, 6, 5, 217, 38, 21]
35,17,18,[219, 76, 23, 235, 52, 17, 229, 441, 20, 9, 6, 5, 217, 38, 21, 10, 7]
36,17,17,[7, 219, 76, 23, 235, 52, 17, 229, 441, 20, 9, 6, 5, 217, 38, 21, 10]
37,7,6,[249, 86, 45, 11, 223, 435, 37]
38,17,16,[21, 10, 7, 219, 76, 23, 235, 52, 17, 229, 441, 20, 9, 6, 5, 217, 38]
39,17,19,[5, 217, 38, 21, 10, 7, 219, 76, 23, 235, 52, 17, 229, 441, 20, 9, 6]
40,7,7,[223, 435, 37, 249, 86, 45, 11]
41,17,21,[10, 7, 219, 76, 23, 235, 52, 17, 229, 441, 20, 9, 6, 5, 217, 38, 21]
42,17,18,[219, 76, 23, 235, 52, 17, 229, 441, 20, 9, 6, 5, 217, 38, 21, 10, 7]
43,17,19,[7, 219, 76, 23, 235, 52, 17, 229, 441, 20, 9, 6, 5, 217, 38, 21, 10]
44,17,19,[5, 217, 38, 21, 10, 7, 219, 76, 23, 235, 52, 17, 229, 441, 20, 9, 6]
45,7,6,[11, 223, 435, 37, 249, 86, 45]
46,17,18,[7, 219, 76, 23, 235, 52, 17, 229, 441, 20, 9, 6, 5, 217, 38, 21, 10]
47,17,21,[5, 217, 38, 21, 10, 7, 219, 76, 23, 235, 52, 17, 229, 441, 20, 9, 6]
48,7,7,[223, 435, 37, 249, 86, 45, 11]
49,17,18,[6, 5, 217, 38, 21, 10, 7, 219, 76, 23, 235, 52, 17, 229, 441, 20, 9]
50,17,18,[219, 76, 23, 235, 52, 17, 229, 441, 20, 9, 6, 5, 217, 38, 21, 10, 7]
51,17,17,[9, 6, 5, 217, 38, 21, 10, 7, 219, 76, 23, 235, 52, 17, 229, 441, 20]
52,17,16,[17, 229, 441, 20, 9, 6, 5, 217, 38, 21, 10, 7, 219, 76, 23, 235, 52]
53,17,23,[5, 217, 38, 21, 10, 7, 219, 76, 23, 235, 52, 17, 229, 441, 20, 9, 6]
54,7,7,[223, 435, 37, 249, 86, 45, 11]
55,17,19,[5, 217, 38, 21, 10, 7, 219, 76, 23, 235, 52, 17, 229, 441, 20, 9, 6]
56,17,21,[5, 217, 38, 21, 10, 7, 219, 76, 23, 235, 52, 17, 229, 441, 20, 9, 6]
57,17,22,[5, 217, 38, 21, 10, 7, 219, 76, 23, 235, 52, 17, 229, 441, 20, 9, 6]
58,17,21,[5, 217, 38, 21, 10, 7, 219, 76, 23, 235, 52, 17, 229, 441, 20, 9, 6]
59,17,21,[6, 5, 217, 38, 21, 10, 7, 219, 76, 23, 235, 52, 17, 229, 441, 20, 9]
60,17,18,[219, 76, 23, 235, 52, 17, 229, 441, 20, 9, 6, 5, 217, 38, 21, 10, 7]
61,17,18,[235, 52, 17, 229, 441, 20, 9, 6, 5, 217, 38, 21, 10, 7, 219, 76, 23]
62,17,19,[6, 5, 217, 38, 21, 10, 7, 219, 76, 23, 235, 52, 17, 229, 441, 20, 9]
63,17,21,[5, 217, 38, 21, 10, 7, 219, 76, 23, 235, 52, 17, 229, 441, 20, 9, 6]
64,17,18,[219, 76, 23, 235, 52, 17, 229, 441, 20, 9, 6, 5, 217, 38, 21, 10, 7]
65,17,19,[5, 217, 38, 21, 10, 7, 219, 76, 23, 235, 52, 17, 229, 441, 20, 9, 6]
66,17,19,[5, 217, 38, 21, 10, 7, 219, 76, 23, 235, 52, 17, 229, 441, 20, 9, 6]
67,7,8,[249, 86, 45, 11, 223, 435, 37]
68,17,17,[10, 7, 219, 76, 23, 235, 52, 17, 229, 441, 20, 9, 6, 5, 217, 38, 21]
69,17,20,[5, 217, 38, 21, 10, 7, 219, 76, 23, 235, 52, 17, 229, 441, 20, 9, 6]
70,17,18,[6, 5, 217, 38, 21, 10, 7, 219, 76, 23, 235, 52, 17, 229, 441, 20, 9]
71,17,24,[5, 217, 38, 21, 10, 7, 219, 76, 23, 235, 52, 17, 229, 441, 20, 9, 6]
72,17,18,[219, 76, 23, 235, 52, 17, 229, 441, 20, 9, 6, 5, 217, 38, 21, 10, 7]
73,17,19,[6, 5, 217, 38, 21, 10, 7, 219, 76, 23, 235, 52, 17, 229, 441, 20, 9]
74,17,20,[5, 217, 38, 21, 10, 7, 219, 76, 23, 235, 52, 17, 229, 441, 20, 9, 6]
75,17,21,[5, 217, 38, 21, 10, 7, 219, 76, 23, 235, 52, 17, 229, 441, 20, 9, 6]
76,17,16,[23, 235, 52, 17, 229, 441, 20, 9, 6, 5, 217, 38, 21, 10, 7, 219, 76]
77,17,19,[5, 217, 38, 21, 10, 7, 219, 76, 23, 235, 52, 17, 229, 441, 20, 9, 6]
78,17,19,[5, 217, 38, 21, 10, 7, 219, 76, 23, 235, 52, 17, 229, 441, 20, 9, 6]
79,17,20,[6, 5, 217, 38, 21, 10, 7, 219, 76, 23, 235, 52, 17, 229, 441, 20, 9]
80,17,21,[5, 217, 38, 21, 10, 7, 219, 76, 23, 235, 52, 17, 229, 441, 20, 9, 6]
81,17,18,[219, 76, 23, 235, 52, 17, 229, 441, 20, 9, 6, 5, 217, 38, 21, 10, 7]
82,17,20,[7, 219, 76, 23, 235, 52, 17, 229, 441, 20, 9, 6, 5, 217, 38, 21, 10]
83,17,20,[219, 76, 23, 235, 52, 17, 229, 441, 20, 9, 6, 5, 217, 38, 21, 10, 7]
84,17,18,[6, 5, 217, 38, 21, 10, 7, 219, 76, 23, 235, 52, 17, 229, 441, 20, 9]
85,17,22,[5, 217, 38, 21, 10, 7, 219, 76, 23, 235, 52, 17, 229, 441, 20, 9, 6]
86,7,6,[45, 11, 223, 435, 37, 249, 86]
87,17,18,[7, 219, 76, 23, 235, 52, 17, 229, 441, 20, 9, 6, 5, 217, 38, 21, 10]
88,17,17,[229, 441, 20, 9, 6, 5, 217, 38, 21, 10, 7, 219, 76, 23, 235, 52, 17]
89,17,20,[219, 76, 23, 235, 52, 17, 229, 441, 20, 9, 6, 5, 217, 38, 21, 10, 7]
90,17,21,[5, 217, 38, 21, 10, 7, 219, 76, 23, 235, 52, 17, 229, 441, 20, 9, 6]
91,17,17,[9, 6, 5, 217, 38, 21, 10, 7, 219, 76, 23, 235, 52, 17, 229, 441, 20]
92,17,18,[6, 5, 217, 38, 21, 10, 7, 219, 76, 23, 235, 52, 17, 229, 441, 20, 9]
93,17,20,[10, 7, 219, 76, 23, 235, 52, 17, 229, 441, 20, 9, 6, 5, 217, 38, 21]
94,17,19,[6, 5, 217, 38, 21, 10, 7, 219, 76, 23, 235, 52, 17, 229, 441, 20, 9]
95,17,18,[6, 5, 217, 38, 21, 10, 7, 219, 76, 23, 235, 52, 17, 229, 441, 20, 9]
96,17,21,[5, 217, 38, 21, 10, 7, 219, 76, 23, 235, 52, 17, 229, 441, 20, 9, 6]
97,17,22,[5, 217, 38, 21, 10, 7, 219, 76, 23, 235, 52, 17, 229, 441, 20, 9, 6]
98,17,19,[5, 217, 38, 21, 10, 7, 219, 76, 23, 235, 52, 17, 229, 441, 20, 9, 6]
99,17,17,[229, 441, 20, 9, 6, 5, 217, 38, 21, 10, 7, 219, 76, 23, 235, 52, 17]
100,17,18,[6, 5, 217, 38, 21, 10, 7, 219, 76, 23, 235, 52, 17, 229, 441, 20, 9]
101,17,19,[9, 6, 5, 217, 38, 21, 10, 7, 219, 76, 23, 235, 52, 17, 229, 441, 20]
102,17,22,[5, 217, 38, 21, 10, 7, 219, 76, 23, 235, 52, 17, 229, 441, 20, 9, 6]
103,17,20,[5, 217, 38, 21, 10, 7, 219, 76, 23, 235, 52, 17, 229, 441, 20, 9, 6]
104,17,19,[10, 7, 219, 76, 23, 235, 52, 17, 229, 441, 20, 9, 6, 5, 217, 38, 21]
105,17,19,[5, 217, 38, 21, 10, 7, 219, 76, 23, 235, 52, 17, 229, 441, 20, 9, 6]
106,17,20,[5, 217, 38, 21, 10, 7, 219, 76, 23, 235, 52, 17, 229, 441, 20, 9, 6]
107,7,9,[223, 435, 37, 249, 86, 45, 11]
108,17,21,[5, 217, 38, 21, 10, 7, 219, 76, 23, 235, 52, 17, 229, 441, 20, 9, 6]
109,17,21,[5, 217, 38, 21, 10, 7, 219, 76, 23, 235, 52, 17, 229, 441, 20, 9, 6]
110,17,19,[5, 217, 38, 21, 10, 7, 219, 76, 23, 235, 52, 17, 229, 441, 20, 9, 6]
111,7,8,[223, 435, 37, 249, 86, 45, 11]
112,17,19,[5, 217, 38, 21, 10, 7, 219, 76, 23, 235, 52, 17, 229, 441, 20, 9, 6]
113,17,18,[235, 52, 17, 229, 441, 20, 9, 6, 5, 217, 38, 21, 10, 7, 219, 76, 23]
114,17,18,[6, 5, 217, 38, 21, 10, 7, 219, 76, 23, 235, 52, 17, 229, 441, 20, 9]
115,7,8,[223, 435, 37, 249, 86, 45, 11]
116,17,19,[6, 5, 217, 38, 21, 10, 7, 219, 76, 23, 235, 52, 17, 229, 441, 20, 9]
117,17,19,[10, 7, 219, 76, 23, 235, 52, 17, 229, 441, 20, 9, 6, 5, 217, 38, 21]
118,17,19,[235, 52, 17, 229, 441, 20, 9, 6, 5, 217, 38, 21, 10, 7, 219, 76, 23]
119,17,18,[6, 5, 217, 38, 21, 10, 7, 219, 76, 23, 235, 52, 17, 229, 441, 20, 9]
120,17,18,[6, 5, 217, 38, 21, 10, 7, 219, 76, 23, 235, 52, 17, 229, 441, 20, 9]
121,17,22,[5, 217, 38, 21, 10, 7, 219, 76, 23, 235, 52, 17, 229, 441, 20, 9, 6]
122,17,22,[5, 217, 38, 21, 10, 7, 219, 76, 23, 235, 52, 17, 229, 441, 20, 9, 6]
123,17,20,[5, 217, 38, 21, 10, 7, 219, 76, 23, 235, 52, 17, 229, 441, 20, 9, 6]
124,17,19,[219, 76, 23, 235, 52, 17, 229, 441, 20, 9, 6, 5, 217, 38, 21, 10, 7]
125,17,19,[5, 217, 38, 21, 10, 7, 219, 76, 23, 235, 52, 17, 229, 441, 20, 9, 6]
126,17,19,[5, 217, 38, 21, 10, 7, 219, 76, 23, 235, 52, 17, 229, 441, 20, 9, 6]
127,17,21,[6, 5, 217, 38, 21, 10, 7, 219, 76, 23, 235, 52, 17, 229, 441, 20, 9]
128,17,18,[6, 5, 217, 38, 21, 10, 7, 219, 76, 23, 235, 52, 17, 229, 441, 20, 9]
129,17,19,[7, 219, 76, 23, 235, 52, 17, 229, 441, 20, 9, 6, 5, 217, 38, 21, 10]
130,17,17,[9, 6, 5, 217, 38, 21, 10, 7, 219, 76, 23, 235, 52, 17, 229, 441, 20]
131,17,18,[10, 7, 219, 76, 23, 235, 52, 17, 229, 441, 20, 9, 6, 5, 217, 38, 21]
132,17,19,[5, 217, 38, 21, 10, 7, 219, 76, 23, 235, 52, 17, 229, 441, 20, 9, 6]
133,17,20,[5, 217, 38, 21, 10, 7, 219, 76, 23, 235, 52, 17, 229, 441, 20, 9, 6]
134,17,21,[5, 217, 38, 21, 10, 7, 219, 76, 23, 235, 52, 17, 229, 441, 20, 9, 6]
135,17,18,[6, 5, 217, 38, 21, 10, 7, 219, 76, 23, 235, 52, 17, 229, 441, 20, 9]
136,17,17,[235, 52, 17, 229, 441, 20, 9, 6, 5, 217, 38, 21, 10, 7, 219, 76, 23]
137,17,23,[5, 217, 38, 21, 10, 7, 219, 76, 23, 235, 52, 17, 229, 441, 20, 9, 6]
138,7,8,[223, 435, 37, 249, 86, 45, 11]
139,17,23,[5, 217, 38, 21, 10, 7, 219, 76, 23, 235, 52, 17, 229, 441, 20, 9, 6]
140,17,19,[5, 217, 38, 21, 10, 7, 219, 76, 23, 235, 52, 17, 229, 441, 20, 9, 6]
141,17,19,[219, 76, 23, 235, 52, 17, 229, 441, 20, 9, 6, 5, 217, 38, 21, 10, 7]
142,17,20,[6, 5, 217, 38, 21, 10, 7, 219, 76, 23, 235, 52, 17, 229, 441, 20, 9]
143,17,18,[6, 5, 217, 38, 21, 10, 7, 219, 76, 23, 235, 52, 17, 229, 441, 20, 9]
144,17,18,[6, 5, 217, 38, 21, 10, 7, 219, 76, 23, 235, 52, 17, 229, 441, 20, 9]
145,17,20,[10, 7, 219, 76, 23, 235, 52, 17, 229, 441, 20, 9, 6, 5, 217, 38, 21]
146,17,22,[5, 217, 38, 21, 10, 7, 219, 76, 23, 235, 52, 17, 229, 441, 20, 9, 6]
147,17,17,[229, 441, 20, 9, 6, 5, 217, 38, 21, 10, 7, 219, 76, 23, 235, 52, 17]
148,17,22,[10, 7, 219, 76, 23, 235, 52, 17, 229, 441, 20, 9, 6, 5, 217, 38, 21]
149,17,18,[21, 10, 7, 219, 76, 23, 235, 52, 17, 229, 441, 20, 9, 6, 5, 217, 38]
150,17,19,[5, 217, 38, 21, 10, 7, 219, 76, 23, 235, 52, 17, 229, 441, 20, 9, 6]
151,17,19,[7, 219, 76, 23, 235, 52, 17, 229, 441, 20, 9, 6, 5, 217, 38, 21, 10]
152,17,18,[7, 219, 76, 23, 235, 52, 17, 229, 441, 20, 9, 6, 5, 217, 38, 21, 10]
153,17,17,[235, 52, 17, 229, 441, 20, 9, 6, 5, 217, 38, 21, 10, 7, 219, 76, 23]
154,17,17,[9, 6, 5, 217, 38, 21, 10, 7, 219, 76, 23, 235, 52, 17, 229, 441, 20]
155,17,18,[7, 219, 76, 23, 235, 52, 17, 229, 441, 20, 9, 6, 5, 217, 38, 21, 10]
156,17,17,[9, 6, 5, 217, 38, 21, 10, 7, 219, 76, 23, 235, 52, 17, 229, 441, 20]
157,17,23,[5, 217, 38, 21, 10, 7, 219, 76, 23, 235, 52, 17, 229, 441, 20, 9, 6]
158,17,19,[219, 76, 23, 235, 52, 17, 229, 441, 20, 9, 6, 5, 217, 38, 21, 10, 7]
159,17,22,[5, 217, 38, 21, 10, 7, 219, 76, 23, 235, 52, 17, 229, 441, 20, 9, 6]
160,17,19,[5, 217, 38, 21, 10, 7, 219, 76, 23, 235, 52, 17, 229, 441, 20, 9, 6]
161,17,18,[7, 219, 76, 23, 235, 52, 17, 229, 441, 20, 9, 6, 5, 217, 38, 21, 10]
162,17,18,[6, 5, 217, 38, 21, 10, 7, 219, 76, 23, 235, 52, 17, 229, 441, 20, 9]
163,17,20,[5, 217, 38, 21, 10, 7, 219, 76, 23, 235, 52, 17, 229, 441, 20, 9, 6]
164,7,7,[11, 223, 435, 37, 249, 86, 45]
165,17,19,[10, 7, 219, 76, 23, 235, 52, 17, 229, 441, 20, 9, 6, 5, 217, 38, 21]
166,17,23,[5, 217, 38, 21, 10, 7, 219, 76, 23, 235, 52, 17, 229, 441, 20, 9, 6]
167,17,22,[5, 217, 38, 21, 10, 7, 219, 76, 23, 235, 52, 17, 229, 441, 20, 9, 6]
168,17,19,[5, 217, 38, 21, 10, 7, 219, 76, 23, 235, 52, 17, 229, 441, 20, 9, 6]
169,17,20,[5, 217, 38, 21, 10, 7, 219, 76, 23, 235, 52, 17, 229, 441, 20, 9, 6]
170,17,18,[6, 5, 217, 38, 21, 10, 7, 219, 76, 23, 235, 52, 17, 229, 441, 20, 9]
171,17,18,[7, 219, 76, 23, 235, 52, 17, 229, 441, 20, 9, 6, 5, 217, 38, 21, 10]
172,17,22,[5, 217, 38, 21, 10, 7, 219, 76, 23, 235, 52, 17, 229, 441, 20, 9, 6]
173,17,18,[235, 52, 17, 229, 441, 20, 9, 6, 5, 217, 38, 21, 10, 7, 219, 76, 23]
174,17,20,[10, 7, 219, 76, 23, 235, 52, 17, 229, 441, 20, 9, 6, 5, 217, 38, 21]
175,17,17,[229, 441, 20, 9, 6, 5, 217, 38, 21, 10, 7, 219, 76, 23, 235, 52, 17]
176,17,19,[10, 7, 219, 76, 23, 235, 52, 17, 229, 441, 20, 9, 6, 5, 217, 38, 21]
177,17,20,[6, 5, 217, 38, 21, 10, 7, 219, 76, 23, 235, 52, 17, 229, 441, 20, 9]
178,17,18,[9, 6, 5, 217, 38, 21, 10, 7, 219, 76, 23, 235, 52, 17, 229, 441, 20]
179,7,9,[223, 435, 37, 249, 86, 45, 11]
180,17,19,[5, 217, 38, 21, 10, 7, 219, 76, 23, 235, 52, 17, 229, 441, 20, 9, 6]
181,17,23,[5, 217, 38, 21, 10, 7, 219, 76, 23, 235, 52, 17, 229, 441, 20, 9, 6]
182,17,22,[5, 217, 38, 21, 10, 7, 219, 76, 23, 235, 52, 17, 229, 441, 20, 9, 6]
183,17,19,[219, 76, 23, 235, 52, 17, 229, 441, 20, 9, 6, 5, 217, 38, 21, 10, 7]
184,17,21,[9, 6, 5, 217, 38, 21, 10, 7, 219, 76, 23, 235, 52, 17, 229, 441, 20]
185,17,19,[219, 76, 23, 235, 52, 17, 229, 441, 20, 9, 6, 5, 217, 38, 21, 10, 7]
186,17,18,[7, 219, 76, 23, 235, 52, 17, 229, 441, 20, 9, 6, 5, 217, 38, 21, 10]
187,7,8,[223, 435, 37, 249, 86, 45, 11]
188,17,18,[9, 6, 5, 217, 38, 21, 10, 7, 219, 76, 23, 235, 52, 17, 229, 441, 20]
189,17,19,[5, 217, 38, 21, 10, 7, 219, 76, 23, 235, 52, 17, 229, 441, 20, 9, 6]
190,17,20,[5, 217, 38, 21, 10, 7, 219, 76, 23, 235, 52, 17, 229, 441, 20, 9, 6]
191,17,21,[5, 217, 38, 21, 10, 7, 219, 76, 23, 235, 52, 17, 229, 441, 20, 9, 6]
192,17,19,[5, 217, 38, 21, 10, 7, 219, 76, 23, 235, 52, 17, 229, 441, 20, 9, 6]
193,17,18,[229, 441, 20, 9, 6, 5, 217, 38, 21, 10, 7, 219, 76, 23, 235, 52, 17]
194,17,18,[229, 441, 20, 9, 6, 5, 217, 38, 21, 10, 7, 219, 76, 23, 235, 52, 17]
195,17,17,[10, 7, 219, 76, 23, 235, 52, 17, 229, 441, 20, 9, 6, 5, 217, 38, 21]
196,17,19,[5, 217, 38, 21, 10, 7, 219, 76, 23, 235, 52, 17, 229, 441, 20, 9, 6]
197,17,20,[7, 219, 76, 23, 235, 52, 17, 229, 441, 20, 9, 6, 5, 217, 38, 21, 10]
198,17,19,[10, 7, 219, 76, 23, 235, 52, 17, 229, 441, 20, 9, 6, 5, 217, 38, 21]
199,17,21,[5, 217, 38, 21, 10, 7, 219, 76, 23, 235, 52, 17, 229, 441, 20, 9, 6]
200,17,19,[5, 217, 38, 21, 10, 7, 219, 76, 23, 235, 52, 17, 229, 441, 20, 9, 6]
