1,1,0,[1],[0]
2,9,4,[5, 6, 9, 14, 31, 49, 58, 318, 344],[1, 0, 0, 0, 1, 0, 0, 0, 0]
3,6,4,[7, 10, 17, 21, 320, 330],[1, 0, 1, 0, 0, 0]
4,1,0,[4],[0]
5,9,0,[5, 6, 9, 14, 31, 49, 58, 318, 344],[1, 0, 0, 0, 1, 0, 0, 0, 0]
6,9,0,[5, 6, 9, 14, 31, 49, 58, 318, 344],[1, 0, 0, 0, 1, 0, 0, 0, 0]
7,6,0,[7, 10, 17, 21, 320, 330],[1, 0, 1, 0, 0, 0]
8,9,1,[5, 6, 9, 14, 31, 49, 58, 318, 344],[1, 0, 0, 0, 1, 0, 0, 0, 0]
9,9,0,[5, 6, 9, 14, 31, 49, 58, 318, 344],[1, 0, 0, 0, 1, 0, 0, 0, 0]
10,6,0,[7, 10, 17, 21, 320, 330],[1, 0, 1, 0, 0, 0]
11,9,4,[5, 6, 9, 14, 31, 49, 58, 318, 344],[1, 0, 0, 0, 1, 0, 0, 0, 0]
12,6,1,[7, 10, 17, 21, 320, 330],[1, 0, 1, 0, 0, 0]
13,6,7,[7, 10, 17, 21, 320, 330],[1, 0, 1, 0, 0, 0]
14,9,0,[5, 6, 9, 14, 31, 49, 58, 318, 344],[1, 0, 0, 0, 1, 0, 0, 0, 0]
15,9,2,[5, 6, 9, 14, 31, 49, 58, 318, 344],[1, 0, 0, 0, 1, 0, 0, 0, 0]
16,9,2,[5, 6, 9, 14, 31, 49, 58, 318, 344],[1, 0, 0, 0, 1, 0, 0, 0, 0]
17,6,0,[7, 10, 17, 21, 320, 330],[1, 0, 1, 0, 0, 0]
18,9,2,[5, 6, 9, 14, 31, 49, 58, 318, 344],[1, 0, 0, 0, 1, 0, 0, 0, 0]
19,6,4,[7, 10, 17, 21, 320, 330],[1, 0, 1, 0, 0, 0]
20,9,1,[5, 6, 9, 14, 31, 49, 58, 318, 344],[1, 0, 0, 0, 1, 0, 0, 0, 0]
21,6,0,[7, 10, 17, 21, 320, 330],[1, 0, 1, 0, 0, 0]
22,6,8,[7, 10, 17, 21, 320, 330],[1, 0, 1, 0, 0, 0]
23,9,4,[5, 6, 9, 14, 31, 49, 58, 318, 344],[1, 0, 0, 0, 1, 0, 0, 0, 0]
24,9,1,[5, 6, 9, 14, 31, 49, 58, 318, 344],[1, 0, 0, 0, 1, 0, 0, 0, 0]
25,6,1,[7, 10, 17, 21, 320, 330],[1, 0, 1, 0, 0, 0]
26,9,3,[5, 6, 9, 14, 31, 49, 58, 318, 344],[1, 0, 0, 0, 1, 0, 0, 0, 0]
27,9,1,[5, 6, 9, 14, 31, 49, 58, 318, 344],[1, 0, 0, 0, 1, 0, 0, 0, 0]
28,9,5,[5, 6, 9, 14, 31, 49, 58, 318, 344],[1, 0, 0, 0, 1, 0, 0, 0, 0]
29,9,3,[5, 6, 9, 14, 31, 49, 58, 318, 344],[1, 0, 0, 0, 1, 0, 0, 0, 0]
30,6,1,[7, 10, 17, 21, 320, 330],[1, 0, 1, 0, 0, 0]
31,9,0,[5, 6, 9, 14, 31, 49, 58, 318, 344],[1, 0, 0, 0, 1, 0, 0, 0, 0]
32,6,1,[7, 10, 17, 21, 320, 330],[1, 0, 1, 0, 0, 0]
33,9,1,[5, 6, 9, 14, 31, 49, 58, 318, 344],[1, 0, 0, 0, 1, 0, 0, 0, 0]
34,6,5,[7, 10, 17, 21, 320, 330],[1, 0, 1, 0, 0, 0]
35,6,2,[7, 10, 17, 21, 320, 330],[1, 0, 1, 0, 0, 0]
36,6,1,[7, 10, 17, 21, 320, 330],[1, 0, 1, 0, 0, 0]
37,6,6,[7, 10, 17, 21, 320, 330],[1, 0, 1, 0, 0, 0]
38,6,1,[7, 10, 17, 21, 320, 330],[1, 0, 1, 0, 0, 0]
39,9,3,[5, 6, 9, 14, 31, 49, 58, 318, 344],[1, 0, 0, 0, 1, 0, 0, 0, 0]
40,9,5,[5, 6, 9, 14, 31, 49, 58, 318, 344],[1, 0, 0, 0, 1, 0, 0, 0, 0]
41,6,4,[7, 10, 17, 21, 320, 330],[1, 0, 1, 0, 0, 0]
42,6,2,[7, 10, 17, 21, 320, 330],[1, 0, 1, 0, 0, 0]
43,6,8,[7, 10, 17, 21, 320, 330],[1, 0, 1, 0, 0, 0]
44,9,3,[5, 6, 9, 14, 31, 49, 58, 318, 344],[1, 0, 0, 0, 1, 0, 0, 0, 0]
45,9,5,[5, 6, 9, 14, 31, 49, 58, 318, 344],[1, 0, 0, 0, 1, 0, 0, 0, 0]
46,6,2,[7, 10, 17, 21, 320, 330],[1, 0, 1, 0, 0, 0]
47,6,2,[7, 10, 17, 21, 320, 330],[1, 0, 1, 0, 0, 0]
48,9,5,[5, 6, 9, 14, 31, 49, 58, 318, 344],[1, 0, 0, 0, 1, 0, 0, 0, 0]
49,9,0,[5, 6, 9, 14, 31, 49, 58, 318, 344],[1, 0, 0, 0, 1, 0, 0, 0, 0]
50,6,2,[7, 10, 17, 21, 320, 330],[1, 0, 1, 0, 0, 0]
51,9,2,[5, 6, 9, 14, 31, 49, 58, 318, 344],[1, 0, 0, 0, 1, 0, 0, 0, 0]
52,6,1,[7, 10, 17, 21, 320, 330],[1, 0, 1, 0, 0, 0]
53,9,5,[5, 6, 9, 14, 31, 49, 58, 318, 344],[1, 0, 0, 0, 1, 0, 0, 0, 0]
54,9,5,[5, 6, 9, 14, 31, 49, 58, 318, 344],[1, 0, 0, 0, 1, 0, 0, 0, 0]
55,9,3,[5, 6, 9, 14, 31, 49, 58, 318, 344],[1, 0, 0, 0, 1, 0, 0, 0, 0]
56,6,8,[7, 10, 17, 21, 320, 330],[1, 0, 1, 0, 0, 0]
57,6,9,[7, 10, 17, 21, 320, 330],[1, 0, 1, 0, 0, 0]
58,9,0,[5, 6, 9, 14, 31, 49, 58, 318, 344],[1, 0, 0, 0, 1, 0, 0, 0, 0]
59,6,3,[7, 10, 17, 21, 320, 330],[1, 0, 1, 0, 0, 0]
60,6,2,[7, 10, 17, 21, 320, 330],[1, 0, 1, 0, 0, 0]
61,6,3,[7, 10, 17, 21, 320, 330],[1, 0, 1, 0, 0, 0]
62,9,2,[5, 6, 9, 14, 31, 49, 58, 318, 344],[1, 0, 0, 0, 1, 0, 0, 0, 0]
63,6,8,[7, 10, 17, 21, 320, 330],[1, 0, 1, 0, 0, 0]
64,6,2,[7, 10, 17, 21, 320, 330],[1, 0, 1, 0, 0, 0]
65,9,3,[5, 6, 9, 14, 31, 49, 58, 318, 344],[1, 0, 0, 0, 1, 0, 0, 0, 0]
66,9,3,[5, 6, 9, 14, 31, 49, 58, 318, 344],[1, 0, 0, 0, 1, 0, 0, 0, 0]
67,9,7,[5, 6, 9, 14, 31, 49, 58, 318, 344],[1, 0, 0, 0, 1, 0, 0, 0, 0]
68,6,1,[7, 10, 17, 21, 320, 330],[1, 0, 1, 0, 0, 0]
69,9,4,[5, 6, 9, 14, 31, 49, 58, 318, 344],[1, 0, 0, 0, 1, 0, 0, 0, 0]
70,9,1,[5, 6, 9, 14, 31, 49, 58, 318, 344],[1, 0, 0, 0, 1, 0, 0, 0, 0]
71,6,2,[7, 10, 17, 21, 320, 330],[1, 0, 1, 0, 0, 0]
72,6,2,[7, 10, 17, 21, 320, 330],[1, 0, 1, 0, 0, 0]
73,6,3,[7, 10, 17, 21, 320, 330],[1, 0, 1, 0, 0, 0]
74,9,4,[5, 6, 9, 14, 31, 49, 58, 318, 344],[1, 0, 0, 0, 1, 0, 0, 0, 0]
75,6,8,[7, 10, 17, 21, 320, 330],[1, 0, 1, 0, 0, 0]
76,9,5,[5, 6, 9, 14, 31, 49, 58, 318, 344],[1, 0, 0, 0, 1, 0, 0, 0, 0]
77,9,3,[5, 6, 9, 14, 31, 49, 58, 318, 344],[1, 0, 0, 0, 1, 0, 0, 0, 0]
78,9,3,[5, 6, 9, 14, 31, 49, 58, 318, 344],[1, 0, 0, 0, 1, 0, 0, 0, 0]
79,9,3,[5, 6, 9, 14, 31, 49, 58, 318, 344],[1, 0, 0, 0, 1, 0, 0, 0, 0]
80,6,8,[7, 10, 17, 21, 320, 330],[1, 0, 1, 0, 0, 0]
81,6,2,[7, 10, 17, 21, 320, 330],[1, 0, 1, 0, 0, 0]
82,6,9,[7, 10, 17, 21, 320, 330],[1, 0, 1, 0, 0, 0]
83,6,2,[7, 10, 17, 21, 320, 330],[1, 0, 1, 0, 0, 0]
84,9,1,[5, 6, 9, 14, 31, 49, 58, 318, 344],[1, 0, 0, 0, 1, 0, 0, 0, 0]
85,6,9,[7, 10, 17, 21, 320, 330],[1, 0, 1, 0, 0, 0]
86,9,6,[5, 6, 9, 14, 31, 49, 58, 318, 344],[1, 0, 0, 0, 1, 0, 0, 0, 0]
87,6,2,[7, 10, 17, 21, 320, 330],[1, 0, 1, 0, 0, 0]
88,6,1,[7, 10, 17, 21, 320, 330],[1, 0, 1, 0, 0, 0]
89,6,4,[7, 10, 17, 21, 320, 330],[1, 0, 1, 0, 0, 0]
90,6,8,[7, 10, 17, 21, 320, 330],[1, 0, 1, 0, 0, 0]
91,9,2,[5, 6, 9, 14, 31, 49, 58, 318, 344],[1, 0, 0, 0, 1, 0, 0, 0, 0]
92,9,2,[5, 6, 9, 14, 31, 49, 58, 318, 344],[1, 0, 0, 0, 1, 0, 0, 0, 0]
93,6,6,[7, 10, 17, 21, 320, 330],[1, 0, 1, 0, 0, 0]
94,9,1,[5, 6, 9, 14, 31, 49, 58, 318, 344],[1, 0, 0, 0, 1, 0, 0, 0, 0]
95,9,2,[5, 6, 9, 14, 31, 49, 58, 318, 344],[1, 0, 0, 0, 1, 0, 0, 0, 0]
96,6,8,[7, 10, 17, 21, 320, 330],[1, 0, 1, 0, 0, 0]
97,9,7,[5, 6, 9, 14, 31, 49, 58, 318, 344],[1, 0, 0, 0, 1, 0, 0, 0, 0]
98,9,3,[5, 6, 9, 14, 31, 49, 58, 318, 344],[1, 0, 0, 0, 1, 0, 0, 0, 0]
99,6,1,[7, 10, 17, 21, 320, 330],[1, 0, 1, 0, 0, 0]
100,9,1,[5, 6, 9, 14, 31, 49, 58, 318, 344],[1, 0, 0, 0, 1, 0, 0, 0, 0]
