1  1  0 [1]
2  8  2 [14, 9, 6, 5, 138, 28, 11, 144]
3  8  5 [9, 6, 5, 138, 28, 11, 144, 14]
4  1  0 [4]
5  8  0 [5, 138, 28, 11, 144, 14, 9, 6]
6  8  0 [6, 5, 138, 28, 11, 144, 14, 9]
7  8  4 [6, 5, 138, 28, 11, 144, 14, 9]
8  8  1 [6, 5, 138, 28, 11, 144, 14, 9]
9  8  0 [9, 6, 5, 138, 28, 11, 144, 14]
10  8  5 [6, 5, 138, 28, 11, 144, 14, 9]
11  8  0 [11, 144, 14, 9, 6, 5, 138, 28]
12  8  5 [6, 5, 138, 28, 11, 144, 14, 9]
13  3  0 [13, 146, 75]
14  8  0 [14, 9, 6, 5, 138, 28, 11, 144]
15  8  2 [6, 5, 138, 28, 11, 144, 14, 9]
16  8  2 [6, 5, 138, 28, 11, 144, 14, 9]
17  8  4 [6, 5, 138, 28, 11, 144, 14, 9]
18  8  2 [6, 5, 138, 28, 11, 144, 14, 9]
19  8  8 [6, 5, 138, 28, 11, 144, 14, 9]
20  8  1 [9, 6, 5, 138, 28, 11, 144, 14]
21  8  6 [6, 5, 138, 28, 11, 144, 14, 9]
22  3  1 [13, 146, 75]
23  8  3 [9, 6, 5, 138, 28, 11, 144, 14]
24  8  1 [9, 6, 5, 138, 28, 11, 144, 14]
25  8  6 [6, 5, 138, 28, 11, 144, 14, 9]
26  8  3 [6, 5, 138, 28, 11, 144, 14, 9]
27  8  1 [9, 6, 5, 138, 28, 11, 144, 14]
28  8  0 [28, 11, 144, 14, 9, 6, 5, 138]
29  8  2 [14, 9, 6, 5, 138, 28, 11, 144]
30  8  6 [6, 5, 138, 28, 11, 144, 14, 9]
31  8  3 [11, 144, 14, 9, 6, 5, 138, 28]
32  8  6 [6, 5, 138, 28, 11, 144, 14, 9]
33  8  1 [14, 9, 6, 5, 138, 28, 11, 144]
34  8  9 [6, 5, 138, 28, 11, 144, 14, 9]
35  8  6 [6, 5, 138, 28, 11, 144, 14, 9]
36  8  6 [6, 5, 138, 28, 11, 144, 14, 9]
37  8  3 [9, 6, 5, 138, 28, 11, 144, 14]
38  8  7 [6, 5, 138, 28, 11, 144, 14, 9]
39  8  3 [6, 5, 138, 28, 11, 144, 14, 9]
40  8  1 [11, 144, 14, 9, 6, 5, 138, 28]
41  8  11 [6, 5, 138, 28, 11, 144, 14, 9]
42  8  6 [6, 5, 138, 28, 11, 144, 14, 9]
43  8  10 [6, 5, 138, 28, 11, 144, 14, 9]
44  8  3 [6, 5, 138, 28, 11, 144, 14, 9]
45  8  1 [11, 144, 14, 9, 6, 5, 138, 28]
46  8  7 [6, 5, 138, 28, 11, 144, 14, 9]
47  8  4 [6, 5, 138, 28, 11, 144, 14, 9]
48  8  1 [11, 144, 14, 9, 6, 5, 138, 28]
49  8  1 [14, 9, 6, 5, 138, 28, 11, 144]
50  8  6 [6, 5, 138, 28, 11, 144, 14, 9]
51  8  2 [9, 6, 5, 138, 28, 11, 144, 14]
52  8  5 [6, 5, 138, 28, 11, 144, 14, 9]
53  8  8 [6, 5, 138, 28, 11, 144, 14, 9]
54  8  1 [11, 144, 14, 9, 6, 5, 138, 28]
55  8  3 [6, 5, 138, 28, 11, 144, 14, 9]
56  3  1 [13, 146, 75]
57  3  2 [13, 146, 75]
58  8  4 [11, 144, 14, 9, 6, 5, 138, 28]
59  8  4 [6, 5, 138, 28, 11, 144, 14, 9]
60  8  6 [6, 5, 138, 28, 11, 144, 14, 9]
61  8  7 [6, 5, 138, 28, 11, 144, 14, 9]
62  8  2 [14, 9, 6, 5, 138, 28, 11, 144]
63  3  1 [13, 146, 75]
64  8  6 [6, 5, 138, 28, 11, 144, 14, 9]
65  8  3 [6, 5, 138, 28, 11, 144, 14, 9]
66  8  3 [6, 5, 138, 28, 11, 144, 14, 9]
67  8  4 [6, 5, 138, 28, 11, 144, 14, 9]
68  8  7 [6, 5, 138, 28, 11, 144, 14, 9]
69  8  4 [6, 5, 138, 28, 11, 144, 14, 9]
70  8  1 [14, 9, 6, 5, 138, 28, 11, 144]
71  8  3 [9, 6, 5, 138, 28, 11, 144, 14]
72  8  6 [6, 5, 138, 28, 11, 144, 14, 9]
73  8  5 [6, 5, 138, 28, 11, 144, 14, 9]
74  8  4 [6, 5, 138, 28, 11, 144, 14, 9]
75  3  0 [75, 13, 146]
76  8  4 [9, 6, 5, 138, 28, 11, 144, 14]
77  8  3 [6, 5, 138, 28, 11, 144, 14, 9]
78  8  3 [6, 5, 138, 28, 11, 144, 14, 9]
79  3  4 [13, 146, 75]
80  3  1 [13, 146, 75]
81  8  6 [6, 5, 138, 28, 11, 144, 14, 9]
82  8  11 [6, 5, 138, 28, 11, 144, 14, 9]
83  8  4 [6, 5, 138, 28, 11, 144, 14, 9]
84  8  1 [14, 9, 6, 5, 138, 28, 11, 144]
85  3  2 [13, 146, 75]
86  8  2 [11, 144, 14, 9, 6, 5, 138, 28]
87  8  7 [6, 5, 138, 28, 11, 144, 14, 9]
88  8  5 [6, 5, 138, 28, 11, 144, 14, 9]
89  8  8 [6, 5, 138, 28, 11, 144, 14, 9]
90  3  1 [13, 146, 75]
91  8  2 [9, 6, 5, 138, 28, 11, 144, 14]
92  8  2 [9, 6, 5, 138, 28, 11, 144, 14]
93  8  10 [6, 5, 138, 28, 11, 144, 14, 9]
94  8  2 [14, 9, 6, 5, 138, 28, 11, 144]
95  8  2 [9, 6, 5, 138, 28, 11, 144, 14]
96  3  1 [13, 146, 75]
97  8  8 [6, 5, 138, 28, 11, 144, 14, 9]
98  8  3 [6, 5, 138, 28, 11, 144, 14, 9]
99  8  5 [6, 5, 138, 28, 11, 144, 14, 9]
100  8  1 [14, 9, 6, 5, 138, 28, 11, 144]
