1,1,0,[1],[0]
2,2,3,[13, 96],[1, 0]
3,7,6,[5, 6, 9, 14, 17, 88, 100],[1, 0, 0, 0, 1, 0, 0]
4,1,0,[4],[0]
5,7,0,[5, 6, 9, 14, 17, 88, 100],[1, 0, 0, 0, 1, 0, 0]
6,7,0,[5, 6, 9, 14, 17, 88, 100],[1, 0, 0, 0, 1, 0, 0]
7,2,2,[13, 96],[1, 0]
8,7,1,[5, 6, 9, 14, 17, 88, 100],[1, 0, 0, 0, 1, 0, 0]
9,7,0,[5, 6, 9, 14, 17, 88, 100],[1, 0, 0, 0, 1, 0, 0]
10,2,3,[13, 96],[1, 0]
11,7,3,[5, 6, 9, 14, 17, 88, 100],[1, 0, 0, 0, 1, 0, 0]
12,2,3,[13, 96],[1, 0]
13,2,0,[13, 96],[1, 0]
14,7,0,[5, 6, 9, 14, 17, 88, 100],[1, 0, 0, 0, 1, 0, 0]
15,7,2,[5, 6, 9, 14, 17, 88, 100],[1, 0, 0, 0, 1, 0, 0]
16,7,2,[5, 6, 9, 14, 17, 88, 100],[1, 0, 0, 0, 1, 0, 0]
17,7,0,[5, 6, 9, 14, 17, 88, 100],[1, 0, 0, 0, 1, 0, 0]
18,7,2,[5, 6, 9, 14, 17, 88, 100],[1, 0, 0, 0, 1, 0, 0]
19,2,3,[13, 96],[1, 0]
20,7,1,[5, 6, 9, 14, 17, 88, 100],[1, 0, 0, 0, 1, 0, 0]
21,2,4,[13, 96],[1, 0]
22,2,1,[13, 96],[1, 0]
23,7,5,[5, 6, 9, 14, 17, 88, 100],[1, 0, 0, 0, 1, 0, 0]
24,7,1,[5, 6, 9, 14, 17, 88, 100],[1, 0, 0, 0, 1, 0, 0]
25,2,4,[13, 96],[1, 0]
26,7,3,[5, 6, 9, 14, 17, 88, 100],[1, 0, 0, 0, 1, 0, 0]
27,7,1,[5, 6, 9, 14, 17, 88, 100],[1, 0, 0, 0, 1, 0, 0]
28,7,4,[5, 6, 9, 14, 17, 88, 100],[1, 0, 0, 0, 1, 0, 0]
29,7,4,[5, 6, 9, 14, 17, 88, 100],[1, 0, 0, 0, 1, 0, 0]
30,2,4,[13, 96],[1, 0]
31,7,3,[5, 6, 9, 14, 17, 88, 100],[1, 0, 0, 0, 1, 0, 0]
32,2,4,[13, 96],[1, 0]
33,7,1,[5, 6, 9, 14, 17, 88, 100],[1, 0, 0, 0, 1, 0, 0]
34,2,4,[13, 96],[1, 0]
35,2,4,[13, 96],[1, 0]
36,2,4,[13, 96],[1, 0]
37,7,2,[5, 6, 9, 14, 17, 88, 100],[1, 0, 0, 0, 1, 0, 0]
38,2,5,[13, 96],[1, 0]
39,7,3,[5, 6, 9, 14, 17, 88, 100],[1, 0, 0, 0, 1, 0, 0]
40,7,4,[5, 6, 9, 14, 17, 88, 100],[1, 0, 0, 0, 1, 0, 0]
41,2,6,[13, 96],[1, 0]
42,2,4,[13, 96],[1, 0]
43,7,4,[5, 6, 9, 14, 17, 88, 100],[1, 0, 0, 0, 1, 0, 0]
44,7,3,[5, 6, 9, 14, 17, 88, 100],[1, 0, 0, 0, 1, 0, 0]
45,7,4,[5, 6, 9, 14, 17, 88, 100],[1, 0, 0, 0, 1, 0, 0]
46,2,5,[13, 96],[1, 0]
47,7,3,[5, 6, 9, 14, 17, 88, 100],[1, 0, 0, 0, 1, 0, 0]
48,7,4,[5, 6, 9, 14, 17, 88, 100],[1, 0, 0, 0, 1, 0, 0]
49,7,1,[5, 6, 9, 14, 17, 88, 100],[1, 0, 0, 0, 1, 0, 0]
50,2,4,[13, 96],[1, 0]
51,7,2,[5, 6, 9, 14, 17, 88, 100],[1, 0, 0, 0, 1, 0, 0]
52,7,1,[5, 6, 9, 14, 17, 88, 100],[1, 0, 0, 0, 1, 0, 0]
53,7,7,[5, 6, 9, 14, 17, 88, 100],[1, 0, 0, 0, 1, 0, 0]
54,7,4,[5, 6, 9, 14, 17, 88, 100],[1, 0, 0, 0, 1, 0, 0]
55,7,3,[5, 6, 9, 14, 17, 88, 100],[1, 0, 0, 0, 1, 0, 0]
56,2,1,[13, 96],[1, 0]
57,2,2,[13, 96],[1, 0]
58,7,4,[5, 6, 9, 14, 17, 88, 100],[1, 0, 0, 0, 1, 0, 0]
59,7,5,[5, 6, 9, 14, 17, 88, 100],[1, 0, 0, 0, 1, 0, 0]
60,2,4,[13, 96],[1, 0]
61,7,2,[5, 6, 9, 14, 17, 88, 100],[1, 0, 0, 0, 1, 0, 0]
62,7,2,[5, 6, 9, 14, 17, 88, 100],[1, 0, 0, 0, 1, 0, 0]
63,2,1,[13, 96],[1, 0]
64,2,4,[13, 96],[1, 0]
65,7,3,[5, 6, 9, 14, 17, 88, 100],[1, 0, 0, 0, 1, 0, 0]
66,7,3,[5, 6, 9, 14, 17, 88, 100],[1, 0, 0, 0, 1, 0, 0]
67,7,4,[5, 6, 9, 14, 17, 88, 100],[1, 0, 0, 0, 1, 0, 0]
68,2,5,[13, 96],[1, 0]
69,7,4,[5, 6, 9, 14, 17, 88, 100],[1, 0, 0, 0, 1, 0, 0]
70,7,1,[5, 6, 9, 14, 17, 88, 100],[1, 0, 0, 0, 1, 0, 0]
71,7,3,[5, 6, 9, 14, 17, 88, 100],[1, 0, 0, 0, 1, 0, 0]
72,2,4,[13, 96],[1, 0]
73,7,3,[5, 6, 9, 14, 17, 88, 100],[1, 0, 0, 0, 1, 0, 0]
74,7,4,[5, 6, 9, 14, 17, 88, 100],[1, 0, 0, 0, 1, 0, 0]
75,2,1,[13, 96],[1, 0]
76,7,6,[5, 6, 9, 14, 17, 88, 100],[1, 0, 0, 0, 1, 0, 0]
77,7,3,[5, 6, 9, 14, 17, 88, 100],[1, 0, 0, 0, 1, 0, 0]
78,7,3,[5, 6, 9, 14, 17, 88, 100],[1, 0, 0, 0, 1, 0, 0]
79,7,2,[5, 6, 9, 14, 17, 88, 100],[1, 0, 0, 0, 1, 0, 0]
80,2,1,[13, 96],[1, 0]
81,2,4,[13, 96],[1, 0]
82,7,5,[5, 6, 9, 14, 17, 88, 100],[1, 0, 0, 0, 1, 0, 0]
83,2,4,[13, 96],[1, 0]
84,7,1,[5, 6, 9, 14, 17, 88, 100],[1, 0, 0, 0, 1, 0, 0]
85,2,2,[13, 96],[1, 0]
86,7,5,[5, 6, 9, 14, 17, 88, 100],[1, 0, 0, 0, 1, 0, 0]
87,2,5,[13, 96],[1, 0]
88,7,0,[5, 6, 9, 14, 17, 88, 100],[1, 0, 0, 0, 1, 0, 0]
89,7,5,[5, 6, 9, 14, 17, 88, 100],[1, 0, 0, 0, 1, 0, 0]
90,2,1,[13, 96],[1, 0]
91,7,2,[5, 6, 9, 14, 17, 88, 100],[1, 0, 0, 0, 1, 0, 0]
92,7,2,[5, 6, 9, 14, 17, 88, 100],[1, 0, 0, 0, 1, 0, 0]
93,2,5,[13, 96],[1, 0]
94,7,2,[5, 6, 9, 14, 17, 88, 100],[1, 0, 0, 0, 1, 0, 0]
95,7,2,[5, 6, 9, 14, 17, 88, 100],[1, 0, 0, 0, 1, 0, 0]
96,2,0,[13, 96],[1, 0]
97,7,4,[5, 6, 9, 14, 17, 88, 100],[1, 0, 0, 0, 1, 0, 0]
98,7,3,[5, 6, 9, 14, 17, 88, 100],[1, 0, 0, 0, 1, 0, 0]
99,7,1,[5, 6, 9, 14, 17, 88, 100],[1, 0, 0, 0, 1, 0, 0]
100,7,0,[5, 6, 9, 14, 17, 88, 100],[1, 0, 0, 0, 1, 0, 0]
