1,1,0,[1]
2,3,9,[81, 12, 7]
3,3,15,[81, 12, 7]
4,1,0,[4]
5,3,10,[81, 12, 7]
6,3,11,[81, 12, 7]
7,3,2,[81, 12, 7]
8,3,12,[81, 12, 7]
9,3,12,[81, 12, 7]
10,3,3,[81, 12, 7]
11,3,9,[81, 12, 7]
12,3,2,[7, 81, 12]
13,3,6,[81, 12, 7]
14,3,13,[81, 12, 7]
15,3,13,[81, 12, 7]
16,3,13,[81, 12, 7]
17,3,15,[81, 12, 7]
18,3,13,[81, 12, 7]
19,3,2,[93, 34, 19]
20,3,13,[81, 12, 7]
21,3,4,[81, 12, 7]
22,3,7,[81, 12, 7]
23,3,7,[81, 12, 7]
24,3,13,[81, 12, 7]
25,3,4,[81, 12, 7]
26,3,14,[81, 12, 7]
27,3,13,[81, 12, 7]
28,3,10,[81, 12, 7]
29,3,18,[81, 12, 7]
30,3,4,[81, 12, 7]
31,3,15,[81, 12, 7]
32,3,4,[81, 12, 7]
33,3,14,[81, 12, 7]
34,3,2,[19, 93, 34]
35,3,3,[7, 81, 12]
36,3,4,[81, 12, 7]
37,3,12,[81, 12, 7]
38,3,5,[81, 12, 7]
39,3,14,[81, 12, 7]
40,3,10,[81, 12, 7]
41,3,12,[81, 12, 7]
42,3,3,[7, 81, 12]
43,3,4,[93, 34, 19]
44,3,14,[81, 12, 7]
45,3,10,[81, 12, 7]
46,3,5,[81, 12, 7]
47,3,9,[81, 12, 7]
48,3,10,[81, 12, 7]
49,3,14,[81, 12, 7]
50,3,3,[7, 81, 12]
51,3,14,[81, 12, 7]
52,3,16,[81, 12, 7]
53,3,17,[81, 12, 7]
54,3,10,[81, 12, 7]
55,3,14,[81, 12, 7]
56,3,7,[81, 12, 7]
57,3,8,[81, 12, 7]
58,3,16,[81, 12, 7]
59,3,16,[81, 12, 7]
60,3,3,[7, 81, 12]
61,3,15,[81, 12, 7]
62,3,15,[81, 12, 7]
63,3,7,[81, 12, 7]
64,3,3,[7, 81, 12]
65,3,14,[81, 12, 7]
66,3,14,[81, 12, 7]
67,3,5,[7, 81, 12]
68,3,5,[81, 12, 7]
69,3,15,[81, 12, 7]
70,3,14,[81, 12, 7]
71,3,4,[19, 93, 34]
72,3,3,[7, 81, 12]
73,3,17,[81, 12, 7]
74,3,15,[81, 12, 7]
75,3,7,[81, 12, 7]
76,3,8,[81, 12, 7]
77,3,14,[81, 12, 7]
78,3,14,[81, 12, 7]
79,3,9,[81, 12, 7]
80,3,7,[81, 12, 7]
81,3,2,[12, 7, 81]
82,3,5,[93, 34, 19]
83,3,7,[81, 12, 7]
84,3,14,[81, 12, 7]
85,3,8,[81, 12, 7]
86,3,11,[81, 12, 7]
87,3,5,[81, 12, 7]
88,3,16,[81, 12, 7]
89,3,8,[93, 34, 19]
90,3,7,[81, 12, 7]
91,3,14,[81, 12, 7]
92,3,14,[81, 12, 7]
93,3,2,[34, 19, 93]
94,3,15,[81, 12, 7]
95,3,14,[81, 12, 7]
96,3,7,[81, 12, 7]
97,3,6,[81, 12, 7]
98,3,14,[81, 12, 7]
99,3,16,[81, 12, 7]
100,3,14,[81, 12, 7]
101,3,17,[81, 12, 7]
102,3,8,[81, 12, 7]
103,3,17,[81, 12, 7]
104,3,3,[93, 34, 19]
105,3,14,[81, 12, 7]
106,3,15,[81, 12, 7]
107,3,7,[81, 12, 7]
108,3,7,[81, 12, 7]
109,3,5,[7, 81, 12]
110,3,14,[81, 12, 7]
111,3,11,[81, 12, 7]
112,3,14,[81, 12, 7]
113,3,12,[81, 12, 7]
114,3,14,[81, 12, 7]
115,3,11,[81, 12, 7]
116,3,15,[81, 12, 7]
117,3,3,[93, 34, 19]
118,3,16,[81, 12, 7]
119,3,14,[81, 12, 7]
120,3,14,[81, 12, 7]
121,3,8,[81, 12, 7]
122,3,8,[81, 12, 7]
123,3,15,[81, 12, 7]
124,3,4,[7, 81, 12]
125,3,14,[81, 12, 7]
126,3,14,[81, 12, 7]
127,3,16,[81, 12, 7]
128,3,14,[81, 12, 7]
129,3,6,[81, 12, 7]
130,3,14,[81, 12, 7]
131,3,7,[81, 12, 7]
132,3,14,[81, 12, 7]
133,3,15,[81, 12, 7]
134,3,16,[81, 12, 7]
135,3,14,[81, 12, 7]
136,3,8,[81, 12, 7]
137,3,16,[81, 12, 7]
138,3,11,[81, 12, 7]
139,3,17,[81, 12, 7]
140,3,14,[81, 12, 7]
141,3,4,[7, 81, 12]
142,3,18,[81, 12, 7]
143,3,14,[81, 12, 7]
144,3,14,[81, 12, 7]
145,3,3,[19, 93, 34]
146,3,8,[81, 12, 7]
147,3,16,[81, 12, 7]
148,3,13,[81, 12, 7]
149,3,16,[81, 12, 7]
150,3,14,[81, 12, 7]
151,3,15,[81, 12, 7]
152,3,5,[81, 12, 7]
153,3,8,[81, 12, 7]
154,3,14,[81, 12, 7]
155,3,5,[81, 12, 7]
156,3,14,[81, 12, 7]
157,3,6,[81, 12, 7]
158,3,3,[12, 7, 81]
159,3,8,[81, 12, 7]
160,3,14,[81, 12, 7]
161,3,5,[81, 12, 7]
162,3,14,[81, 12, 7]
163,3,7,[93, 34, 19]
164,3,11,[81, 12, 7]
165,3,3,[93, 34, 19]
166,3,9,[81, 12, 7]
167,3,16,[81, 12, 7]
168,3,14,[81, 12, 7]
169,3,15,[81, 12, 7]
170,3,14,[81, 12, 7]
171,3,5,[81, 12, 7]
172,3,10,[81, 12, 7]
173,3,6,[81, 12, 7]
174,3,3,[19, 93, 34]
175,3,16,[81, 12, 7]
176,3,3,[93, 34, 19]
177,3,16,[81, 12, 7]
178,3,15,[81, 12, 7]
179,3,4,[19, 93, 34]
180,3,14,[81, 12, 7]
181,3,6,[81, 12, 7]
182,3,8,[81, 12, 7]
183,3,4,[7, 81, 12]
184,3,19,[81, 12, 7]
185,3,4,[7, 81, 12]
186,3,5,[81, 12, 7]
187,3,11,[81, 12, 7]
188,3,15,[81, 12, 7]
189,3,14,[81, 12, 7]
190,3,15,[81, 12, 7]
191,3,18,[81, 12, 7]
192,3,14,[81, 12, 7]
193,3,16,[81, 12, 7]
194,3,17,[81, 12, 7]
195,3,5,[81, 12, 7]
196,3,14,[81, 12, 7]
197,3,18,[81, 12, 7]
198,3,3,[93, 34, 19]
199,3,9,[81, 12, 7]
200,3,14,[81, 12, 7]
