1  1  [1]
2  6  [70, 14, 9, 6, 5, 201]
3  6  [201, 70, 14, 9, 6, 5]
4  1  [4]
5  6  [70, 14, 9, 6, 5, 201]
6  6  [201, 70, 14, 9, 6, 5]
7  4  [7, 203, 36, 10]
8  6  [5, 201, 70, 14, 9, 6]
9  6  [5, 201, 70, 14, 9, 6]
10  4  [10, 7, 203, 36]
11  6  [201, 70, 14, 9, 6, 5]
12  4  [10, 7, 203, 36]
13  4  [7, 203, 36, 10]
14  6  [6, 5, 201, 70, 14, 9]
15  6  [6, 5, 201, 70, 14, 9]
16  6  [6, 5, 201, 70, 14, 9]
17  6  [201, 70, 14, 9, 6, 5]
18  6  [6, 5, 201, 70, 14, 9]
19  6  [9, 6, 5, 201, 70, 14]
20  6  [6, 5, 201, 70, 14, 9]
21  4  [36, 10, 7, 203]
22  4  [10, 7, 203, 36]
23  3  [76, 23, 219]
24  6  [6, 5, 201, 70, 14, 9]
25  4  [36, 10, 7, 203]
26  6  [9, 6, 5, 201, 70, 14]
27  6  [6, 5, 201, 70, 14, 9]
28  6  [5, 201, 70, 14, 9, 6]
29  6  [14, 9, 6, 5, 201, 70]
30  4  [36, 10, 7, 203]
31  6  [5, 201, 70, 14, 9, 6]
32  4  [36, 10, 7, 203]
33  6  [9, 6, 5, 201, 70, 14]
34  6  [14, 9, 6, 5, 201, 70]
35  4  [36, 10, 7, 203]
36  4  [36, 10, 7, 203]
37  6  [70, 14, 9, 6, 5, 201]
38  4  [203, 36, 10, 7]
39  6  [9, 6, 5, 201, 70, 14]
40  6  [5, 201, 70, 14, 9, 6]
41  6  [70, 14, 9, 6, 5, 201]
42  4  [36, 10, 7, 203]
43  6  [6, 5, 201, 70, 14, 9]
44  6  [9, 6, 5, 201, 70, 14]
45  6  [5, 201, 70, 14, 9, 6]
46  4  [203, 36, 10, 7]
47  6  [14, 9, 6, 5, 201, 70]
48  6  [5, 201, 70, 14, 9, 6]
49  6  [9, 6, 5, 201, 70, 14]
50  4  [36, 10, 7, 203]
51  6  [9, 6, 5, 201, 70, 14]
52  6  [5, 201, 70, 14, 9, 6]
53  6  [14, 9, 6, 5, 201, 70]
54  6  [5, 201, 70, 14, 9, 6]
55  6  [9, 6, 5, 201, 70, 14]
56  4  [10, 7, 203, 36]
57  4  [36, 10, 7, 203]
58  6  [6, 5, 201, 70, 14, 9]
59  4  [7, 203, 36, 10]
60  4  [36, 10, 7, 203]
61  6  [201, 70, 14, 9, 6, 5]
62  6  [14, 9, 6, 5, 201, 70]
63  4  [10, 7, 203, 36]
64  4  [36, 10, 7, 203]
65  6  [9, 6, 5, 201, 70, 14]
66  6  [9, 6, 5, 201, 70, 14]
67  6  [201, 70, 14, 9, 6, 5]
68  4  [203, 36, 10, 7]
69  6  [14, 9, 6, 5, 201, 70]
70  6  [9, 6, 5, 201, 70, 14]
71  6  [70, 14, 9, 6, 5, 201]
72  4  [36, 10, 7, 203]
73  6  [201, 70, 14, 9, 6, 5]
74  6  [14, 9, 6, 5, 201, 70]
75  4  [10, 7, 203, 36]
76  3  [219, 76, 23]
77  6  [9, 6, 5, 201, 70, 14]
78  6  [9, 6, 5, 201, 70, 14]
79  4  [7, 203, 36, 10]
80  4  [10, 7, 203, 36]
81  4  [36, 10, 7, 203]
82  6  [9, 6, 5, 201, 70, 14]
83  6  [5, 201, 70, 14, 9, 6]
84  6  [9, 6, 5, 201, 70, 14]
85  4  [36, 10, 7, 203]
86  6  [6, 5, 201, 70, 14, 9]
87  4  [203, 36, 10, 7]
88  6  [5, 201, 70, 14, 9, 6]
89  6  [14, 9, 6, 5, 201, 70]
90  4  [10, 7, 203, 36]
91  6  [9, 6, 5, 201, 70, 14]
92  6  [9, 6, 5, 201, 70, 14]
93  6  [70, 14, 9, 6, 5, 201]
94  6  [14, 9, 6, 5, 201, 70]
95  6  [9, 6, 5, 201, 70, 14]
96  4  [10, 7, 203, 36]
97  4  [36, 10, 7, 203]
98  6  [9, 6, 5, 201, 70, 14]
99  6  [5, 201, 70, 14, 9, 6]
100  6  [9, 6, 5, 201, 70, 14]
101  6  [14, 9, 6, 5, 201, 70]
102  4  [36, 10, 7, 203]
103  4  [7, 203, 36, 10]
104  6  [14, 9, 6, 5, 201, 70]
