1  1  [1, 1, 1, 1, 1, 1, 1, 1, 1, 1, 1, 1, 1, 1, 1, 1, 1, 1, 1]
2  3  [8, 6, 5, 8, 6, 5, 8, 6, 5, 8, 6, 5, 8, 6, 5, 8, 6, 5, 8]
3  3  [5, 8, 6, 5, 8, 6, 5, 8, 6, 5, 8, 6, 5, 8, 6, 5, 8, 6, 5]
4  1  [4, 4, 4, 4, 4, 4, 4, 4, 4, 4, 4, 4, 4, 4, 4, 4, 4, 4, 4]
5  3  [6, 5, 8, 6, 5, 8, 6, 5, 8, 6, 5, 8, 6, 5, 8, 6, 5, 8, 6]
6  3  [8, 6, 5, 8, 6, 5, 8, 6, 5, 8, 6, 5, 8, 6, 5, 8, 6, 5, 8]
7  2  [7, 10, 7, 10, 7, 10, 7, 10, 7, 10, 7, 10, 7, 10, 7, 10, 7, 10, 7]
8  3  [5, 8, 6, 5, 8, 6, 5, 8, 6, 5, 8, 6, 5, 8, 6, 5, 8, 6, 5]
9  3  [5, 8, 6, 5, 8, 6, 5, 8, 6, 5, 8, 6, 5, 8, 6, 5, 8, 6, 5]
10  2  [10, 7, 10, 7, 10, 7, 10, 7, 10, 7, 10, 7, 10, 7, 10, 7, 10, 7, 10]
11  3  [8, 6, 5, 8, 6, 5, 8, 6, 5, 8, 6, 5, 8, 6, 5, 8, 6, 5, 8]
12  2  [10, 7, 10, 7, 10, 7, 10, 7, 10, 7, 10, 7, 10, 7, 10, 7, 10, 7, 10]
13  3  [8, 6, 5, 8, 6, 5, 8, 6, 5, 8, 6, 5, 8, 6, 5, 8, 6, 5, 8]
14  3  [6, 5, 8, 6, 5, 8, 6, 5, 8, 6, 5, 8, 6, 5, 8, 6, 5, 8, 6]
15  3  [6, 5, 8, 6, 5, 8, 6, 5, 8, 6, 5, 8, 6, 5, 8, 6, 5, 8, 6]
16  3  [6, 5, 8, 6, 5, 8, 6, 5, 8, 6, 5, 8, 6, 5, 8, 6, 5, 8, 6]
17  3  [8, 6, 5, 8, 6, 5, 8, 6, 5, 8, 6, 5, 8, 6, 5, 8, 6, 5, 8]
18  3  [6, 5, 8, 6, 5, 8, 6, 5, 8, 6, 5, 8, 6, 5, 8, 6, 5, 8, 6]
19  3  [6, 5, 8, 6, 5, 8, 6, 5, 8, 6, 5, 8, 6, 5, 8, 6, 5, 8, 6]
20  3  [6, 5, 8, 6, 5, 8, 6, 5, 8, 6, 5, 8, 6, 5, 8, 6, 5, 8, 6]
21  2  [7, 10, 7, 10, 7, 10, 7, 10, 7, 10, 7, 10, 7, 10, 7, 10, 7, 10, 7]
22  3  [5, 8, 6, 5, 8, 6, 5, 8, 6, 5, 8, 6, 5, 8, 6, 5, 8, 6, 5]
23  3  [5, 8, 6, 5, 8, 6, 5, 8, 6, 5, 8, 6, 5, 8, 6, 5, 8, 6, 5]
24  3  [6, 5, 8, 6, 5, 8, 6, 5, 8, 6, 5, 8, 6, 5, 8, 6, 5, 8, 6]
25  2  [7, 10, 7, 10, 7, 10, 7, 10, 7, 10, 7, 10, 7, 10, 7, 10, 7, 10, 7]
26  3  [8, 6, 5, 8, 6, 5, 8, 6, 5, 8, 6, 5, 8, 6, 5, 8, 6, 5, 8]
27  3  [6, 5, 8, 6, 5, 8, 6, 5, 8, 6, 5, 8, 6, 5, 8, 6, 5, 8, 6]
28  3  [5, 8, 6, 5, 8, 6, 5, 8, 6, 5, 8, 6, 5, 8, 6, 5, 8, 6, 5]
29  2  [10, 7, 10, 7, 10, 7, 10, 7, 10, 7, 10, 7, 10, 7, 10, 7, 10, 7, 10]
30  2  [7, 10, 7, 10, 7, 10, 7, 10, 7, 10, 7, 10, 7, 10, 7, 10, 7, 10, 7]
31  3  [5, 8, 6, 5, 8, 6, 5, 8, 6, 5, 8, 6, 5, 8, 6, 5, 8, 6, 5]
32  2  [7, 10, 7, 10, 7, 10, 7, 10, 7, 10, 7, 10, 7, 10, 7, 10, 7, 10, 7]
33  3  [8, 6, 5, 8, 6, 5, 8, 6, 5, 8, 6, 5, 8, 6, 5, 8, 6, 5, 8]
34  3  [8, 6, 5, 8, 6, 5, 8, 6, 5, 8, 6, 5, 8, 6, 5, 8, 6, 5, 8]
35  2  [7, 10, 7, 10, 7, 10, 7, 10, 7, 10, 7, 10, 7, 10, 7, 10, 7, 10, 7]
36  2  [7, 10, 7, 10, 7, 10, 7, 10, 7, 10, 7, 10, 7, 10, 7, 10, 7, 10, 7]
37  3  [6, 5, 8, 6, 5, 8, 6, 5, 8, 6, 5, 8, 6, 5, 8, 6, 5, 8, 6]
38  2  [10, 7, 10, 7, 10, 7, 10, 7, 10, 7, 10, 7, 10, 7, 10, 7, 10, 7, 10]
39  3  [8, 6, 5, 8, 6, 5, 8, 6, 5, 8, 6, 5, 8, 6, 5, 8, 6, 5, 8]
40  3  [5, 8, 6, 5, 8, 6, 5, 8, 6, 5, 8, 6, 5, 8, 6, 5, 8, 6, 5]
41  3  [5, 8, 6, 5, 8, 6, 5, 8, 6, 5, 8, 6, 5, 8, 6, 5, 8, 6, 5]
42  2  [7, 10, 7, 10, 7, 10, 7, 10, 7, 10, 7, 10, 7, 10, 7, 10, 7, 10, 7]
43  2  [7, 10, 7, 10, 7, 10, 7, 10, 7, 10, 7, 10, 7, 10, 7, 10, 7, 10, 7]
44  3  [8, 6, 5, 8, 6, 5, 8, 6, 5, 8, 6, 5, 8, 6, 5, 8, 6, 5, 8]
45  3  [5, 8, 6, 5, 8, 6, 5, 8, 6, 5, 8, 6, 5, 8, 6, 5, 8, 6, 5]
46  2  [10, 7, 10, 7, 10, 7, 10, 7, 10, 7, 10, 7, 10, 7, 10, 7, 10, 7, 10]
47  2  [10, 7, 10, 7, 10, 7, 10, 7, 10, 7, 10, 7, 10, 7, 10, 7, 10, 7, 10]
48  3  [5, 8, 6, 5, 8, 6, 5, 8, 6, 5, 8, 6, 5, 8, 6, 5, 8, 6, 5]
49  3  [8, 6, 5, 8, 6, 5, 8, 6, 5, 8, 6, 5, 8, 6, 5, 8, 6, 5, 8]
50  2  [7, 10, 7, 10, 7, 10, 7, 10, 7, 10, 7, 10, 7, 10, 7, 10, 7, 10, 7]
51  3  [8, 6, 5, 8, 6, 5, 8, 6, 5, 8, 6, 5, 8, 6, 5, 8, 6, 5, 8]
52  3  [5, 8, 6, 5, 8, 6, 5, 8, 6, 5, 8, 6, 5, 8, 6, 5, 8, 6, 5]
53  3  [6, 5, 8, 6, 5, 8, 6, 5, 8, 6, 5, 8, 6, 5, 8, 6, 5, 8, 6]
54  3  [5, 8, 6, 5, 8, 6, 5, 8, 6, 5, 8, 6, 5, 8, 6, 5, 8, 6, 5]
55  3  [8, 6, 5, 8, 6, 5, 8, 6, 5, 8, 6, 5, 8, 6, 5, 8, 6, 5, 8]
56  3  [5, 8, 6, 5, 8, 6, 5, 8, 6, 5, 8, 6, 5, 8, 6, 5, 8, 6, 5]
57  3  [6, 5, 8, 6, 5, 8, 6, 5, 8, 6, 5, 8, 6, 5, 8, 6, 5, 8, 6]
58  3  [6, 5, 8, 6, 5, 8, 6, 5, 8, 6, 5, 8, 6, 5, 8, 6, 5, 8, 6]
59  3  [6, 5, 8, 6, 5, 8, 6, 5, 8, 6, 5, 8, 6, 5, 8, 6, 5, 8, 6]
60  2  [7, 10, 7, 10, 7, 10, 7, 10, 7, 10, 7, 10, 7, 10, 7, 10, 7, 10, 7]
61  2  [10, 7, 10, 7, 10, 7, 10, 7, 10, 7, 10, 7, 10, 7, 10, 7, 10, 7, 10]
62  3  [5, 8, 6, 5, 8, 6, 5, 8, 6, 5, 8, 6, 5, 8, 6, 5, 8, 6, 5]
63  3  [5, 8, 6, 5, 8, 6, 5, 8, 6, 5, 8, 6, 5, 8, 6, 5, 8, 6, 5]
64  2  [7, 10, 7, 10, 7, 10, 7, 10, 7, 10, 7, 10, 7, 10, 7, 10, 7, 10, 7]
65  3  [8, 6, 5, 8, 6, 5, 8, 6, 5, 8, 6, 5, 8, 6, 5, 8, 6, 5, 8]
66  3  [8, 6, 5, 8, 6, 5, 8, 6, 5, 8, 6, 5, 8, 6, 5, 8, 6, 5, 8]
67  3  [5, 8, 6, 5, 8, 6, 5, 8, 6, 5, 8, 6, 5, 8, 6, 5, 8, 6, 5]
68  2  [10, 7, 10, 7, 10, 7, 10, 7, 10, 7, 10, 7, 10, 7, 10, 7, 10, 7, 10]
69  3  [5, 8, 6, 5, 8, 6, 5, 8, 6, 5, 8, 6, 5, 8, 6, 5, 8, 6, 5]
70  3  [8, 6, 5, 8, 6, 5, 8, 6, 5, 8, 6, 5, 8, 6, 5, 8, 6, 5, 8]
71  3  [6, 5, 8, 6, 5, 8, 6, 5, 8, 6, 5, 8, 6, 5, 8, 6, 5, 8, 6]
72  2  [7, 10, 7, 10, 7, 10, 7, 10, 7, 10, 7, 10, 7, 10, 7, 10, 7, 10, 7]
73  3  [8, 6, 5, 8, 6, 5, 8, 6, 5, 8, 6, 5, 8, 6, 5, 8, 6, 5, 8]
74  3  [5, 8, 6, 5, 8, 6, 5, 8, 6, 5, 8, 6, 5, 8, 6, 5, 8, 6, 5]
75  3  [5, 8, 6, 5, 8, 6, 5, 8, 6, 5, 8, 6, 5, 8, 6, 5, 8, 6, 5]
76  3  [6, 5, 8, 6, 5, 8, 6, 5, 8, 6, 5, 8, 6, 5, 8, 6, 5, 8, 6]
77  3  [8, 6, 5, 8, 6, 5, 8, 6, 5, 8, 6, 5, 8, 6, 5, 8, 6, 5, 8]
78  3  [8, 6, 5, 8, 6, 5, 8, 6, 5, 8, 6, 5, 8, 6, 5, 8, 6, 5, 8]
79  2  [7, 10, 7, 10, 7, 10, 7, 10, 7, 10, 7, 10, 7, 10, 7, 10, 7, 10, 7]
80  3  [5, 8, 6, 5, 8, 6, 5, 8, 6, 5, 8, 6, 5, 8, 6, 5, 8, 6, 5]
81  2  [7, 10, 7, 10, 7, 10, 7, 10, 7, 10, 7, 10, 7, 10, 7, 10, 7, 10, 7]
82  2  [10, 7, 10, 7, 10, 7, 10, 7, 10, 7, 10, 7, 10, 7, 10, 7, 10, 7, 10]
83  3  [8, 6, 5, 8, 6, 5, 8, 6, 5, 8, 6, 5, 8, 6, 5, 8, 6, 5, 8]
84  3  [8, 6, 5, 8, 6, 5, 8, 6, 5, 8, 6, 5, 8, 6, 5, 8, 6, 5, 8]
85  3  [6, 5, 8, 6, 5, 8, 6, 5, 8, 6, 5, 8, 6, 5, 8, 6, 5, 8, 6]
86  3  [6, 5, 8, 6, 5, 8, 6, 5, 8, 6, 5, 8, 6, 5, 8, 6, 5, 8, 6]
87  2  [10, 7, 10, 7, 10, 7, 10, 7, 10, 7, 10, 7, 10, 7, 10, 7, 10, 7, 10]
88  3  [5, 8, 6, 5, 8, 6, 5, 8, 6, 5, 8, 6, 5, 8, 6, 5, 8, 6, 5]
89  3  [5, 8, 6, 5, 8, 6, 5, 8, 6, 5, 8, 6, 5, 8, 6, 5, 8, 6, 5]
90  3  [5, 8, 6, 5, 8, 6, 5, 8, 6, 5, 8, 6, 5, 8, 6, 5, 8, 6, 5]
91  3  [8, 6, 5, 8, 6, 5, 8, 6, 5, 8, 6, 5, 8, 6, 5, 8, 6, 5, 8]
92  3  [8, 6, 5, 8, 6, 5, 8, 6, 5, 8, 6, 5, 8, 6, 5, 8, 6, 5, 8]
93  3  [5, 8, 6, 5, 8, 6, 5, 8, 6, 5, 8, 6, 5, 8, 6, 5, 8, 6, 5]
94  3  [5, 8, 6, 5, 8, 6, 5, 8, 6, 5, 8, 6, 5, 8, 6, 5, 8, 6, 5]
95  3  [8, 6, 5, 8, 6, 5, 8, 6, 5, 8, 6, 5, 8, 6, 5, 8, 6, 5, 8]
96  3  [5, 8, 6, 5, 8, 6, 5, 8, 6, 5, 8, 6, 5, 8, 6, 5, 8, 6, 5]
97  3  [5, 8, 6, 5, 8, 6, 5, 8, 6, 5, 8, 6, 5, 8, 6, 5, 8, 6, 5]
98  3  [8, 6, 5, 8, 6, 5, 8, 6, 5, 8, 6, 5, 8, 6, 5, 8, 6, 5, 8]
99  3  [5, 8, 6, 5, 8, 6, 5, 8, 6, 5, 8, 6, 5, 8, 6, 5, 8, 6, 5]
100  3  [8, 6, 5, 8, 6, 5, 8, 6, 5, 8, 6, 5, 8, 6, 5, 8, 6, 5, 8]
