1  1  [1]
2  6  [15, 8, 6, 5, 169, 26]
3  6  [26, 15, 8, 6, 5, 169]
4  1  [4]
5  6  [26, 15, 8, 6, 5, 169]
6  6  [169, 26, 15, 8, 6, 5]
7  4  [7, 171, 25, 10]
8  6  [5, 169, 26, 15, 8, 6]
9  6  [5, 169, 26, 15, 8, 6]
10  4  [10, 7, 171, 25]
11  4  [10, 7, 171, 25]
12  4  [10, 7, 171, 25]
13  6  [169, 26, 15, 8, 6, 5]
14  6  [6, 5, 169, 26, 15, 8]
15  6  [6, 5, 169, 26, 15, 8]
16  6  [6, 5, 169, 26, 15, 8]
17  4  [171, 25, 10, 7]
18  6  [6, 5, 169, 26, 15, 8]
19  4  [7, 171, 25, 10]
20  6  [6, 5, 169, 26, 15, 8]
21  4  [25, 10, 7, 171]
22  6  [5, 169, 26, 15, 8, 6]
23  4  [7, 171, 25, 10]
24  6  [6, 5, 169, 26, 15, 8]
25  4  [25, 10, 7, 171]
26  6  [8, 6, 5, 169, 26, 15]
27  6  [6, 5, 169, 26, 15, 8]
28  4  [25, 10, 7, 171]
29  6  [26, 15, 8, 6, 5, 169]
30  4  [25, 10, 7, 171]
31  4  [7, 171, 25, 10]
32  4  [25, 10, 7, 171]
33  6  [8, 6, 5, 169, 26, 15]
34  4  [10, 7, 171, 25]
35  4  [25, 10, 7, 171]
36  4  [25, 10, 7, 171]
37  6  [26, 15, 8, 6, 5, 169]
38  4  [171, 25, 10, 7]
39  6  [8, 6, 5, 169, 26, 15]
40  4  [25, 10, 7, 171]
41  4  [10, 7, 171, 25]
42  4  [25, 10, 7, 171]
43  6  [5, 169, 26, 15, 8, 6]
44  6  [8, 6, 5, 169, 26, 15]
45  4  [25, 10, 7, 171]
46  4  [171, 25, 10, 7]
47  6  [26, 15, 8, 6, 5, 169]
48  4  [25, 10, 7, 171]
49  6  [8, 6, 5, 169, 26, 15]
50  4  [25, 10, 7, 171]
51  6  [8, 6, 5, 169, 26, 15]
52  4  [7, 171, 25, 10]
53  4  [10, 7, 171, 25]
54  4  [25, 10, 7, 171]
55  6  [8, 6, 5, 169, 26, 15]
56  6  [5, 169, 26, 15, 8, 6]
57  6  [6, 5, 169, 26, 15, 8]
58  4  [10, 7, 171, 25]
59  6  [169, 26, 15, 8, 6, 5]
60  4  [25, 10, 7, 171]
61  6  [15, 8, 6, 5, 169, 26]
62  6  [15, 8, 6, 5, 169, 26]
63  6  [5, 169, 26, 15, 8, 6]
64  4  [25, 10, 7, 171]
65  6  [8, 6, 5, 169, 26, 15]
66  6  [8, 6, 5, 169, 26, 15]
67  4  [7, 171, 25, 10]
68  4  [171, 25, 10, 7]
69  6  [15, 8, 6, 5, 169, 26]
70  6  [8, 6, 5, 169, 26, 15]
71  4  [25, 10, 7, 171]
72  4  [25, 10, 7, 171]
73  6  [15, 8, 6, 5, 169, 26]
74  6  [15, 8, 6, 5, 169, 26]
75  6  [5, 169, 26, 15, 8, 6]
76  4  [10, 7, 171, 25]
77  6  [8, 6, 5, 169, 26, 15]
78  6  [8, 6, 5, 169, 26, 15]
79  6  [15, 8, 6, 5, 169, 26]
80  6  [5, 169, 26, 15, 8, 6]
81  4  [25, 10, 7, 171]
82  6  [6, 5, 169, 26, 15, 8]
83  4  [7, 171, 25, 10]
84  6  [8, 6, 5, 169, 26, 15]
85  6  [6, 5, 169, 26, 15, 8]
86  4  [171, 25, 10, 7]
87  4  [171, 25, 10, 7]
88  4  [7, 171, 25, 10]
89  4  [171, 25, 10, 7]
90  6  [5, 169, 26, 15, 8, 6]
91  6  [8, 6, 5, 169, 26, 15]
92  6  [8, 6, 5, 169, 26, 15]
93  4  [25, 10, 7, 171]
94  6  [15, 8, 6, 5, 169, 26]
95  6  [8, 6, 5, 169, 26, 15]
96  6  [5, 169, 26, 15, 8, 6]
97  4  [7, 171, 25, 10]
98  6  [8, 6, 5, 169, 26, 15]
99  4  [7, 171, 25, 10]
100  6  [8, 6, 5, 169, 26, 15]
101  4  [171, 25, 10, 7]
102  6  [6, 5, 169, 26, 15, 8]
103  6  [26, 15, 8, 6, 5, 169]
104  4  [10, 7, 171, 25]
