1,1,0,[1],[0]
2,10,11,[5, 6, 7, 8, 10, 18, 30, 132, 760, 762],[1, 0, 1, 0, 0, 0, 0, 0, 0, 0]
3,10,6,[5, 6, 7, 8, 10, 18, 30, 132, 760, 762],[1, 0, 1, 0, 0, 0, 0, 0, 0, 0]
4,1,0,[4],[0]
5,10,0,[5, 6, 7, 8, 10, 18, 30, 132, 760, 762],[1, 0, 1, 0, 0, 0, 0, 0, 0, 0]
6,10,0,[5, 6, 7, 8, 10, 18, 30, 132, 760, 762],[1, 0, 1, 0, 0, 0, 0, 0, 0, 0]
7,10,0,[5, 6, 7, 8, 10, 18, 30, 132, 760, 762],[1, 0, 1, 0, 0, 0, 0, 0, 0, 0]
8,10,0,[5, 6, 7, 8, 10, 18, 30, 132, 760, 762],[1, 0, 1, 0, 0, 0, 0, 0, 0, 0]
9,10,1,[5, 6, 7, 8, 10, 18, 30, 132, 760, 762],[1, 0, 1, 0, 0, 0, 0, 0, 0, 0]
10,10,0,[5, 6, 7, 8, 10, 18, 30, 132, 760, 762],[1, 0, 1, 0, 0, 0, 0, 0, 0, 0]
11,7,0,[11, 23, 40, 385, 391, 766, 778],[1, 1, 0, 0, 0, 0, 0]
12,10,1,[5, 6, 7, 8, 10, 18, 30, 132, 760, 762],[1, 0, 1, 0, 0, 0, 0, 0, 0, 0]
13,10,7,[5, 6, 7, 8, 10, 18, 30, 132, 760, 762],[1, 0, 1, 0, 0, 0, 0, 0, 0, 0]
14,10,2,[5, 6, 7, 8, 10, 18, 30, 132, 760, 762],[1, 0, 1, 0, 0, 0, 0, 0, 0, 0]
15,10,1,[5, 6, 7, 8, 10, 18, 30, 132, 760, 762],[1, 0, 1, 0, 0, 0, 0, 0, 0, 0]
16,10,1,[5, 6, 7, 8, 10, 18, 30, 132, 760, 762],[1, 0, 1, 0, 0, 0, 0, 0, 0, 0]
17,10,4,[5, 6, 7, 8, 10, 18, 30, 132, 760, 762],[1, 0, 1, 0, 0, 0, 0, 0, 0, 0]
18,10,0,[5, 6, 7, 8, 10, 18, 30, 132, 760, 762],[1, 0, 1, 0, 0, 0, 0, 0, 0, 0]
19,10,5,[5, 6, 7, 8, 10, 18, 30, 132, 760, 762],[1, 0, 1, 0, 0, 0, 0, 0, 0, 0]
20,10,2,[5, 6, 7, 8, 10, 18, 30, 132, 760, 762],[1, 0, 1, 0, 0, 0, 0, 0, 0, 0]
21,10,1,[5, 6, 7, 8, 10, 18, 30, 132, 760, 762],[1, 0, 1, 0, 0, 0, 0, 0, 0, 0]
22,10,8,[5, 6, 7, 8, 10, 18, 30, 132, 760, 762],[1, 0, 1, 0, 0, 0, 0, 0, 0, 0]
23,7,0,[11, 23, 40, 385, 391, 766, 778],[1, 1, 0, 0, 0, 0, 0]
24,10,2,[5, 6, 7, 8, 10, 18, 30, 132, 760, 762],[1, 0, 1, 0, 0, 0, 0, 0, 0, 0]
25,10,1,[5, 6, 7, 8, 10, 18, 30, 132, 760, 762],[1, 0, 1, 0, 0, 0, 0, 0, 0, 0]
26,10,2,[5, 6, 7, 8, 10, 18, 30, 132, 760, 762],[1, 0, 1, 0, 0, 0, 0, 0, 0, 0]
27,10,2,[5, 6, 7, 8, 10, 18, 30, 132, 760, 762],[1, 0, 1, 0, 0, 0, 0, 0, 0, 0]
28,7,1,[11, 23, 40, 385, 391, 766, 778],[1, 1, 0, 0, 0, 0, 0]
29,10,10,[5, 6, 7, 8, 10, 18, 30, 132, 760, 762],[1, 0, 1, 0, 0, 0, 0, 0, 0, 0]
30,10,0,[5, 6, 7, 8, 10, 18, 30, 132, 760, 762],[1, 0, 1, 0, 0, 0, 0, 0, 0, 0]
31,7,3,[11, 23, 40, 385, 391, 766, 778],[1, 1, 0, 0, 0, 0, 0]
32,10,1,[5, 6, 7, 8, 10, 18, 30, 132, 760, 762],[1, 0, 1, 0, 0, 0, 0, 0, 0, 0]
33,10,3,[5, 6, 7, 8, 10, 18, 30, 132, 760, 762],[1, 0, 1, 0, 0, 0, 0, 0, 0, 0]
34,10,6,[5, 6, 7, 8, 10, 18, 30, 132, 760, 762],[1, 0, 1, 0, 0, 0, 0, 0, 0, 0]
35,10,2,[5, 6, 7, 8, 10, 18, 30, 132, 760, 762],[1, 0, 1, 0, 0, 0, 0, 0, 0, 0]
36,10,1,[5, 6, 7, 8, 10, 18, 30, 132, 760, 762],[1, 0, 1, 0, 0, 0, 0, 0, 0, 0]
37,7,2,[11, 23, 40, 385, 391, 766, 778],[1, 1, 0, 0, 0, 0, 0]
38,10,2,[5, 6, 7, 8, 10, 18, 30, 132, 760, 762],[1, 0, 1, 0, 0, 0, 0, 0, 0, 0]
39,10,2,[5, 6, 7, 8, 10, 18, 30, 132, 760, 762],[1, 0, 1, 0, 0, 0, 0, 0, 0, 0]
40,7,0,[11, 23, 40, 385, 391, 766, 778],[1, 1, 0, 0, 0, 0, 0]
41,10,4,[5, 6, 7, 8, 10, 18, 30, 132, 760, 762],[1, 0, 1, 0, 0, 0, 0, 0, 0, 0]
42,10,2,[5, 6, 7, 8, 10, 18, 30, 132, 760, 762],[1, 0, 1, 0, 0, 0, 0, 0, 0, 0]
43,7,5,[11, 23, 40, 385, 391, 766, 778],[1, 1, 0, 0, 0, 0, 0]
44,10,2,[5, 6, 7, 8, 10, 18, 30, 132, 760, 762],[1, 0, 1, 0, 0, 0, 0, 0, 0, 0]
45,7,1,[11, 23, 40, 385, 391, 766, 778],[1, 1, 0, 0, 0, 0, 0]
46,10,2,[5, 6, 7, 8, 10, 18, 30, 132, 760, 762],[1, 0, 1, 0, 0, 0, 0, 0, 0, 0]
47,10,5,[5, 6, 7, 8, 10, 18, 30, 132, 760, 762],[1, 0, 1, 0, 0, 0, 0, 0, 0, 0]
48,7,1,[11, 23, 40, 385, 391, 766, 778],[1, 1, 0, 0, 0, 0, 0]
49,10,3,[5, 6, 7, 8, 10, 18, 30, 132, 760, 762],[1, 0, 1, 0, 0, 0, 0, 0, 0, 0]
50,10,2,[5, 6, 7, 8, 10, 18, 30, 132, 760, 762],[1, 0, 1, 0, 0, 0, 0, 0, 0, 0]
51,10,3,[5, 6, 7, 8, 10, 18, 30, 132, 760, 762],[1, 0, 1, 0, 0, 0, 0, 0, 0, 0]
52,10,5,[5, 6, 7, 8, 10, 18, 30, 132, 760, 762],[1, 0, 1, 0, 0, 0, 0, 0, 0, 0]
53,10,8,[5, 6, 7, 8, 10, 18, 30, 132, 760, 762],[1, 0, 1, 0, 0, 0, 0, 0, 0, 0]
54,7,1,[11, 23, 40, 385, 391, 766, 778],[1, 1, 0, 0, 0, 0, 0]
55,10,2,[5, 6, 7, 8, 10, 18, 30, 132, 760, 762],[1, 0, 1, 0, 0, 0, 0, 0, 0, 0]
56,10,8,[5, 6, 7, 8, 10, 18, 30, 132, 760, 762],[1, 0, 1, 0, 0, 0, 0, 0, 0, 0]
57,10,9,[5, 6, 7, 8, 10, 18, 30, 132, 760, 762],[1, 0, 1, 0, 0, 0, 0, 0, 0, 0]
58,7,4,[11, 23, 40, 385, 391, 766, 778],[1, 1, 0, 0, 0, 0, 0]
59,10,4,[5, 6, 7, 8, 10, 18, 30, 132, 760, 762],[1, 0, 1, 0, 0, 0, 0, 0, 0, 0]
60,10,2,[5, 6, 7, 8, 10, 18, 30, 132, 760, 762],[1, 0, 1, 0, 0, 0, 0, 0, 0, 0]
61,7,3,[11, 23, 40, 385, 391, 766, 778],[1, 1, 0, 0, 0, 0, 0]
62,10,4,[5, 6, 7, 8, 10, 18, 30, 132, 760, 762],[1, 0, 1, 0, 0, 0, 0, 0, 0, 0]
63,10,8,[5, 6, 7, 8, 10, 18, 30, 132, 760, 762],[1, 0, 1, 0, 0, 0, 0, 0, 0, 0]
64,10,2,[5, 6, 7, 8, 10, 18, 30, 132, 760, 762],[1, 0, 1, 0, 0, 0, 0, 0, 0, 0]
65,10,1,[5, 6, 7, 8, 10, 18, 30, 132, 760, 762],[1, 0, 1, 0, 0, 0, 0, 0, 0, 0]
66,10,2,[5, 6, 7, 8, 10, 18, 30, 132, 760, 762],[1, 0, 1, 0, 0, 0, 0, 0, 0, 0]
67,10,8,[5, 6, 7, 8, 10, 18, 30, 132, 760, 762],[1, 0, 1, 0, 0, 0, 0, 0, 0, 0]
68,10,2,[5, 6, 7, 8, 10, 18, 30, 132, 760, 762],[1, 0, 1, 0, 0, 0, 0, 0, 0, 0]
69,10,3,[5, 6, 7, 8, 10, 18, 30, 132, 760, 762],[1, 0, 1, 0, 0, 0, 0, 0, 0, 0]
70,10,3,[5, 6, 7, 8, 10, 18, 30, 132, 760, 762],[1, 0, 1, 0, 0, 0, 0, 0, 0, 0]
71,10,4,[5, 6, 7, 8, 10, 18, 30, 132, 760, 762],[1, 0, 1, 0, 0, 0, 0, 0, 0, 0]
72,10,2,[5, 6, 7, 8, 10, 18, 30, 132, 760, 762],[1, 0, 1, 0, 0, 0, 0, 0, 0, 0]
73,10,5,[5, 6, 7, 8, 10, 18, 30, 132, 760, 762],[1, 0, 1, 0, 0, 0, 0, 0, 0, 0]
74,10,3,[5, 6, 7, 8, 10, 18, 30, 132, 760, 762],[1, 0, 1, 0, 0, 0, 0, 0, 0, 0]
75,10,8,[5, 6, 7, 8, 10, 18, 30, 132, 760, 762],[1, 0, 1, 0, 0, 0, 0, 0, 0, 0]
76,7,1,[11, 23, 40, 385, 391, 766, 778],[1, 1, 0, 0, 0, 0, 0]
77,10,1,[5, 6, 7, 8, 10, 18, 30, 132, 760, 762],[1, 0, 1, 0, 0, 0, 0, 0, 0, 0]
78,10,1,[5, 6, 7, 8, 10, 18, 30, 132, 760, 762],[1, 0, 1, 0, 0, 0, 0, 0, 0, 0]
79,10,5,[5, 6, 7, 8, 10, 18, 30, 132, 760, 762],[1, 0, 1, 0, 0, 0, 0, 0, 0, 0]
80,10,8,[5, 6, 7, 8, 10, 18, 30, 132, 760, 762],[1, 0, 1, 0, 0, 0, 0, 0, 0, 0]
81,10,2,[5, 6, 7, 8, 10, 18, 30, 132, 760, 762],[1, 0, 1, 0, 0, 0, 0, 0, 0, 0]
82,7,6,[11, 23, 40, 385, 391, 766, 778],[1, 1, 0, 0, 0, 0, 0]
83,7,4,[11, 23, 40, 385, 391, 766, 778],[1, 1, 0, 0, 0, 0, 0]
84,10,3,[5, 6, 7, 8, 10, 18, 30, 132, 760, 762],[1, 0, 1, 0, 0, 0, 0, 0, 0, 0]
85,10,9,[5, 6, 7, 8, 10, 18, 30, 132, 760, 762],[1, 0, 1, 0, 0, 0, 0, 0, 0, 0]
86,7,2,[11, 23, 40, 385, 391, 766, 778],[1, 1, 0, 0, 0, 0, 0]
87,10,2,[5, 6, 7, 8, 10, 18, 30, 132, 760, 762],[1, 0, 1, 0, 0, 0, 0, 0, 0, 0]
88,10,5,[5, 6, 7, 8, 10, 18, 30, 132, 760, 762],[1, 0, 1, 0, 0, 0, 0, 0, 0, 0]
89,7,4,[11, 23, 40, 385, 391, 766, 778],[1, 1, 0, 0, 0, 0, 0]
90,10,8,[5, 6, 7, 8, 10, 18, 30, 132, 760, 762],[1, 0, 1, 0, 0, 0, 0, 0, 0, 0]
91,10,3,[5, 6, 7, 8, 10, 18, 30, 132, 760, 762],[1, 0, 1, 0, 0, 0, 0, 0, 0, 0]
92,10,3,[5, 6, 7, 8, 10, 18, 30, 132, 760, 762],[1, 0, 1, 0, 0, 0, 0, 0, 0, 0]
93,10,7,[5, 6, 7, 8, 10, 18, 30, 132, 760, 762],[1, 0, 1, 0, 0, 0, 0, 0, 0, 0]
94,10,4,[5, 6, 7, 8, 10, 18, 30, 132, 760, 762],[1, 0, 1, 0, 0, 0, 0, 0, 0, 0]
95,10,3,[5, 6, 7, 8, 10, 18, 30, 132, 760, 762],[1, 0, 1, 0, 0, 0, 0, 0, 0, 0]
96,10,8,[5, 6, 7, 8, 10, 18, 30, 132, 760, 762],[1, 0, 1, 0, 0, 0, 0, 0, 0, 0]
97,10,3,[5, 6, 7, 8, 10, 18, 30, 132, 760, 762],[1, 0, 1, 0, 0, 0, 0, 0, 0, 0]
98,10,2,[5, 6, 7, 8, 10, 18, 30, 132, 760, 762],[1, 0, 1, 0, 0, 0, 0, 0, 0, 0]
99,10,5,[5, 6, 7, 8, 10, 18, 30, 132, 760, 762],[1, 0, 1, 0, 0, 0, 0, 0, 0, 0]
100,10,3,[5, 6, 7, 8, 10, 18, 30, 132, 760, 762],[1, 0, 1, 0, 0, 0, 0, 0, 0, 0]
